 -0.250000000       3.08289827E-07
  0.250000000       3.08289827E-07
  0.750000000      -1.43000143E-05
   1.25000000       1.42694507E-05
   1.75000000      -2.69249249E-05
   2.25000000       2.48947526E-05
   2.75000000      -3.48244939E-05
   3.25000000       2.90321568E-05
   3.75000000      -3.47194000E-05
   4.25000000       2.37717322E-05
   4.75000000      -2.51086021E-05
   5.25000000       1.01515543E-05
   5.75000000      -9.87685871E-06
   6.25000000      -4.57308806E-06
   6.75000000       3.44003865E-07
   7.25000000      -8.20286732E-06
   7.75000000      -5.60012631E-06
   8.25000000       6.16551142E-06
   8.75000000      -2.67595296E-05
   9.25000000       2.76642313E-05
   9.75000000      -4.30199871E-05
   10.2500000       3.08410999E-05
   10.7500000      -3.10254472E-05
   11.2500000       4.09357790E-06
   11.7500000       1.01174805E-07
   12.2500000      -2.11132392E-05
   12.7500000       5.81526683E-06
   13.2500000      -5.46765659E-06
   13.7500000      -2.54106963E-05
   14.2500000       1.93915839E-05
   14.7500000      -2.58960281E-05
   15.2500000      -1.66089958E-05
   15.7500000       2.99421390E-05
   16.2500000      -6.23831220E-05
   16.7500000       2.85067599E-05
   17.2500000      -1.18545204E-05
   17.7500000      -3.98524207E-05
   18.2500000       1.38524383E-05
   18.7500000      -1.89709260E-06
   19.2500000      -5.10663376E-05
   19.7500000       1.17982029E-06
   20.2500000       3.64636580E-05
   20.7500000      -9.94940419E-05
   21.2500000       8.59349439E-06
   21.7500000       5.79230473E-05
   22.2500000      -9.26888824E-05
   22.7500000      -5.89272713E-05
   23.2500000       7.39814059E-05
   23.7500000       1.22544385E-04
   24.2500000       1.83667980E-05
   24.7500000       4.47271566E-04
   25.2500000       2.04000529E-03
   25.7500000       4.59904829E-03
   26.2500000       8.04226194E-03
   26.7500000       1.20554790E-02
   27.2500000       1.63409058E-02
   27.7500000       2.10608114E-02
   28.2500000       2.59367954E-02
   28.7500000       3.09561957E-02
   29.2500000       3.62975411E-02
   29.7500000       4.16024886E-02
   30.2500000       4.70840707E-02
   30.7500000       5.27644008E-02
   31.2500000       5.83208315E-02
   31.7500000       6.41054139E-02
   32.2500000       6.99500218E-02
   32.7500000       7.57047310E-02
   33.2500000       8.15654472E-02
   33.7500000       8.76222178E-02
   34.2500000       9.34432745E-02
   34.7500000       9.89877805E-02
   35.2500000      0.105952911    
   35.7500000      0.110883288    
   36.2500000      0.115957558    
   36.7500000      0.125779644    
   37.2500000      0.126248032    
   37.7500000      0.132663950    
   38.2500000      0.148694798    
   38.7500000      0.135776430    
   39.2500000      0.150476858    
   39.7500000      0.176865205    
   40.2500000      0.133899093    
   40.7500000      0.170407176    
   41.2500000      0.213293120    
   41.7500000      0.116652906    
   42.2500000      0.185806423    
   42.7500000      0.262475789    
   43.2500000       9.10688639E-02
   43.7500000      0.171378791    
   44.2500000      0.322688192    
   44.7500000       8.35577250E-02
   45.2500000      -8.92289355E-03
   45.7500000      -6.00640255E-04
   46.2500000       2.90339609E-04
   46.7500000      -3.16782498E-05
   47.2500000      -6.40889255E-07
   47.7500000       1.49639231E-06
   48.2500000      -2.06940683E-07
   48.7500000      -5.01860740E-08
   49.2500000       6.50863807E-09
   49.7500000       2.48812482E-09
   50.2500000       6.64021615E-12
   50.7500000      -1.54691843E-10
   51.2500000      -1.09007933E-11
   51.7500000       9.12683644E-12
   52.2500000       7.33683242E-13
   52.7500000      -5.02778266E-13
   53.2500000      -3.21497047E-14
   53.7500000       2.65230072E-14
   54.2500000       7.50030099E-16
   54.7500000      -1.32624332E-15
   55.2500000       3.04152061E-17
   55.7500000       6.02485403E-17
   56.2500000      -5.35926927E-18
   56.7500000      -2.31347404E-18
   57.2500000       4.20794274E-19
   57.7500000       6.37017089E-20
   58.2500000      -2.37446331E-20
   58.7500000      -3.31389637E-22
   59.2500000       1.00860852E-21
   59.7500000      -9.60222257E-23
   60.2500000      -2.92147063E-23
   60.7500000       7.20443236E-24
   61.2500000       2.46482942E-25
   61.7500000      -3.05274922E-25
   62.2500000       3.05570449E-26
   62.7500000       7.20527601E-27
   63.2500000      -2.10998202E-27
   63.7500000       3.78960902E-29
   64.2500000       6.97775373E-29
   64.7500000      -1.16428634E-29
   65.2500000      -6.76146043E-31
   65.7500000       5.05038170E-31
   66.2500000      -5.59643221E-32
   66.7500000      -8.12493687E-33
   67.2500000       3.18135203E-33
   67.7500000      -2.53837788E-34
   68.2500000      -6.17947795E-35
   68.7500000       1.86570067E-35
   69.2500000      -1.20768018E-36
   69.7500000      -3.84221869E-37
   70.2500000       1.05385794E-37
   70.7500000      -6.66863646E-39
   71.2500000      -2.07026714E-39
   71.7500000       5.79450928E-40
   72.2500000      -4.28012603E-41
   72.7500000      -9.62271655E-42
   73.2500000       3.07585013E-42
   73.7500000      -2.90068782E-43
   74.2500000      -3.50324616E-44
   74.7500000       1.54142831E-44
   75.2500000       0.00000000    
   75.7500000       0.00000000    
   76.2500000       0.00000000    
   76.7500000       0.00000000    
   77.2500000       0.00000000    
   77.7500000       0.00000000    
   78.2500000       0.00000000    
   78.7500000       0.00000000    
   79.2500000       0.00000000    
   79.7500000       0.00000000    
   80.2500000       0.00000000    
   80.7500000       0.00000000    
   81.2500000       0.00000000    
   81.7500000       0.00000000    
   82.2500000       0.00000000    
   82.7500000       0.00000000    
   83.2500000       0.00000000    
   83.7500000       0.00000000    
   84.2500000       0.00000000    
   84.7500000       0.00000000    
   85.2500000       0.00000000    
   85.7500000       0.00000000    
   86.2500000       0.00000000    
   86.7500000       0.00000000    
   87.2500000       0.00000000    
   87.7500000       0.00000000    
   88.2500000       0.00000000    
   88.7500000       0.00000000    
   89.2500000       0.00000000    
   89.7500000       0.00000000    
   90.2500000       0.00000000    
   90.7500000       0.00000000    
   91.2500000       0.00000000    
   91.7500000       0.00000000    
   92.2500000       0.00000000    
   92.7500000       0.00000000    
   93.2500000       0.00000000    
   93.7500000       0.00000000    
   94.2500000       0.00000000    
   94.7500000       0.00000000    
   95.2500000       0.00000000    
   95.7500000       0.00000000    
   96.2500000       0.00000000    
   96.7500000       0.00000000    
   97.2500000       0.00000000    
   97.7500000       0.00000000    
   98.2500000       0.00000000    
   98.7500000       0.00000000    
   99.2500000       0.00000000    
   99.7500000       0.00000000    
   100.250000       0.00000000    
