   0.00000000       0.00000000    
  0.500000000       3.59386650E-06
   1.00000000      -6.74326202E-06
   1.50000000       1.14740942E-05
   2.00000000      -1.50639971E-05
   2.50000000       2.10557064E-05
   3.00000000      -2.41065700E-05
   3.50000000       2.98183986E-05
   4.00000000      -2.98027953E-05
   4.50000000       3.22628111E-05
   5.00000000      -2.65720482E-05
   5.50000000       2.35165917E-05
   6.00000000      -1.13809501E-05
   6.50000000       5.04015406E-06
   7.00000000       8.90235970E-06
   7.50000000      -1.11943737E-05
   8.00000000       1.79822491E-05
   8.50000000      -7.91370439E-06
   9.00000000       2.83234840E-06
   9.50000000       1.87086116E-05
   10.0000000      -2.68220138E-05
   10.5000000       4.39876130E-05
   11.0000000      -3.63099207E-05
   11.5000000       3.46168017E-05
   12.0000000      -8.13703628E-06
   12.5000000       8.40853318E-07
   13.0000000       1.73153785E-05
   13.5000000       1.03847015E-06
   14.0000000      -8.89076182E-06
   14.5000000       4.27561972E-05
   15.0000000      -3.61452840E-05
   15.5000000       3.33871249E-05
   16.0000000       1.91950458E-05
   16.5000000      -3.79198646E-05
   17.0000000       6.47251436E-05
   17.5000000      -1.90029023E-05
   18.0000000      -1.92884181E-06
   18.5000000       4.02804544E-05
   19.0000000       1.16780611E-05
   19.5000000      -3.36066587E-05
   20.0000000       6.19798884E-05
   20.5000000       3.39184007E-05
   21.0000000      -7.97784378E-05
   21.5000000       9.09929877E-05
   22.0000000       5.62572968E-05
   22.5000000      -7.56117661E-05
   23.0000000       8.62064189E-06
   23.5000000       1.47343104E-04
   24.0000000       1.45620084E-04
   24.5000000       5.27084485E-05
   25.0000000       7.46990787E-04
   25.5000000       2.61393795E-03
   26.0000000       5.38810669E-03
   26.5000000       9.02247801E-03
   27.0000000       1.30775794E-02
   27.5000000       1.74203664E-02
   28.0000000       2.21776590E-02
   28.5000000       2.69835591E-02
   29.0000000       3.20127234E-02
   29.5000000       3.72839421E-02
   30.0000000       4.24617231E-02
   30.5000000       4.79062945E-02
   31.0000000       5.34117259E-02
   31.5000000       5.88159002E-02
   32.0000000       6.44851252E-02
   32.5000000       7.00926855E-02
   33.0000000       7.56478310E-02
   33.5000000       8.13027695E-02
   34.0000000       8.71659592E-02
   34.5000000       9.25325528E-02
   35.0000000       9.80162323E-02
   35.5000000      0.104837961    
   36.0000000      0.108534440    
   36.5000000      0.114717171    
   37.0000000      0.123653337    
   37.5000000      0.121517241    
   38.0000000      0.132737085    
   38.5000000      0.144112006    
   39.0000000      0.127606511    
   39.5000000      0.155177742    
   40.0000000      0.166387796    
   40.5000000      0.121392198    
   41.0000000      0.184793591    
   41.5000000      0.191936404    
   42.0000000       9.80337709E-02
   42.5000000      0.215551436    
   43.0000000      0.227684528    
   43.5000000       6.11333773E-02
   44.0000000      0.218161136    
   44.5000000      0.283746481    
   45.0000000       3.39616872E-02
   45.5000000      -9.70061589E-03
   46.0000000       5.60339598E-04
   46.5000000       1.41714452E-04
   47.0000000      -3.53243595E-05
   47.5000000       3.49938023E-06
   48.0000000       6.93301104E-07
   48.5000000      -2.40361572E-07
   49.0000000      -1.48385686E-08
   49.5000000       7.40516271E-09
   50.0000000       1.34566536E-09
   50.5000000      -1.90560262E-10
   51.0000000      -1.11409854E-10
   51.5000000       6.12390434E-12
   52.0000000       7.00682828E-12
   52.5000000      -3.15636731E-13
   53.0000000      -3.81791549E-13
   53.5000000       2.31365898E-14
   54.0000000       1.89838041E-14
   54.5000000      -1.82925998E-15
   55.0000000      -8.48210694E-16
   55.5000000       1.32273578E-16
   56.0000000       3.17376760E-17
   56.5000000      -8.24318154E-18
   57.0000000      -8.07533315E-19
   57.5000000       4.30395669E-19
   58.0000000      -3.02009781E-21
   58.5000000      -1.80458126E-20
   59.0000000       1.92898499E-21
   59.5000000       5.40060991E-22
   60.0000000      -1.37664180E-22
   60.5000000      -5.71696964E-24
   61.0000000       6.09248716E-24
   61.5000000      -5.32765742E-25
   62.0000000      -1.64506502E-25
   62.5000000       4.17480937E-26
   63.0000000       4.56961353E-28
   63.5000000      -1.59549776E-27
   64.0000000       2.10782103E-28
   64.5000000       2.63998653E-29
   65.0000000      -1.13877605E-29
   65.5000000       8.05961245E-31
   66.0000000       2.69167188E-31
   66.5000000      -6.99622440E-32
   67.0000000       2.09102151E-33
   67.5000000       2.00377081E-33
   68.0000000      -4.00187593E-34
   68.5000000       1.20895978E-36
   69.0000000       1.28116113E-35
   69.5000000      -2.24128977E-36
   70.0000000      -1.90694973E-38
   70.5000000       7.42803597E-38
   71.0000000      -1.26225322E-38
   71.5000000      -3.97478309E-41
   72.0000000       3.96515617E-40
   72.5000000      -7.15264775E-41
   73.0000000       1.21072187E-42
   73.5000000       1.93098928E-42
   74.0000000      -3.99370062E-43
   74.5000000       1.82168800E-44
   75.0000000       7.00649232E-45
   75.5000000       0.00000000    
   76.0000000       0.00000000    
   76.5000000       0.00000000    
   77.0000000       0.00000000    
   77.5000000       0.00000000    
   78.0000000       0.00000000    
   78.5000000       0.00000000    
   79.0000000       0.00000000    
   79.5000000       0.00000000    
   80.0000000       0.00000000    
   80.5000000       0.00000000    
   81.0000000       0.00000000    
   81.5000000       0.00000000    
   82.0000000       0.00000000    
   82.5000000       0.00000000    
   83.0000000       0.00000000    
   83.5000000       0.00000000    
   84.0000000       0.00000000    
   84.5000000       0.00000000    
   85.0000000       0.00000000    
   85.5000000       0.00000000    
   86.0000000       0.00000000    
   86.5000000       0.00000000    
   87.0000000       0.00000000    
   87.5000000       0.00000000    
   88.0000000       0.00000000    
   88.5000000       0.00000000    
   89.0000000       0.00000000    
   89.5000000       0.00000000    
   90.0000000       0.00000000    
   90.5000000       0.00000000    
   91.0000000       0.00000000    
   91.5000000       0.00000000    
   92.0000000       0.00000000    
   92.5000000       0.00000000    
   93.0000000       0.00000000    
   93.5000000       0.00000000    
   94.0000000       0.00000000    
   94.5000000       0.00000000    
   95.0000000       0.00000000    
   95.5000000       0.00000000    
   96.0000000       0.00000000    
   96.5000000       0.00000000    
   97.0000000       0.00000000    
   97.5000000       0.00000000    
   98.0000000       0.00000000    
   98.5000000       0.00000000    
   99.0000000       0.00000000    
   99.5000000       0.00000000    
   100.000000       0.00000000    
