 -0.500000000       6.98942722E-06
  0.500000000       6.98942722E-06
   1.50000000      -2.07554785E-05
   2.50000000       3.37210731E-05
   3.50000000      -4.53736575E-05
   4.50000000       5.51092890E-05
   5.50000000      -6.23620435E-05
   6.50000000       6.64552499E-05
   7.50000000      -6.68059947E-05
   8.50000000       6.29939168E-05
   9.50000000      -5.45916446E-05
   10.5000000       4.17896299E-05
   11.5000000      -2.49511213E-05
   12.5000000       5.01362956E-06
   13.5000000       1.65332749E-05
   14.5000000      -3.76774042E-05
   15.5000000       5.61201741E-05
   16.5000000      -6.93446491E-05
   17.5000000       7.52313063E-05
   18.5000000      -7.24686615E-05
   19.5000000       6.09812923E-05
   20.5000000      -4.23947567E-05
   21.5000000       2.01584153E-05
   22.5000000       7.67257916E-07
   23.5000000      -1.46612729E-05
   24.5000000       1.65724159E-05
   25.5000000      -3.59653859E-06
   26.5000000      -2.33796709E-05
   27.5000000       5.88595067E-05
   28.5000000      -9.30849928E-05
   29.5000000       1.13918504E-04
   30.5000000      -1.10503097E-04
   31.5000000       7.74151777E-05
   32.5000000      -1.83580414E-05
   33.5000000      -5.26871881E-05
   34.5000000       1.14274197E-04
   35.5000000      -1.44358317E-04
   36.5000000       1.29945634E-04
   37.5000000      -7.47520244E-05
   38.5000000       9.77801392E-07
   39.5000000       5.83301735E-05
   40.5000000      -7.53495551E-05
   41.5000000       4.45225669E-05
   42.5000000       9.81167614E-06
   43.5000000      -4.38497445E-05
   44.5000000       2.23193128E-05
   45.5000000       5.11577236E-05
   46.5000000      -1.25051301E-04
   47.5000000       1.28172192E-04
   48.5000000      -2.66956340E-05
   49.5000000      -1.30344648E-04
   50.5000000       2.26529446E-04
   51.5000000      -1.65141813E-04
   52.5000000      -2.97880470E-05
   53.5000000       2.01411269E-04
   54.5000000      -1.88330552E-04
   55.5000000       1.56110036E-06
   56.5000000       1.47319282E-04
   57.5000000      -6.78393117E-05
   58.5000000      -1.37409836E-04
   59.5000000       1.34649104E-04
   60.5000000       1.75877649E-04
   61.5000000      -3.64574487E-04
   62.5000000      -8.30346835E-06
   63.5000000       5.32395788E-04
   64.5000000      -2.71573866E-04
   65.5000000      -5.54743456E-04
   66.5000000       3.68597161E-04
   67.5000000       8.13145656E-04
   68.5000000      -3.57810059E-05
   69.5000000      -1.25176751E-03
   70.5000000       1.17343897E-03
   71.5000000       1.13376612E-02
   72.5000000       2.94788741E-02
   73.5000000       5.44738434E-02
   74.5000000       8.45102742E-02
   75.5000000      0.115775868    
   76.5000000      0.145228982    
   77.5000000      0.170822412    
   78.5000000      0.189314947    
   79.5000000      0.198545575    
   80.5000000      0.198673040    
   81.5000000      0.189415842    
   82.5000000      0.170630366    
   83.5000000      0.144932732    
   84.5000000      0.115772948    
   85.5000000       8.48752633E-02
   86.5000000       5.42781353E-02
   87.5000000       2.83135679E-02
   88.5000000       1.09801628E-02
   89.5000000       2.53545865E-03
   90.5000000      -8.16467800E-05
   91.5000000      -3.13817640E-04
   92.5000000      -1.03808299E-04
   93.5000000      -1.72248747E-06
   94.5000000       8.98630060E-06
   95.5000000       2.21266714E-06
   96.5000000      -2.97699273E-07
   97.5000000      -2.23155183E-07
   98.5000000      -1.07092264E-08
   99.5000000       1.69273413E-08
   100.500000       1.69273413E-08
