   0.00000000       0.00000000    
   1.00000000       1.55894577E-05
   2.00000000      -3.12486227E-05
   3.00000000       4.69915794E-05
   4.00000000      -6.27972186E-05
   5.00000000       7.83946525E-05
   6.00000000      -9.33972988E-05
   7.00000000       1.07037573E-04
   8.00000000      -1.18539647E-04
   9.00000000       1.26836982E-04
   10.0000000      -1.30861998E-04
   11.0000000       1.29550637E-04
   12.0000000      -1.22135287E-04
   13.0000000       1.08196793E-04
   14.0000000      -8.80396256E-05
   15.0000000       6.27668560E-05
   16.0000000      -3.44724976E-05
   17.0000000       6.04920933E-06
   18.0000000       1.89970306E-05
   19.0000000      -3.69208137E-05
   20.0000000       4.48019673E-05
   21.0000000      -4.09221939E-05
   22.0000000       2.58305809E-05
   23.0000000      -2.80767563E-06
   24.0000000      -2.21131922E-05
   25.0000000       4.12341251E-05
   26.0000000      -4.65881421E-05
   27.0000000       3.24345056E-05
   28.0000000       2.35396146E-06
   29.0000000      -5.23540657E-05
   30.0000000       1.05570922E-04
   31.0000000      -1.45510960E-04
   32.0000000       1.56052207E-04
   33.0000000      -1.27351886E-04
   34.0000000       6.17524420E-05
   35.0000000       2.42076494E-05
   36.0000000      -1.03116341E-04
   37.0000000       1.46339094E-04
   38.0000000      -1.36750503E-04
   39.0000000       7.94491643E-05
   40.0000000      -3.24315624E-06
   41.0000000      -5.13025188E-05
   42.0000000       5.39504472E-05
   43.0000000      -6.33821764E-06
   44.0000000      -5.25185460E-05
   45.0000000       6.66697306E-05
   46.0000000      -4.01449506E-06
   47.0000000      -1.08738677E-04
   48.0000000       1.88450766E-04
   49.0000000      -1.50300635E-04
   50.0000000      -1.45851373E-05
   51.0000000       2.03320014E-04
   52.0000000      -2.61491747E-04
   53.0000000       1.18582975E-04
   54.0000000       1.16827097E-04
   55.0000000      -2.25647585E-04
   56.0000000       9.79279866E-05
   57.0000000       1.10278954E-04
   58.0000000      -1.17778516E-04
   59.0000000      -1.12642039E-04
   60.0000000       2.32090650E-04
   61.0000000       6.08231057E-05
   62.0000000      -4.43722180E-04
   63.0000000       2.34926789E-04
   64.0000000       4.67289763E-04
   65.0000000      -5.24020696E-04
   66.0000000      -4.04251798E-04
   67.0000000       6.07873895E-04
   68.0000000       7.69438164E-04
   69.0000000      -4.11292072E-04
   70.0000000      -1.35668868E-03
   71.0000000       2.65712105E-03
   72.0000000       1.49364201E-02
   73.0000000       3.49123068E-02
   74.0000000       6.15030825E-02
   75.0000000       9.23646986E-02
   76.0000000      0.123449460    
   77.0000000      0.152238011    
   78.0000000      0.176496953    
   79.0000000      0.192798972    
   80.0000000      0.199697003    
   81.0000000      0.197578579    
   82.0000000      0.185851753    
   83.0000000      0.164883688    
   84.0000000      0.137958929    
   85.0000000      0.108214498    
   86.0000000       7.70278797E-02
   87.0000000       4.69685718E-02
   88.0000000       2.27932781E-02
   89.0000000       7.85662793E-03
   90.0000000       1.33436325E-03
   91.0000000      -3.08780320E-04
   92.0000000      -2.69070675E-04
   93.0000000      -6.06515532E-05
   94.0000000       7.89475507E-06
   95.0000000       7.50334675E-06
   96.0000000       9.72244038E-07
   97.0000000      -4.27848050E-07
   98.0000000      -1.43885671E-07
   99.0000000       1.17538539E-08
   100.000000       0.00000000    
