 -0.250000000      -1.65209178E-06
  0.250000000      -1.65209178E-06
  0.750000000      -7.11595612E-06
   1.25000000       2.64457549E-06
   1.75000000      -9.42413317E-06
   2.25000000       2.11027736E-06
   2.75000000      -5.71382816E-06
   3.25000000      -4.51167398E-06
   3.75000000       2.65907124E-06
   4.25000000      -1.36905437E-05
   4.75000000       1.01324849E-05
   5.25000000      -1.78182872E-05
   5.75000000       8.41308338E-06
   6.25000000      -9.59467798E-06
   6.75000000      -6.51752816E-06
   7.25000000       9.06379955E-06
   7.75000000      -2.57109568E-05
   8.25000000       2.25482127E-05
   8.75000000      -2.92141413E-05
   9.25000000       1.19023343E-05
   9.75000000      -6.20649871E-06
   10.2500000      -1.90436222E-05
   10.7500000       2.12199411E-05
   11.2500000      -3.37603524E-05
   11.7500000       1.48842491E-05
   12.2500000      -9.78005482E-06
   12.7500000      -1.64788071E-05
   13.2500000       8.17475848E-06
   13.7500000      -7.79355378E-06
   14.2500000      -3.02831450E-05
   14.7500000       3.88123772E-05
   15.2500000      -5.54435428E-05
   15.7500000       1.52505827E-05
   16.2500000       8.28605152E-06
   16.7500000      -5.08772100E-05
   17.2500000       2.25698241E-05
   17.7500000      -3.53785890E-06
   18.2500000      -4.12137852E-05
   18.7500000      -4.95610311E-06
   19.2500000       4.11640940E-05
   19.7500000      -8.48023483E-05
   20.2500000      -7.45515626E-06
   20.7500000       7.42447373E-05
   21.2500000      -8.98296712E-05
   21.7500000      -5.92224242E-05
   22.2500000       7.98491164E-05
   22.7500000       1.18742500E-04
   23.2500000       3.66138338E-05
   23.7500000       4.48176463E-04
   24.2500000       2.05192575E-03
   24.7500000       4.65629809E-03
   25.2500000       8.12855083E-03
   25.7500000       1.22175934E-02
   26.2500000       1.65754147E-02
   26.7500000       2.13615466E-02
   27.2500000       2.63426285E-02
   27.7500000       3.14451680E-02
   28.2500000       3.68808359E-02
   28.7500000       4.23000678E-02
   29.2500000       4.78731915E-02
   29.7500000       5.36660701E-02
   30.2500000       5.93302287E-02
   30.7500000       6.52225167E-02
   31.2500000       7.11826384E-02
   31.7500000       7.70215690E-02
   32.2500000       8.30413625E-02
   32.7500000       8.91665667E-02
   33.2500000       9.50261429E-02
   33.7500000      0.100916125    
   34.2500000      0.107688449    
   34.7500000      0.112635680    
   35.2500000      0.118681557    
   35.7500000      0.127204299    
   36.2500000      0.128065512    
   36.7500000      0.137236044    
   37.2500000      0.148155004    
   37.7500000      0.137778431    
   38.2500000      0.159578100    
   38.7500000      0.170177445    
   39.2500000      0.136487931    
   39.7500000      0.189977527    
   40.2500000      0.192896321    
   40.7500000      0.118278533    
   41.2500000      0.226985320    
   41.7500000      0.221224174    
   42.2500000       8.13219175E-02
   42.7500000      0.245366976    
   43.2500000      0.269888788    
   43.7500000       3.23989652E-02
   44.2500000      -7.08494009E-03
   44.7500000       2.13172403E-04
   45.2500000       1.13782306E-04
   45.7500000      -2.44452676E-05
   46.2500000       2.54865517E-06
   46.7500000       8.04504907E-07
   47.2500000      -1.86250247E-07
   47.7500000      -3.46381945E-08
   48.2500000       4.82270224E-09
   48.7500000       2.29286501E-09
   49.2500000      -1.38797307E-11
   49.7500000      -1.47532833E-10
   50.2500000      -5.84271867E-12
   50.7500000       8.49635293E-12
   51.2500000       3.77928158E-13
   51.7500000      -4.57309266E-13
   52.2500000      -1.18100787E-14
   52.7500000       2.34061156E-14
   53.2500000      -2.81367404E-16
   53.7500000      -1.11307446E-15
   54.2500000       7.40928637E-17
   54.7500000       4.65924402E-17
   55.2500000      -6.62098151E-18
   55.7500000      -1.54577092E-18
   56.2500000       4.17218863E-19
   56.7500000       2.79980152E-20
   57.2500000      -2.01382678E-20
   57.7500000       9.05670884E-22
   58.2500000       7.16316852E-22
   58.7500000      -1.16523515E-22
   59.2500000      -1.43849985E-23
   59.7500000       6.24343845E-24
   60.2500000      -2.39958742E-25
   60.7500000      -2.02727108E-25
   61.2500000       3.60305778E-26
   61.7500000       2.43337628E-27
   62.2500000      -1.64118062E-27
   62.7500000       1.50833453E-28
   63.2500000       3.53590928E-29
   63.7500000      -1.05761788E-29
   64.2500000       4.14416114E-31
   64.7500000       2.94059998E-31
   65.2500000      -6.08301752E-32
   65.7500000       9.30675612E-35
   66.2500000       1.98524870E-33
   66.7500000      -3.34769541E-34
   67.2500000      -7.28725280E-36
   67.7500000       1.19418646E-35
   68.2500000      -1.84531484E-36
   68.7500000      -4.97820472E-38
   69.2500000       6.61971321E-38
   69.7500000      -1.03718942E-38
   70.2500000      -1.37178712E-40
   70.7500000       3.39339837E-40
   71.2500000      -5.87424316E-41
   71.7500000       8.67403749E-43
   72.2500000       1.57365818E-42
   72.7500000      -3.22298647E-43
   73.2500000       1.68155816E-44
   73.7500000       5.60519386E-45
   74.2500000      -1.40129846E-45
   74.7500000       0.00000000    
   75.2500000       0.00000000    
   75.7500000       0.00000000    
   76.2500000       0.00000000    
   76.7500000       0.00000000    
   77.2500000       0.00000000    
   77.7500000       0.00000000    
   78.2500000       0.00000000    
   78.7500000       0.00000000    
   79.2500000       0.00000000    
   79.7500000       0.00000000    
   80.2500000       0.00000000    
   80.7500000       0.00000000    
   81.2500000       0.00000000    
   81.7500000       0.00000000    
   82.2500000       0.00000000    
   82.7500000       0.00000000    
   83.2500000       0.00000000    
   83.7500000       0.00000000    
   84.2500000       0.00000000    
   84.7500000       0.00000000    
   85.2500000       0.00000000    
   85.7500000       0.00000000    
   86.2500000       0.00000000    
   86.7500000       0.00000000    
   87.2500000       0.00000000    
   87.7500000       0.00000000    
   88.2500000       0.00000000    
   88.7500000       0.00000000    
   89.2500000       0.00000000    
   89.7500000       0.00000000    
   90.2500000       0.00000000    
   90.7500000       0.00000000    
   91.2500000       0.00000000    
   91.7500000       0.00000000    
   92.2500000       0.00000000    
   92.7500000       0.00000000    
   93.2500000       0.00000000    
   93.7500000       0.00000000    
   94.2500000       0.00000000    
   94.7500000       0.00000000    
   95.2500000       0.00000000    
   95.7500000       0.00000000    
   96.2500000       0.00000000    
   96.7500000       0.00000000    
   97.2500000       0.00000000    
   97.7500000       0.00000000    
   98.2500000       0.00000000    
   98.7500000       0.00000000    
   99.2500000       0.00000000    
   99.7500000       0.00000000    
   100.250000       0.00000000    
