   0.00000000       0.00000000    
  0.500000000       8.85679765E-06
   1.00000000      -1.66032987E-05
   1.50000000       2.42223250E-05
   2.00000000      -2.83691224E-05
   2.50000000       3.23916793E-05
   3.00000000      -3.11549447E-05
   3.50000000       3.01654600E-05
   4.00000000      -2.29898578E-05
   4.50000000       1.78048576E-05
   5.00000000      -7.02700345E-06
   5.50000000       2.30612568E-06
   6.00000000       5.80203960E-06
   6.50000000      -3.32213222E-06
   7.00000000       2.72132547E-06
   7.50000000       1.05779291E-05
   8.00000000      -1.84760866E-05
   8.50000000       3.57290919E-05
   9.00000000      -3.86585161E-05
   9.50000000       4.48130522E-05
   10.0000000      -2.95415521E-05
   10.5000000       1.93109536E-05
   11.0000000       7.07097388E-06
   11.5000000      -1.38753403E-05
   12.0000000       2.45334268E-05
   12.5000000      -4.62101252E-06
   13.0000000      -5.42171165E-06
   13.5000000       3.05654066E-05
   14.0000000      -1.85904646E-05
   14.5000000       6.90865636E-06
   15.0000000       4.01023135E-05
   15.5000000      -5.22429909E-05
   16.0000000       6.11479627E-05
   16.5000000      -9.87631211E-06
   17.0000000      -1.67759335E-05
   17.5000000       4.58262439E-05
   18.0000000       3.66100539E-06
   18.5000000      -2.66821262E-05
   19.0000000       4.32620873E-05
   19.5000000       4.45437909E-05
   20.0000000      -8.25350144E-05
   20.5000000       7.21292599E-05
   21.0000000       7.05788407E-05
   21.5000000      -8.76712729E-05
   22.0000000       7.00793316E-06
   22.5000000       1.39862357E-04
   23.0000000       1.38685456E-04
   23.5000000       6.37622288E-05
   24.0000000       7.33107328E-04
   24.5000000       2.62939930E-03
   25.0000000       5.44229802E-03
   25.5000000       9.11093038E-03
   26.0000000       1.32509843E-02
   26.5000000       1.76547989E-02
   27.0000000       2.24873051E-02
   27.5000000       2.73970254E-02
   28.0000000       3.24999057E-02
   28.5000000       3.78728174E-02
   29.0000000       4.31553982E-02
   29.5000000       4.86867577E-02
   30.0000000       5.43051772E-02
   30.5000000       5.98045923E-02
   31.0000000       6.55831471E-02
   31.5000000       7.12889656E-02
   32.0000000       7.69271776E-02
   32.5000000       8.27479884E-02
   33.0000000       8.86164382E-02
   33.5000000       9.40850973E-02
   34.0000000       9.99022126E-02
   34.5000000      0.106336951    
   35.0000000      0.110388592    
   35.5000000      0.117343485    
   36.0000000      0.124476872    
   36.5000000      0.124019824    
   37.0000000      0.136877954    
   37.5000000      0.142147064    
   38.0000000      0.132107660    
   38.5000000      0.162573174    
   39.0000000      0.156692415    
   39.5000000      0.130849555    
   40.0000000      0.199456334    
   40.5000000      0.165714398    
   41.0000000      0.114562586    
   41.5000000      0.247103140    
   42.0000000      0.175219491    
   42.5000000       7.57640079E-02
   43.0000000      0.283048809    
   43.5000000      0.208765179    
   44.0000000       2.16631219E-03
   44.5000000      -5.16193546E-03
   45.0000000       6.54528150E-04
   45.5000000       1.10462897E-05
   46.0000000      -1.71808933E-05
   46.5000000       3.85542990E-06
   47.0000000       1.75472820E-07
   47.5000000      -1.73301487E-07
   48.0000000      -1.00354267E-08
   48.5000000       5.73006087E-09
   49.0000000       1.31827949E-09
   49.5000000      -2.03346659E-10
   50.0000000      -1.01425680E-10
   50.5000000       8.88258911E-12
   51.0000000       6.06929914E-12
   51.5000000      -4.86930808E-13
   52.0000000      -3.19900356E-13
   52.5000000       3.18717966E-14
   53.0000000       1.52023779E-14
   53.5000000      -2.17979863E-15
   54.0000000      -6.26537566E-16
   54.5000000       1.38789604E-16
   55.0000000       1.98534828E-17
   55.5000000      -7.72287087E-18
   56.0000000      -2.63424196E-19
   56.5000000       3.58601562E-19
   57.0000000      -2.19678653E-20
   57.5000000      -1.28744895E-20
   58.0000000       2.24395400E-21
   58.5000000       2.76946370E-22
   59.0000000      -1.21129049E-22
   59.5000000       3.51106803E-24
   60.0000000       4.25488893E-24
   60.5000000      -6.76363818E-25
   61.0000000      -7.10777850E-26
   61.5000000       3.47158826E-26
   62.0000000      -2.22364366E-27
   62.5000000      -9.38072135E-28
   63.0000000       2.16221362E-28
   63.5000000       8.59488367E-31
   64.0000000      -7.66864303E-30
   64.5000000       1.15944349E-30
   65.0000000       7.83403861E-32
   65.5000000      -5.16714050E-32
   66.0000000       5.81684637E-33
   66.5000000       7.42718060E-34
   67.0000000      -3.14964390E-34
   67.5000000       2.96062745E-35
   68.0000000       4.99076488E-36
   68.5000000      -1.81233065E-36
   69.0000000       1.63204344E-37
   69.5000000       2.73778295E-38
   70.0000000      -9.99329274E-39
   70.5000000       9.83897895E-40
   71.0000000       1.22651451E-40
   71.5000000      -5.24940418E-41
   72.0000000       6.17832493E-42
   72.5000000       3.90962272E-43
   73.0000000      -2.56437619E-43
   73.5000000       3.92363570E-44
   74.0000000       0.00000000    
   74.5000000       0.00000000    
   75.0000000       0.00000000    
   75.5000000       0.00000000    
   76.0000000       0.00000000    
   76.5000000       0.00000000    
   77.0000000       0.00000000    
   77.5000000       0.00000000    
   78.0000000       0.00000000    
   78.5000000       0.00000000    
   79.0000000       0.00000000    
   79.5000000       0.00000000    
   80.0000000       0.00000000    
   80.5000000       0.00000000    
   81.0000000       0.00000000    
   81.5000000       0.00000000    
   82.0000000       0.00000000    
   82.5000000       0.00000000    
   83.0000000       0.00000000    
   83.5000000       0.00000000    
   84.0000000       0.00000000    
   84.5000000       0.00000000    
   85.0000000       0.00000000    
   85.5000000       0.00000000    
   86.0000000       0.00000000    
   86.5000000       0.00000000    
   87.0000000       0.00000000    
   87.5000000       0.00000000    
   88.0000000       0.00000000    
   88.5000000       0.00000000    
   89.0000000       0.00000000    
   89.5000000       0.00000000    
   90.0000000       0.00000000    
   90.5000000       0.00000000    
   91.0000000       0.00000000    
   91.5000000       0.00000000    
   92.0000000       0.00000000    
   92.5000000       0.00000000    
   93.0000000       0.00000000    
   93.5000000       0.00000000    
   94.0000000       0.00000000    
   94.5000000       0.00000000    
   95.0000000       0.00000000    
   95.5000000       0.00000000    
   96.0000000       0.00000000    
   96.5000000       0.00000000    
   97.0000000       0.00000000    
   97.5000000       0.00000000    
   98.0000000       0.00000000    
   98.5000000       0.00000000    
   99.0000000       0.00000000    
   99.5000000       0.00000000    
   100.000000       0.00000000    
