 -0.250000000       6.26711062E-06
  0.250000000       6.26711062E-06
  0.750000000      -1.77401671E-05
   1.25000000       1.40311749E-05
   1.75000000      -1.65253255E-06
   2.25000000      -1.76076119E-05
   2.75000000       2.08766560E-05
   3.25000000      -1.08635129E-06
   3.75000000      -4.65012818E-05
   4.25000000       8.42080335E-05
   4.75000000      -7.00268938E-05
   5.25000000      -2.49214509E-06
   5.75000000       1.33764712E-04
   6.25000000       1.58595940E-04
   6.75000000       5.12433471E-04
   7.25000000       2.27687252E-03
   7.75000000       5.58240386E-03
   8.25000000       1.02257431E-02
   8.75000000       1.57011114E-02
   9.25000000       2.19386462E-02
   9.75000000       2.86336541E-02
   10.2500000       3.58716659E-02
   10.7500000       4.33652364E-02
   11.2500000       5.12566119E-02
   11.7500000       5.92735410E-02
   12.2500000       6.75647780E-02
   12.7500000       7.59120733E-02
   13.2500000       8.43994617E-02
   13.7500000       9.29225683E-02
   14.2500000      0.101429753    
   14.7500000      0.109978676    
   15.2500000      0.118348971    
   15.7500000      0.126750082    
   16.2500000      0.134837642    
   16.7500000      0.142875403    
   17.2500000      0.150522903    
   17.7500000      0.157928601    
   18.2500000      0.164919570    
   18.7500000      0.171367660    
   19.2500000      0.177353382    
   19.7500000      0.182425052    
   20.2500000      0.186818659    
   20.7500000      0.189883411    
   21.2500000      0.191688597    
   21.7500000      0.191517830    
   22.2500000      0.188966677    
   22.7500000      0.182486787    
   23.2500000      0.171309069    
   23.7500000      0.149616808    
   24.2500000      0.107819811    
   24.7500000       6.11179806E-02
   25.2500000       2.88965851E-02
   25.7500000       1.15302149E-02
   26.2500000       3.45745776E-03
   26.7500000       5.63295442E-04
   27.2500000      -5.40910660E-05
   27.7500000      -5.01392933E-05
   28.2500000      -6.27685586E-06
   28.7500000       2.07181733E-06
   29.2500000       5.61669538E-07
   29.7500000      -7.34721723E-08
   30.2500000      -3.09547197E-08
   30.7500000       3.26336869E-09
   31.2500000       1.38293688E-09
   31.7500000      -1.89864749E-10
   32.2500000      -4.93670868E-11
   32.7500000       1.10061196E-11
   33.2500000       1.09763153E-12
   33.7500000      -5.22713491E-13
   34.2500000       1.17883710E-14
   34.7500000       1.76988026E-14
   35.2500000      -2.53178720E-15
   35.7500000      -2.89172866E-16
   36.2500000       1.24460427E-16
   36.7500000      -8.03945936E-18
   37.2500000      -2.84181725E-18
   37.7500000       6.90222147E-19
   38.2500000      -2.08169889E-20
   38.7500000      -1.77093618E-20
   39.2500000       3.59473065E-21
   39.7500000      -9.39864533E-23
   40.2500000      -8.81249833E-23
   40.7500000       1.84983512E-23
   41.2500000      -8.89316228E-25
   41.7500000      -3.50305222E-25
   42.2500000       9.06249941E-26
   42.7500000      -7.85821634E-27
   43.2500000      -9.03742819E-28
   43.7500000       3.86118452E-28
   44.2500000      -5.32087740E-29
   44.7500000       7.07996862E-31
   45.2500000       1.21999838E-30
   45.7500000      -2.68552640E-31
   46.2500000       2.50204120E-32
   46.7500000       1.44971478E-33
   47.2500000      -9.22042616E-34
   47.7500000       1.60378411E-34
   48.2500000      -1.19812018E-35
   48.7500000      -1.26882558E-36
   49.2500000       5.60020613E-37
   49.7500000      -9.21262264E-38
   50.2500000       7.08251416E-39
   50.7500000       5.79770424E-40
   51.2500000      -2.91823208E-40
   51.7500000       5.16981042E-41
   52.2500000      -4.92836670E-42
   52.7500000      -5.88545355E-44
   53.2500000       1.24715563E-43
   53.7500000      -2.80259693E-44
   54.2500000       4.20389539E-45
   54.7500000       0.00000000    
   55.2500000       0.00000000    
   55.7500000       0.00000000    
   56.2500000       0.00000000    
   56.7500000       0.00000000    
   57.2500000       0.00000000    
   57.7500000       0.00000000    
   58.2500000       0.00000000    
   58.7500000       0.00000000    
   59.2500000       0.00000000    
   59.7500000       0.00000000    
   60.2500000       0.00000000    
   60.7500000       0.00000000    
   61.2500000       0.00000000    
   61.7500000       0.00000000    
   62.2500000       0.00000000    
   62.7500000       0.00000000    
   63.2500000       0.00000000    
   63.7500000       0.00000000    
   64.2500000       0.00000000    
   64.7500000       0.00000000    
   65.2500000       0.00000000    
   65.7500000       0.00000000    
   66.2500000       0.00000000    
   66.7500000       0.00000000    
   67.2500000       0.00000000    
   67.7500000       0.00000000    
   68.2500000       0.00000000    
   68.7500000       0.00000000    
   69.2500000       0.00000000    
   69.7500000       0.00000000    
   70.2500000       0.00000000    
   70.7500000       0.00000000    
   71.2500000       0.00000000    
   71.7500000       0.00000000    
   72.2500000       0.00000000    
   72.7500000       0.00000000    
   73.2500000       0.00000000    
   73.7500000       0.00000000    
   74.2500000       0.00000000    
   74.7500000       0.00000000    
   75.2500000       0.00000000    
   75.7500000       0.00000000    
   76.2500000       0.00000000    
   76.7500000       0.00000000    
   77.2500000       0.00000000    
   77.7500000       0.00000000    
   78.2500000       0.00000000    
   78.7500000       0.00000000    
   79.2500000       0.00000000    
   79.7500000       0.00000000    
   80.2500000       0.00000000    
   80.7500000       0.00000000    
   81.2500000       0.00000000    
   81.7500000       0.00000000    
   82.2500000       0.00000000    
   82.7500000       0.00000000    
   83.2500000       0.00000000    
   83.7500000       0.00000000    
   84.2500000       0.00000000    
   84.7500000       0.00000000    
   85.2500000       0.00000000    
   85.7500000       0.00000000    
   86.2500000       0.00000000    
   86.7500000       0.00000000    
   87.2500000       0.00000000    
   87.7500000       0.00000000    
   88.2500000       0.00000000    
   88.7500000       0.00000000    
   89.2500000       0.00000000    
   89.7500000       0.00000000    
   90.2500000       0.00000000    
   90.7500000       0.00000000    
   91.2500000       0.00000000    
   91.7500000       0.00000000    
   92.2500000       0.00000000    
   92.7500000       0.00000000    
   93.2500000       0.00000000    
   93.7500000       0.00000000    
   94.2500000       0.00000000    
   94.7500000       0.00000000    
   95.2500000       0.00000000    
   95.7500000       0.00000000    
   96.2500000       0.00000000    
   96.7500000       0.00000000    
   97.2500000       0.00000000    
   97.7500000       0.00000000    
   98.2500000       0.00000000    
   98.7500000       0.00000000    
   99.2500000       0.00000000    
   99.7500000       0.00000000    
   100.250000       0.00000000    
