 -0.250000000      -1.89762545E-07
  0.250000000      -1.89762545E-07
  0.750000000      -1.72253536E-07
   1.25000000      -1.93569150E-07
   1.75000000      -3.40401073E-07
   2.25000000      -4.19053769E-08
   2.75000000      -2.60116281E-07
   3.25000000      -1.38004665E-07
   3.75000000      -4.56327882E-07
   4.25000000      -4.41833592E-08
   4.75000000      -3.07012129E-07
   5.25000000      -2.36313525E-07
   5.75000000      -2.34489193E-07
   6.25000000      -2.75421627E-07
   6.75000000      -1.05615229E-07
   7.25000000      -3.05829758E-07
   7.75000000      -1.46596093E-07
   8.25000000      -1.79150462E-07
   8.75000000      -3.40768622E-08
   9.25000000      -3.04054026E-07
   9.75000000      -1.20162120E-08
   10.2500000      -1.74111847E-07
   10.7500000       1.81481941E-08
   11.2500000      -1.34160558E-07
   11.7500000      -2.37564848E-07
   12.2500000      -9.07992899E-08
   12.7500000      -2.39902477E-07
   13.2500000      -2.45833519E-07
   13.7500000      -2.60430454E-07
   14.2500000      -2.01753565E-07
   14.7500000      -2.92524817E-07
   15.2500000      -1.73182301E-07
   15.7500000      -2.67245014E-07
   16.2500000      -4.08789418E-07
   16.7500000      -3.13190952E-07
   17.2500000       1.68505494E-08
   17.7500000      -2.69047973E-07
   18.2500000      -2.69116782E-07
   18.7500000      -1.64202945E-07
   19.2500000      -3.25890085E-07
   19.7500000      -1.93119234E-07
   20.2500000      -3.53534176E-07
   20.7500000      -1.86887874E-07
   21.2500000      -1.17725769E-07
   21.7500000      -4.04028953E-07
   22.2500000      -1.73055255E-07
   22.7500000      -3.35003165E-07
   23.2500000      -7.86721586E-08
   23.7500000      -5.42624207E-07
   24.2500000      -1.26114102E-07
   24.7500000      -2.35859943E-07
   25.2500000      -3.47008410E-07
   25.7500000      -1.79159784E-07
   26.2500000      -2.74665240E-07
   26.7500000      -2.87776516E-07
   27.2500000      -1.56076396E-07
   27.7500000      -1.67571699E-08
   28.2500000      -3.19218600E-07
   28.7500000      -2.33180003E-07
   29.2500000      -2.80333666E-07
   29.7500000      -3.41493319E-07
   30.2500000      -4.03875703E-07
   30.7500000      -2.52758156E-07
   31.2500000      -1.54219805E-07
   31.7500000      -4.23836667E-07
   32.2500000      -1.29817266E-07
   32.7500000      -2.80789465E-07
   33.2500000      -2.49056853E-07
   33.7500000       7.57317906E-08
   34.2500000      -2.52071857E-07
   34.7500000      -1.37269012E-07
   35.2500000      -2.89266126E-07
   35.7500000      -2.38188065E-07
   36.2500000      -3.57345158E-07
   36.7500000      -1.67590443E-07
   37.2500000      -2.16030571E-07
   37.7500000      -2.83510815E-07
   38.2500000      -2.86662441E-07
   38.7500000      -3.79350496E-07
   39.2500000      -2.40585024E-07
   39.7500000      -6.01357783E-07
   40.2500000      -2.25813579E-07
   40.7500000      -6.50894890E-07
   41.2500000      -1.54707806E-07
   41.7500000      -4.77636206E-07
   42.2500000      -4.04529004E-07
   42.7500000      -2.76033802E-07
   43.2500000      -2.52894893E-07
   43.7500000      -3.85517154E-07
   44.2500000      -3.88442174E-07
   44.7500000      -5.33956495E-07
   45.2500000      -2.61452385E-07
   45.7500000      -4.71768828E-07
   46.2500000      -2.91474976E-07
   46.7500000      -3.30201459E-07
   47.2500000      -4.98633597E-07
   47.7500000      -2.33517312E-07
   48.2500000      -3.77126696E-07
   48.7500000      -4.42463630E-07
   49.2500000      -6.01146667E-07
   49.7500000      -3.38061227E-07
   50.2500000      -3.16474342E-07
   50.7500000      -5.03183003E-07
   51.2500000      -2.91887886E-07
   51.7500000      -5.16305363E-07
   52.2500000      -3.99869521E-07
   52.7500000      -5.69986582E-07
   53.2500000      -5.26464476E-07
   53.7500000      -4.31861707E-07
   54.2500000      -5.29858482E-07
   54.7500000      -2.55702389E-07
   55.2500000      -6.63411186E-07
   55.7500000      -2.29395866E-07
   56.2500000      -5.06731396E-07
   56.7500000      -6.88121531E-07
   57.2500000      -4.39098727E-07
   57.7500000      -5.70466113E-07
   58.2500000      -6.35372658E-07
   58.7500000      -3.53480999E-07
   59.2500000      -7.31204125E-07
   59.7500000      -5.85443559E-07
   60.2500000      -4.77656272E-07
   60.7500000      -8.17839464E-07
   61.2500000      -3.46182645E-07
   61.7500000      -8.92101355E-07
   62.2500000      -5.13474049E-07
   62.7500000      -6.01915303E-07
   63.2500000      -7.26099245E-07
   63.7500000      -6.62821890E-07
   64.2500000      -9.21852688E-07
   64.7500000      -5.99329326E-07
   65.2500000      -8.12896189E-07
   65.7500000      -8.21134222E-07
   66.2500000      -8.16762906E-07
   66.7500000      -9.18334479E-07
   67.2500000      -9.20771413E-07
   67.7500000      -7.98160670E-07
   68.2500000      -7.69210374E-07
   68.7500000      -1.02990634E-06
   69.2500000      -9.84777557E-07
   69.7500000      -9.43407599E-07
   70.2500000      -1.05199376E-06
   70.7500000      -9.44429871E-07
   71.2500000      -8.37810092E-07
   71.7500000      -1.17963145E-06
   72.2500000      -1.08008203E-06
   72.7500000      -1.10166343E-06
   73.2500000      -1.50853111E-06
   73.7500000      -1.15652836E-06
   74.2500000      -1.35951416E-06
   74.7500000      -1.37201027E-06
   75.2500000      -1.37017287E-06
   75.7500000      -1.43675334E-06
   76.2500000      -1.44913588E-06
   76.7500000      -1.49041637E-06
   77.2500000      -1.59262754E-06
   77.7500000      -1.45769036E-06
   78.2500000      -1.78062282E-06
   78.7500000      -1.66153222E-06
   79.2500000      -1.80191341E-06
   79.7500000      -2.06172149E-06
   80.2500000      -1.84979535E-06
   80.7500000      -2.10141138E-06
   81.2500000      -2.23269444E-06
   81.7500000      -1.86342049E-06
   82.2500000      -2.45562342E-06
   82.7500000      -2.26878637E-06
   83.2500000      -2.38901112E-06
   83.7500000      -2.73684850E-06
   84.2500000      -2.45770229E-06
   84.7500000      -2.76130686E-06
   85.2500000      -2.77672598E-06
   85.7500000      -2.85396914E-06
   86.2500000      -2.97519455E-06
   86.7500000      -3.22464530E-06
   87.2500000      -3.02821536E-06
   87.7500000      -3.57702697E-06
   88.2500000      -3.39145913E-06
   88.7500000      -3.44492059E-06
   89.2500000      -3.92426273E-06
   89.7500000      -3.73474336E-06
   90.2500000      -4.28925568E-06
   90.7500000      -4.38514189E-06
   91.2500000      -4.28794874E-06
   91.7500000      -4.74889202E-06
   92.2500000      -5.10001064E-06
   92.7500000      -5.01842669E-06
   93.2500000      -5.06612605E-06
   93.7500000      -5.52696656E-06
   94.2500000      -5.24100960E-06
   94.7500000      -6.03382796E-06
   95.2500000      -5.99432269E-06
   95.7500000      -6.07489983E-06
   96.2500000      -6.67293716E-06
   96.7500000      -7.00065175E-06
   97.2500000      -6.79099730E-06
   97.7500000      -7.45552325E-06
   98.2500000      -7.65032200E-06
   98.7500000      -7.54176381E-06
   99.2500000      -8.31061152E-06
   99.7500000      -8.47533829E-06
   100.250000      -8.48668697E-06
   100.750000      -9.24384676E-06
   101.250000      -9.36156721E-06
   101.750000      -9.50414505E-06
   102.250000      -1.04166320E-05
   102.750000      -1.04717901E-05
   103.250000      -1.05423469E-05
   103.750000      -1.15118073E-05
   104.250000      -1.15314197E-05
   104.750000      -1.16846777E-05
   105.250000      -1.26280465E-05
   105.750000      -1.26655186E-05
   106.250000      -1.28406155E-05
   106.750000      -1.38412242E-05
   107.250000      -1.38790256E-05
   107.750000      -1.41468727E-05
   108.250000      -1.51584072E-05
   108.750000      -1.56066453E-05
   109.250000      -1.53435576E-05
   109.750000      -1.64911507E-05
   110.250000      -1.70174117E-05
   110.750000      -1.66756345E-05
   111.250000      -1.78475984E-05
   111.750000      -1.84199180E-05
   112.250000      -1.82345811E-05
   112.750000      -1.92128027E-05
   113.250000      -2.00202139E-05
   113.750000      -1.98183789E-05
   114.250000      -2.02137289E-05
   114.750000      -2.19325848E-05
   115.250000      -2.13657186E-05
   115.750000      -2.18118385E-05
   116.250000      -2.32082475E-05
   116.750000      -2.34342679E-05
   117.250000      -2.32734892E-05
   117.750000      -2.42957303E-05
   118.250000      -2.56804124E-05
   118.750000      -2.49044533E-05
   119.250000      -2.55088144E-05
   119.750000      -2.75707880E-05
   120.250000      -2.68345721E-05
   120.750000      -2.67625637E-05
   121.250000      -2.85456681E-05
   121.750000      -2.92088080E-05
   122.250000      -2.88297506E-05
   122.750000      -2.93034809E-05
   123.250000      -3.09746247E-05
   123.750000      -3.11607073E-05
   124.250000      -3.01727359E-05
   124.750000      -3.23109562E-05
   125.250000      -3.35111617E-05
   125.750000      -3.23795466E-05
   126.250000      -3.25580149E-05
   126.750000      -3.46441229E-05
   127.250000      -3.56324745E-05
   127.750000      -3.40365659E-05
   128.250000      -3.46243469E-05
   128.750000      -3.74493829E-05
   129.250000      -3.77175820E-05
   129.750000      -3.58151628E-05
   130.250000      -3.64363077E-05
   130.750000      -3.93775517E-05
   131.250000      -4.02121441E-05
   131.750000      -3.73366274E-05
   132.250000      -3.77332435E-05
   132.750000      -4.14073438E-05
   133.250000      -4.27728010E-05
   133.750000      -3.99219571E-05
   134.250000      -3.78950681E-05
   134.750000      -4.12133122E-05
   135.250000      -4.56163689E-05
   135.750000      -4.34781105E-05
   136.250000      -3.45265253E-05
   136.750000      -2.61690002E-05
   137.250000      -1.74418492E-05
   137.750000       7.02906482E-06
   138.250000       7.38267554E-05
   138.750000       2.04635056E-04
   139.250000       4.08346095E-04
   139.750000       6.82837155E-04
   140.250000       1.01753534E-03
   140.750000       1.40354759E-03
   141.250000       1.83335016E-03
   141.750000       2.30113743E-03
   142.250000       2.80519109E-03
   142.750000       3.34187038E-03
   143.250000       3.90813360E-03
   143.750000       4.50330693E-03
   144.250000       5.12410142E-03
   144.750000       5.76882111E-03
   145.250000       6.43645274E-03
   145.750000       7.12414458E-03
   146.250000       7.83228222E-03
   146.750000       8.55864771E-03
   147.250000       9.30174068E-03
   147.750000       1.00619728E-02
   148.250000       1.08374078E-02
   148.750000       1.16273416E-02
   149.250000       1.24313030E-02
   149.750000       1.32485302E-02
   150.250000       1.40774725E-02
   150.750000       1.49196070E-02
   151.250000       1.57721732E-02
   151.750000       1.66356545E-02
   152.250000       1.75104477E-02
   152.750000       1.83940306E-02
   153.250000       1.92873850E-02
   153.750000       2.01904792E-02
   154.250000       2.11014505E-02
   154.750000       2.20212974E-02
   155.250000       2.29492597E-02
   155.750000       2.38837954E-02
   156.250000       2.48272792E-02
   156.750000       2.57776063E-02
   157.250000       2.67335568E-02
   157.750000       2.76983380E-02
   158.250000       2.86676716E-02
   158.750000       2.96435151E-02
   159.250000       3.06264143E-02
   159.750000       3.16135697E-02
   160.250000       3.26067731E-02
   160.750000       3.36065739E-02
   161.250000       3.46092321E-02
   161.750000       3.56183834E-02
   162.250000       3.66329439E-02
   162.750000       3.76504250E-02
   163.250000       3.86736654E-02
   163.750000       3.97015251E-02
   164.250000       4.07319665E-02
   164.750000       4.17685769E-02
   165.250000       4.28082496E-02
   165.750000       4.38508317E-02
   166.250000       4.48996685E-02
   166.750000       4.59493920E-02
   167.250000       4.70034480E-02
   167.750000       4.80626151E-02
   168.250000       4.91221584E-02
   168.750000       5.01863509E-02
   169.250000       5.12548201E-02
   169.750000       5.23235053E-02
   170.250000       5.33975065E-02
   170.750000       5.44738658E-02
   171.250000       5.55507280E-02
   171.750000       5.66333383E-02
   172.250000       5.77167161E-02
   172.750000       5.88014498E-02
   173.250000       5.98915257E-02
   173.750000       6.09812029E-02
   174.250000       6.20738976E-02
   174.750000       6.31706715E-02
   175.250000       6.42651990E-02
   175.750000       6.53653666E-02
   176.250000       6.64672330E-02
   176.750000       6.75672740E-02
   177.250000       6.86738268E-02
   177.750000       6.97797313E-02
   178.250000       7.08856881E-02
   178.750000       7.19973147E-02
   179.250000       7.31065050E-02
   179.750000       7.42181838E-02
   180.250000       7.53334463E-02
   180.750000       7.64458999E-02
   181.250000       7.75626227E-02
   181.750000       7.86810219E-02
   182.250000       7.97965899E-02
   182.750000       8.09180215E-02
   183.250000       8.20375755E-02
   183.750000       8.31566453E-02
   184.250000       8.42816159E-02
   184.750000       8.54013935E-02
   185.250000       8.65257606E-02
   185.750000       8.76510963E-02
   186.250000       8.87723863E-02
   186.750000       8.99006948E-02
   187.250000       9.10253152E-02
   187.750000       9.21496823E-02
   188.250000       9.32793692E-02
   188.750000       9.44029987E-02
   189.250000       9.55310017E-02
   189.750000       9.66597348E-02
   190.250000       9.77834165E-02
   190.750000       9.89136919E-02
   191.250000      0.100040443    
   191.750000      0.101165637    
   192.250000      0.102295958    
   192.750000      0.103419937    
   193.250000      0.104547545    
   193.750000      0.105675139    
   194.250000      0.106798895    
   194.750000      0.107926644    
   195.250000      0.109050132    
   195.750000      0.110176131    
   196.250000      0.111298695    
   196.750000      0.112420335    
   197.250000      0.113549456    
   197.750000      0.114659019    
   198.250000      0.115790032    
   198.750000      0.116914183    
   199.250000      0.118004493    
   199.750000      0.119163945    
   200.250000      0.120260254    
   200.750000      0.121335313    
   201.250000      0.122548796    
   201.750000      0.123570703    
   202.250000      0.124656312    
   202.750000      0.125952348    
   203.250000      0.126821592    
   203.750000      0.127980635    
   204.250000      0.129385635    
   204.750000      0.129973784    
   205.250000      0.131331846    
   205.750000      0.132862926    
   206.250000      0.132968336    
   206.750000      0.134752139    
   207.250000      0.136407182    
   207.750000      0.135718033    
   208.250000      0.138299465    
   208.750000      0.140058979    
   209.250000      0.138093472    
   209.750000      0.142046377    
   210.250000      0.143901348    
   210.750000      0.139910594    
   211.250000      0.146051913    
   211.750000      0.148100957    
   212.250000      0.140919387    
   212.750000      0.150318563    
   213.250000      0.152965918    
   213.750000      0.140812799    
   214.250000      0.154696077    
   214.750000      0.159006521    
   215.250000      0.139297843    
   215.750000      0.158738822    
   216.250000      0.166955709    
   216.750000      0.136263654    
   217.250000      0.161533043    
   217.750000      0.177668557    
   218.250000      0.132076353    
   218.750000      0.161597535    
   219.250000      0.191813916    
   219.750000      0.127924800    
   220.250000      0.157041118    
   220.750000      0.209317848    
   221.250000      0.126030222    
   221.750000      0.146163434    
   222.250000      0.228660062    
   222.750000      0.129471064    
   223.250000      0.128463209    
   223.750000      0.246349066    
   224.250000      0.141527250    
   224.750000      0.105619490    
   225.250000      0.257056236    
   225.750000      0.164623111    
   226.250000       8.17969963E-02
   226.750000      0.254852057    
   227.250000      0.199038848    
   227.750000       6.29513338E-02
   228.250000      0.235541180    
   228.750000      0.241537884    
   229.250000       5.54272979E-02
   229.750000      0.199339613    
   230.250000      0.284455568    
   230.750000       6.43773302E-02
   231.250000      0.152301148    
   231.750000      0.316627473    
   232.250000       9.21821073E-02
   232.750000      0.104834571    
   233.250000      0.327594131    
   233.750000      0.136734828    
   234.250000       6.73072636E-02
   234.750000      0.313770711    
   235.250000      0.190645337    
   235.750000       4.54075858E-02
   236.250000      0.280539334    
   236.750000      0.244322792    
   237.250000       3.91471945E-02
   237.750000      0.235794842    
   238.250000      0.291583508    
   238.750000       4.70691621E-02
   239.250000      0.183410153    
   239.750000      0.328286916    
   240.250000       7.08636642E-02
   240.750000      0.127688408    
   241.250000      0.345736355    
   241.750000      0.110835135    
   242.250000      -9.72845126E-03
   242.750000      -7.34889763E-04
   243.250000       3.88514774E-04
   243.750000      -4.94420819E-05
   244.250000      -1.49449306E-06
   244.750000       1.57354054E-06
   245.250000      -2.43786104E-07
   245.750000       2.92706859E-10
   246.250000       6.40202202E-09
   246.750000      -9.81558723E-10
   247.250000       7.07482267E-11
   247.750000       1.81831234E-11
   248.250000      -1.17008556E-11
   248.750000      -1.31163851E-12
   249.250000       3.46263599E-13
   249.750000       2.49433449E-13
   250.250000       5.63128239E-14
   250.750000      -1.43931972E-14
   251.250000      -1.04554850E-14
   251.750000      -1.25759066E-15
   252.250000       7.80224918E-16
   252.750000       3.35961087E-16
   253.250000       2.55468776E-18
   253.750000      -3.40052196E-17
   254.250000      -8.15413803E-18
   254.750000       1.56707589E-18
   255.250000       1.14006333E-18
   255.750000       8.57823260E-20
   256.250000      -9.16818686E-20
   256.750000      -2.58577790E-20
   257.250000       3.69144939E-21
   257.750000       3.03802032E-21
   258.250000       1.93229232E-22
   258.750000      -2.39432916E-22
   259.250000      -5.56772915E-23
   259.750000       1.22572434E-23
   260.250000       6.63568810E-24
   260.750000      -9.06677281E-26
   261.250000      -5.72019017E-25
   261.750000      -6.85518154E-26
   262.250000       3.84080135E-26
   262.750000       1.03101509E-26
   263.250000      -1.88520076E-27
   263.750000      -1.03696565E-27
   264.250000       3.66804251E-29
   264.750000       8.50046014E-29
   265.250000       5.60381404E-30
   265.750000      -5.99486019E-30
   266.250000      -9.70390805E-31
   266.750000       3.67681491E-31
   267.250000       1.02803211E-31
   267.750000      -1.91264877E-32
   268.250000      -8.96722339E-33
   268.750000       7.54666547E-34
   269.250000       6.96898254E-34
   269.750000      -9.65695586E-36
   270.250000      -4.99576432E-35
   270.750000      -2.14172359E-36
   271.250000       3.36849443E-36
   271.750000       3.15408070E-37
   272.250000      -2.16437072E-37
   272.750000      -3.08081913E-38
   273.250000       1.33859624E-38
   273.750000       2.55880743E-39
   274.250000      -8.03926330E-40
   274.750000      -1.93775756E-40
   275.250000       4.72882180E-41
   275.750000       1.37915795E-41
   276.250000      -2.74934759E-42
   276.750000      -9.37468673E-43
   277.250000       1.63951920E-43
   277.750000       6.72623263E-44
   278.250000      -2.80259693E-45
   278.750000      -1.40129846E-45
   279.250000       0.00000000    
   279.750000       0.00000000    
   280.250000       0.00000000    
   280.750000       0.00000000    
   281.250000       0.00000000    
   281.750000       0.00000000    
   282.250000       0.00000000    
   282.750000       0.00000000    
   283.250000       0.00000000    
   283.750000       0.00000000    
   284.250000       0.00000000    
   284.750000       0.00000000    
   285.250000       0.00000000    
   285.750000       0.00000000    
   286.250000       0.00000000    
   286.750000       0.00000000    
   287.250000       0.00000000    
   287.750000       0.00000000    
   288.250000       0.00000000    
   288.750000       0.00000000    
   289.250000       0.00000000    
   289.750000       0.00000000    
   290.250000       0.00000000    
   290.750000       0.00000000    
   291.250000       0.00000000    
   291.750000       0.00000000    
   292.250000       0.00000000    
   292.750000       0.00000000    
   293.250000       0.00000000    
   293.750000       0.00000000    
   294.250000       0.00000000    
   294.750000       0.00000000    
   295.250000       0.00000000    
   295.750000       0.00000000    
   296.250000       0.00000000    
   296.750000       0.00000000    
   297.250000       0.00000000    
   297.750000       0.00000000    
   298.250000       0.00000000    
   298.750000       0.00000000    
   299.250000       0.00000000    
   299.750000       0.00000000    
   300.250000       0.00000000    
   300.750000       0.00000000    
   301.250000       0.00000000    
   301.750000       0.00000000    
   302.250000       0.00000000    
   302.750000       0.00000000    
   303.250000       0.00000000    
   303.750000       0.00000000    
   304.250000       0.00000000    
   304.750000       0.00000000    
   305.250000       0.00000000    
   305.750000       0.00000000    
   306.250000       0.00000000    
   306.750000       0.00000000    
   307.250000       0.00000000    
   307.750000       0.00000000    
   308.250000       0.00000000    
   308.750000       0.00000000    
   309.250000       0.00000000    
   309.750000       0.00000000    
   310.250000       0.00000000    
   310.750000       0.00000000    
   311.250000       0.00000000    
   311.750000       0.00000000    
   312.250000       0.00000000    
   312.750000       0.00000000    
   313.250000       0.00000000    
   313.750000       0.00000000    
   314.250000       0.00000000    
   314.750000       0.00000000    
   315.250000       0.00000000    
   315.750000       0.00000000    
   316.250000       0.00000000    
   316.750000       0.00000000    
   317.250000       0.00000000    
   317.750000       0.00000000    
   318.250000       0.00000000    
   318.750000       0.00000000    
   319.250000       0.00000000    
   319.750000       0.00000000    
   320.250000       0.00000000    
   320.750000       0.00000000    
   321.250000       0.00000000    
   321.750000       0.00000000    
   322.250000       0.00000000    
   322.750000       0.00000000    
   323.250000       0.00000000    
   323.750000       0.00000000    
   324.250000       0.00000000    
   324.750000       0.00000000    
   325.250000       0.00000000    
   325.750000       0.00000000    
   326.250000       0.00000000    
   326.750000       0.00000000    
   327.250000       0.00000000    
   327.750000       0.00000000    
   328.250000       0.00000000    
   328.750000       0.00000000    
   329.250000       0.00000000    
   329.750000       0.00000000    
   330.250000       0.00000000    
   330.750000       0.00000000    
   331.250000       0.00000000    
   331.750000       0.00000000    
   332.250000       0.00000000    
   332.750000       0.00000000    
   333.250000       0.00000000    
   333.750000       0.00000000    
   334.250000       0.00000000    
   334.750000       0.00000000    
   335.250000       0.00000000    
   335.750000       0.00000000    
   336.250000       0.00000000    
   336.750000       0.00000000    
   337.250000       0.00000000    
   337.750000       0.00000000    
   338.250000       0.00000000    
   338.750000       0.00000000    
   339.250000       0.00000000    
   339.750000       0.00000000    
   340.250000       0.00000000    
   340.750000       0.00000000    
   341.250000       0.00000000    
   341.750000       0.00000000    
   342.250000       0.00000000    
   342.750000       0.00000000    
   343.250000       0.00000000    
   343.750000       0.00000000    
   344.250000       0.00000000    
   344.750000       0.00000000    
   345.250000       0.00000000    
   345.750000       0.00000000    
   346.250000       0.00000000    
   346.750000       0.00000000    
   347.250000       0.00000000    
   347.750000       0.00000000    
   348.250000       0.00000000    
   348.750000       0.00000000    
   349.250000       0.00000000    
   349.750000       0.00000000    
   350.250000       0.00000000    
   350.750000       0.00000000    
   351.250000       0.00000000    
   351.750000       0.00000000    
   352.250000       0.00000000    
   352.750000       0.00000000    
   353.250000       0.00000000    
   353.750000       0.00000000    
   354.250000       0.00000000    
   354.750000       0.00000000    
   355.250000       0.00000000    
   355.750000       0.00000000    
   356.250000       0.00000000    
   356.750000       0.00000000    
   357.250000       0.00000000    
   357.750000       0.00000000    
   358.250000       0.00000000    
   358.750000       0.00000000    
   359.250000       0.00000000    
   359.750000       0.00000000    
   360.250000       0.00000000    
   360.750000       0.00000000    
   361.250000       0.00000000    
   361.750000       0.00000000    
   362.250000       0.00000000    
   362.750000       0.00000000    
   363.250000       0.00000000    
   363.750000       0.00000000    
   364.250000       0.00000000    
   364.750000       0.00000000    
   365.250000       0.00000000    
   365.750000       0.00000000    
   366.250000       0.00000000    
   366.750000       0.00000000    
   367.250000       0.00000000    
   367.750000       0.00000000    
   368.250000       0.00000000    
   368.750000       0.00000000    
   369.250000       0.00000000    
   369.750000       0.00000000    
   370.250000       0.00000000    
   370.750000       0.00000000    
   371.250000       0.00000000    
   371.750000       0.00000000    
   372.250000       0.00000000    
   372.750000       0.00000000    
   373.250000       0.00000000    
   373.750000       0.00000000    
   374.250000       0.00000000    
   374.750000       0.00000000    
   375.250000       0.00000000    
   375.750000       0.00000000    
   376.250000       0.00000000    
   376.750000       0.00000000    
   377.250000       0.00000000    
   377.750000       0.00000000    
   378.250000       0.00000000    
   378.750000       0.00000000    
   379.250000       0.00000000    
   379.750000       0.00000000    
   380.250000       0.00000000    
   380.750000       0.00000000    
   381.250000       0.00000000    
   381.750000       0.00000000    
   382.250000       0.00000000    
   382.750000       0.00000000    
   383.250000       0.00000000    
   383.750000       0.00000000    
   384.250000       0.00000000    
   384.750000       0.00000000    
   385.250000       0.00000000    
   385.750000       0.00000000    
   386.250000       0.00000000    
   386.750000       0.00000000    
   387.250000       0.00000000    
   387.750000       0.00000000    
   388.250000       0.00000000    
   388.750000       0.00000000    
   389.250000       0.00000000    
   389.750000       0.00000000    
   390.250000       0.00000000    
   390.750000       0.00000000    
   391.250000       0.00000000    
   391.750000       0.00000000    
   392.250000       0.00000000    
   392.750000       0.00000000    
   393.250000       0.00000000    
   393.750000       0.00000000    
   394.250000       0.00000000    
   394.750000       0.00000000    
   395.250000       0.00000000    
   395.750000       0.00000000    
   396.250000       0.00000000    
   396.750000       0.00000000    
   397.250000       0.00000000    
   397.750000       0.00000000    
   398.250000       0.00000000    
   398.750000       0.00000000    
   399.250000       0.00000000    
   399.750000       0.00000000    
   400.250000       0.00000000    
   400.750000       0.00000000    
   401.250000       0.00000000    
   401.750000       0.00000000    
   402.250000       0.00000000    
   402.750000       0.00000000    
   403.250000       0.00000000    
   403.750000       0.00000000    
   404.250000       0.00000000    
   404.750000       0.00000000    
   405.250000       0.00000000    
   405.750000       0.00000000    
   406.250000       0.00000000    
   406.750000       0.00000000    
   407.250000       0.00000000    
   407.750000       0.00000000    
   408.250000       0.00000000    
   408.750000       0.00000000    
   409.250000       0.00000000    
   409.750000       0.00000000    
   410.250000       0.00000000    
   410.750000       0.00000000    
   411.250000       0.00000000    
   411.750000       0.00000000    
   412.250000       0.00000000    
   412.750000       0.00000000    
   413.250000       0.00000000    
   413.750000       0.00000000    
   414.250000       0.00000000    
   414.750000       0.00000000    
   415.250000       0.00000000    
   415.750000       0.00000000    
   416.250000       0.00000000    
   416.750000       0.00000000    
   417.250000       0.00000000    
   417.750000       0.00000000    
   418.250000       0.00000000    
   418.750000       0.00000000    
   419.250000       0.00000000    
   419.750000       0.00000000    
   420.250000       0.00000000    
   420.750000       0.00000000    
   421.250000       0.00000000    
   421.750000       0.00000000    
   422.250000       0.00000000    
   422.750000       0.00000000    
   423.250000       0.00000000    
   423.750000       0.00000000    
   424.250000       0.00000000    
   424.750000       0.00000000    
   425.250000       0.00000000    
   425.750000       0.00000000    
   426.250000       0.00000000    
   426.750000       0.00000000    
   427.250000       0.00000000    
   427.750000       0.00000000    
   428.250000       0.00000000    
   428.750000       0.00000000    
   429.250000       0.00000000    
   429.750000       0.00000000    
   430.250000       0.00000000    
   430.750000       0.00000000    
   431.250000       0.00000000    
   431.750000       0.00000000    
   432.250000       0.00000000    
   432.750000       0.00000000    
   433.250000       0.00000000    
   433.750000       0.00000000    
   434.250000       0.00000000    
   434.750000       0.00000000    
   435.250000       0.00000000    
   435.750000       0.00000000    
   436.250000       0.00000000    
   436.750000       0.00000000    
   437.250000       0.00000000    
   437.750000       0.00000000    
   438.250000       0.00000000    
   438.750000       0.00000000    
   439.250000       0.00000000    
   439.750000       0.00000000    
   440.250000       0.00000000    
   440.750000       0.00000000    
   441.250000       0.00000000    
   441.750000       0.00000000    
   442.250000       0.00000000    
   442.750000       0.00000000    
   443.250000       0.00000000    
   443.750000       0.00000000    
   444.250000       0.00000000    
   444.750000       0.00000000    
   445.250000       0.00000000    
   445.750000       0.00000000    
   446.250000       0.00000000    
   446.750000       0.00000000    
   447.250000       0.00000000    
   447.750000       0.00000000    
   448.250000       0.00000000    
   448.750000       0.00000000    
   449.250000       0.00000000    
   449.750000       0.00000000    
   450.250000       0.00000000    
   450.750000       0.00000000    
   451.250000       0.00000000    
   451.750000       0.00000000    
   452.250000       0.00000000    
   452.750000       0.00000000    
   453.250000       0.00000000    
   453.750000       0.00000000    
   454.250000       0.00000000    
   454.750000       0.00000000    
   455.250000       0.00000000    
   455.750000       0.00000000    
   456.250000       0.00000000    
   456.750000       0.00000000    
   457.250000       0.00000000    
   457.750000       0.00000000    
   458.250000       0.00000000    
   458.750000       0.00000000    
   459.250000       0.00000000    
   459.750000       0.00000000    
   460.250000       0.00000000    
   460.750000       0.00000000    
   461.250000       0.00000000    
   461.750000       0.00000000    
   462.250000       0.00000000    
   462.750000       0.00000000    
   463.250000       0.00000000    
   463.750000       0.00000000    
   464.250000       0.00000000    
   464.750000       0.00000000    
   465.250000       0.00000000    
   465.750000       0.00000000    
   466.250000       0.00000000    
   466.750000       0.00000000    
   467.250000       0.00000000    
   467.750000       0.00000000    
   468.250000       0.00000000    
   468.750000       0.00000000    
   469.250000       0.00000000    
   469.750000       0.00000000    
   470.250000       0.00000000    
   470.750000       0.00000000    
   471.250000       0.00000000    
   471.750000       0.00000000    
   472.250000       0.00000000    
   472.750000       0.00000000    
   473.250000       0.00000000    
   473.750000       0.00000000    
   474.250000       0.00000000    
   474.750000       0.00000000    
   475.250000       0.00000000    
   475.750000       0.00000000    
   476.250000       0.00000000    
   476.750000       0.00000000    
   477.250000       0.00000000    
   477.750000       0.00000000    
   478.250000       0.00000000    
   478.750000       0.00000000    
   479.250000       0.00000000    
   479.750000       0.00000000    
   480.250000       0.00000000    
   480.750000       0.00000000    
   481.250000       0.00000000    
   481.750000       0.00000000    
   482.250000       0.00000000    
   482.750000       0.00000000    
   483.250000       0.00000000    
   483.750000       0.00000000    
   484.250000       0.00000000    
   484.750000       0.00000000    
   485.250000       0.00000000    
   485.750000       0.00000000    
   486.250000       0.00000000    
   486.750000       0.00000000    
   487.250000       0.00000000    
   487.750000       0.00000000    
   488.250000       0.00000000    
   488.750000       0.00000000    
   489.250000       0.00000000    
   489.750000       0.00000000    
   490.250000       0.00000000    
   490.750000       0.00000000    
   491.250000       0.00000000    
   491.750000       0.00000000    
   492.250000       0.00000000    
   492.750000       0.00000000    
   493.250000       0.00000000    
   493.750000       0.00000000    
   494.250000       0.00000000    
   494.750000       0.00000000    
   495.250000       0.00000000    
   495.750000       0.00000000    
   496.250000       0.00000000    
   496.750000       0.00000000    
   497.250000       0.00000000    
   497.750000       0.00000000    
   498.250000       0.00000000    
   498.750000       0.00000000    
   499.250000       0.00000000    
   499.750000       0.00000000    
   500.250000       0.00000000    
   500.750000       0.00000000    
   501.250000       0.00000000    
   501.750000       0.00000000    
   502.250000       0.00000000    
   502.750000       0.00000000    
   503.250000       0.00000000    
   503.750000       0.00000000    
   504.250000       0.00000000    
   504.750000       0.00000000    
   505.250000       0.00000000    
   505.750000       0.00000000    
   506.250000       0.00000000    
   506.750000       0.00000000    
   507.250000       0.00000000    
   507.750000       0.00000000    
   508.250000       0.00000000    
   508.750000       0.00000000    
   509.250000       0.00000000    
   509.750000       0.00000000    
   510.250000       0.00000000    
   510.750000       0.00000000    
   511.250000       0.00000000    
   511.750000       0.00000000    
   512.250000       0.00000000    
   512.750000       0.00000000    
   513.250000       0.00000000    
   513.750000       0.00000000    
   514.250000       0.00000000    
   514.750000       0.00000000    
   515.250000       0.00000000    
   515.750000       0.00000000    
   516.250000       0.00000000    
   516.750000       0.00000000    
   517.250000       0.00000000    
   517.750000       0.00000000    
   518.250000       0.00000000    
   518.750000       0.00000000    
   519.250000       0.00000000    
   519.750000       0.00000000    
   520.250000       0.00000000    
   520.750000       0.00000000    
   521.250000       0.00000000    
   521.750000       0.00000000    
   522.250000       0.00000000    
   522.750000       0.00000000    
   523.250000       0.00000000    
   523.750000       0.00000000    
   524.250000       0.00000000    
   524.750000       0.00000000    
   525.250000       0.00000000    
   525.750000       0.00000000    
   526.250000       0.00000000    
   526.750000       0.00000000    
   527.250000       0.00000000    
   527.750000       0.00000000    
   528.250000       0.00000000    
   528.750000       0.00000000    
   529.250000       0.00000000    
   529.750000       0.00000000    
   530.250000       0.00000000    
   530.750000       0.00000000    
   531.250000       0.00000000    
   531.750000       0.00000000    
   532.250000       0.00000000    
   532.750000       0.00000000    
   533.250000       0.00000000    
   533.750000       0.00000000    
   534.250000       0.00000000    
   534.750000       0.00000000    
   535.250000       0.00000000    
   535.750000       0.00000000    
   536.250000       0.00000000    
   536.750000       0.00000000    
   537.250000       0.00000000    
   537.750000       0.00000000    
   538.250000       0.00000000    
   538.750000       0.00000000    
   539.250000       0.00000000    
   539.750000       0.00000000    
   540.250000       0.00000000    
   540.750000       0.00000000    
   541.250000       0.00000000    
   541.750000       0.00000000    
   542.250000       0.00000000    
   542.750000       0.00000000    
   543.250000       0.00000000    
   543.750000       0.00000000    
   544.250000       0.00000000    
   544.750000       0.00000000    
   545.250000       0.00000000    
   545.750000       0.00000000    
   546.250000       0.00000000    
   546.750000       0.00000000    
   547.250000       0.00000000    
   547.750000       0.00000000    
   548.250000       0.00000000    
   548.750000       0.00000000    
   549.250000       0.00000000    
   549.750000       0.00000000    
   550.250000       0.00000000    
   550.750000       0.00000000    
   551.250000       0.00000000    
   551.750000       0.00000000    
   552.250000       0.00000000    
   552.750000       0.00000000    
   553.250000       0.00000000    
   553.750000       0.00000000    
   554.250000       0.00000000    
   554.750000       0.00000000    
   555.250000       0.00000000    
   555.750000       0.00000000    
   556.250000       0.00000000    
   556.750000       0.00000000    
   557.250000       0.00000000    
   557.750000       0.00000000    
   558.250000       0.00000000    
   558.750000       0.00000000    
   559.250000       0.00000000    
   559.750000       0.00000000    
   560.250000       0.00000000    
   560.750000       0.00000000    
   561.250000       0.00000000    
   561.750000       0.00000000    
   562.250000       0.00000000    
   562.750000       0.00000000    
   563.250000       0.00000000    
   563.750000       0.00000000    
   564.250000       0.00000000    
   564.750000       0.00000000    
   565.250000       0.00000000    
   565.750000       0.00000000    
   566.250000       0.00000000    
   566.750000       0.00000000    
   567.250000       0.00000000    
   567.750000       0.00000000    
   568.250000       0.00000000    
   568.750000       0.00000000    
   569.250000       0.00000000    
   569.750000       0.00000000    
   570.250000       0.00000000    
   570.750000       0.00000000    
   571.250000       0.00000000    
   571.750000       0.00000000    
   572.250000       0.00000000    
   572.750000       0.00000000    
   573.250000       0.00000000    
   573.750000       0.00000000    
   574.250000       0.00000000    
   574.750000       0.00000000    
   575.250000       0.00000000    
   575.750000       0.00000000    
   576.250000       0.00000000    
   576.750000       0.00000000    
   577.250000       0.00000000    
   577.750000       0.00000000    
   578.250000       0.00000000    
   578.750000       0.00000000    
   579.250000       0.00000000    
   579.750000       0.00000000    
   580.250000       0.00000000    
   580.750000       0.00000000    
   581.250000       0.00000000    
   581.750000       0.00000000    
   582.250000       0.00000000    
   582.750000       0.00000000    
   583.250000       0.00000000    
   583.750000       0.00000000    
   584.250000       0.00000000    
   584.750000       0.00000000    
   585.250000       0.00000000    
   585.750000       0.00000000    
   586.250000       0.00000000    
   586.750000       0.00000000    
   587.250000       0.00000000    
   587.750000       0.00000000    
   588.250000       0.00000000    
   588.750000       0.00000000    
   589.250000       0.00000000    
   589.750000       0.00000000    
   590.250000       0.00000000    
   590.750000       0.00000000    
   591.250000       0.00000000    
   591.750000       0.00000000    
   592.250000       0.00000000    
   592.750000       0.00000000    
   593.250000       0.00000000    
   593.750000       0.00000000    
   594.250000       0.00000000    
   594.750000       0.00000000    
   595.250000       0.00000000    
   595.750000       0.00000000    
   596.250000       0.00000000    
   596.750000       0.00000000    
   597.250000       0.00000000    
   597.750000       0.00000000    
   598.250000       0.00000000    
   598.750000       0.00000000    
   599.250000       0.00000000    
   599.750000       0.00000000    
   600.250000       0.00000000    
   600.750000       0.00000000    
   601.250000       0.00000000    
   601.750000       0.00000000    
   602.250000       0.00000000    
   602.750000       0.00000000    
   603.250000       0.00000000    
   603.750000       0.00000000    
   604.250000       0.00000000    
   604.750000       0.00000000    
   605.250000       0.00000000    
   605.750000       0.00000000    
   606.250000       0.00000000    
   606.750000       0.00000000    
   607.250000       0.00000000    
   607.750000       0.00000000    
   608.250000       0.00000000    
   608.750000       0.00000000    
   609.250000       0.00000000    
   609.750000       0.00000000    
   610.250000       0.00000000    
   610.750000       0.00000000    
   611.250000       0.00000000    
   611.750000       0.00000000    
   612.250000       0.00000000    
   612.750000       0.00000000    
   613.250000       0.00000000    
   613.750000       0.00000000    
   614.250000       0.00000000    
   614.750000       0.00000000    
   615.250000       0.00000000    
   615.750000       0.00000000    
   616.250000       0.00000000    
   616.750000       0.00000000    
   617.250000       0.00000000    
   617.750000       0.00000000    
   618.250000       0.00000000    
   618.750000       0.00000000    
   619.250000       0.00000000    
   619.750000       0.00000000    
   620.250000       0.00000000    
   620.750000       0.00000000    
   621.250000       0.00000000    
   621.750000       0.00000000    
   622.250000       0.00000000    
   622.750000       0.00000000    
   623.250000       0.00000000    
   623.750000       0.00000000    
   624.250000       0.00000000    
   624.750000       0.00000000    
   625.250000       0.00000000    
   625.750000       0.00000000    
   626.250000       0.00000000    
   626.750000       0.00000000    
   627.250000       0.00000000    
   627.750000       0.00000000    
   628.250000       0.00000000    
   628.750000       0.00000000    
   629.250000       0.00000000    
   629.750000       0.00000000    
   630.250000       0.00000000    
   630.750000       0.00000000    
   631.250000       0.00000000    
   631.750000       0.00000000    
   632.250000       0.00000000    
   632.750000       0.00000000    
   633.250000       0.00000000    
   633.750000       0.00000000    
   634.250000       0.00000000    
   634.750000       0.00000000    
   635.250000       0.00000000    
   635.750000       0.00000000    
   636.250000       0.00000000    
   636.750000       0.00000000    
   637.250000       0.00000000    
   637.750000       0.00000000    
   638.250000       0.00000000    
   638.750000       0.00000000    
   639.250000       0.00000000    
   639.750000       0.00000000    
   640.250000       0.00000000    
   640.750000       0.00000000    
   641.250000       0.00000000    
   641.750000       0.00000000    
   642.250000       0.00000000    
   642.750000       0.00000000    
   643.250000       0.00000000    
   643.750000       0.00000000    
   644.250000       0.00000000    
   644.750000       0.00000000    
   645.250000       0.00000000    
   645.750000       0.00000000    
   646.250000       0.00000000    
   646.750000       0.00000000    
   647.250000       0.00000000    
   647.750000       0.00000000    
   648.250000       0.00000000    
   648.750000       0.00000000    
   649.250000       0.00000000    
   649.750000       0.00000000    
   650.250000       0.00000000    
   650.750000       0.00000000    
   651.250000       0.00000000    
   651.750000       0.00000000    
   652.250000       0.00000000    
   652.750000       0.00000000    
   653.250000       0.00000000    
   653.750000       0.00000000    
   654.250000       0.00000000    
   654.750000       0.00000000    
   655.250000       0.00000000    
   655.750000       0.00000000    
   656.250000       0.00000000    
   656.750000       0.00000000    
   657.250000       0.00000000    
   657.750000       0.00000000    
   658.250000       0.00000000    
   658.750000       0.00000000    
   659.250000       0.00000000    
   659.750000       0.00000000    
   660.250000       0.00000000    
   660.750000       0.00000000    
   661.250000       0.00000000    
   661.750000       0.00000000    
   662.250000       0.00000000    
   662.750000       0.00000000    
   663.250000       0.00000000    
   663.750000       0.00000000    
   664.250000       0.00000000    
   664.750000       0.00000000    
   665.250000       0.00000000    
   665.750000       0.00000000    
   666.250000       0.00000000    
   666.750000       0.00000000    
   667.250000       0.00000000    
   667.750000       0.00000000    
   668.250000       0.00000000    
   668.750000       0.00000000    
   669.250000       0.00000000    
   669.750000       0.00000000    
   670.250000       0.00000000    
   670.750000       0.00000000    
   671.250000       0.00000000    
   671.750000       0.00000000    
   672.250000       0.00000000    
   672.750000       0.00000000    
   673.250000       0.00000000    
   673.750000       0.00000000    
   674.250000       0.00000000    
   674.750000       0.00000000    
   675.250000       0.00000000    
   675.750000       0.00000000    
   676.250000       0.00000000    
   676.750000       0.00000000    
   677.250000       0.00000000    
   677.750000       0.00000000    
   678.250000       0.00000000    
   678.750000       0.00000000    
   679.250000       0.00000000    
   679.750000       0.00000000    
   680.250000       0.00000000    
   680.750000       0.00000000    
   681.250000       0.00000000    
   681.750000       0.00000000    
   682.250000       0.00000000    
   682.750000       0.00000000    
   683.250000       0.00000000    
   683.750000       0.00000000    
   684.250000       0.00000000    
   684.750000       0.00000000    
   685.250000       0.00000000    
   685.750000       0.00000000    
   686.250000       0.00000000    
   686.750000       0.00000000    
   687.250000       0.00000000    
   687.750000       0.00000000    
   688.250000       0.00000000    
   688.750000       0.00000000    
   689.250000       0.00000000    
   689.750000       0.00000000    
   690.250000       0.00000000    
   690.750000       0.00000000    
   691.250000       0.00000000    
   691.750000       0.00000000    
   692.250000       0.00000000    
   692.750000       0.00000000    
   693.250000       0.00000000    
   693.750000       0.00000000    
   694.250000       0.00000000    
   694.750000       0.00000000    
   695.250000       0.00000000    
   695.750000       0.00000000    
   696.250000       0.00000000    
   696.750000       0.00000000    
   697.250000       0.00000000    
   697.750000       0.00000000    
   698.250000       0.00000000    
   698.750000       0.00000000    
   699.250000       0.00000000    
   699.750000       0.00000000    
   700.250000       0.00000000    
   700.750000       0.00000000    
   701.250000       0.00000000    
   701.750000       0.00000000    
   702.250000       0.00000000    
   702.750000       0.00000000    
   703.250000       0.00000000    
   703.750000       0.00000000    
   704.250000       0.00000000    
   704.750000       0.00000000    
   705.250000       0.00000000    
   705.750000       0.00000000    
   706.250000       0.00000000    
   706.750000       0.00000000    
   707.250000       0.00000000    
   707.750000       0.00000000    
   708.250000       0.00000000    
   708.750000       0.00000000    
   709.250000       0.00000000    
   709.750000       0.00000000    
   710.250000       0.00000000    
   710.750000       0.00000000    
   711.250000       0.00000000    
   711.750000       0.00000000    
   712.250000       0.00000000    
   712.750000       0.00000000    
   713.250000       0.00000000    
   713.750000       0.00000000    
   714.250000       0.00000000    
   714.750000       0.00000000    
   715.250000       0.00000000    
   715.750000       0.00000000    
   716.250000       0.00000000    
   716.750000       0.00000000    
   717.250000       0.00000000    
   717.750000       0.00000000    
   718.250000       0.00000000    
   718.750000       0.00000000    
   719.250000       0.00000000    
   719.750000       0.00000000    
   720.250000       0.00000000    
   720.750000       0.00000000    
   721.250000       0.00000000    
   721.750000       0.00000000    
   722.250000       0.00000000    
   722.750000       0.00000000    
   723.250000       0.00000000    
   723.750000       0.00000000    
   724.250000       0.00000000    
   724.750000       0.00000000    
   725.250000       0.00000000    
   725.750000       0.00000000    
   726.250000       0.00000000    
   726.750000       0.00000000    
   727.250000       0.00000000    
   727.750000       0.00000000    
   728.250000       0.00000000    
   728.750000       0.00000000    
   729.250000       0.00000000    
   729.750000       0.00000000    
   730.250000       0.00000000    
   730.750000       0.00000000    
   731.250000       0.00000000    
   731.750000       0.00000000    
   732.250000       0.00000000    
   732.750000       0.00000000    
   733.250000       0.00000000    
   733.750000       0.00000000    
   734.250000       0.00000000    
   734.750000       0.00000000    
   735.250000       0.00000000    
   735.750000       0.00000000    
   736.250000       0.00000000    
   736.750000       0.00000000    
   737.250000       0.00000000    
   737.750000       0.00000000    
   738.250000       0.00000000    
   738.750000       0.00000000    
   739.250000       0.00000000    
   739.750000       0.00000000    
   740.250000       0.00000000    
   740.750000       0.00000000    
   741.250000       0.00000000    
   741.750000       0.00000000    
   742.250000       0.00000000    
   742.750000       0.00000000    
   743.250000       0.00000000    
   743.750000       0.00000000    
   744.250000       0.00000000    
   744.750000       0.00000000    
   745.250000       0.00000000    
   745.750000       0.00000000    
   746.250000       0.00000000    
   746.750000       0.00000000    
   747.250000       0.00000000    
   747.750000       0.00000000    
   748.250000       0.00000000    
   748.750000       0.00000000    
   749.250000       0.00000000    
   749.750000       0.00000000    
   750.250000       0.00000000    
   750.750000       0.00000000    
   751.250000       0.00000000    
   751.750000       0.00000000    
   752.250000       0.00000000    
   752.750000       0.00000000    
   753.250000       0.00000000    
   753.750000       0.00000000    
   754.250000       0.00000000    
   754.750000       0.00000000    
   755.250000       0.00000000    
   755.750000       0.00000000    
   756.250000       0.00000000    
   756.750000       0.00000000    
   757.250000       0.00000000    
   757.750000       0.00000000    
   758.250000       0.00000000    
   758.750000       0.00000000    
   759.250000       0.00000000    
   759.750000       0.00000000    
   760.250000       0.00000000    
   760.750000       0.00000000    
   761.250000       0.00000000    
   761.750000       0.00000000    
   762.250000       0.00000000    
   762.750000       0.00000000    
   763.250000       0.00000000    
   763.750000       0.00000000    
   764.250000       0.00000000    
   764.750000       0.00000000    
   765.250000       0.00000000    
   765.750000       0.00000000    
   766.250000       0.00000000    
   766.750000       0.00000000    
   767.250000       0.00000000    
   767.750000       0.00000000    
   768.250000       0.00000000    
   768.750000       0.00000000    
   769.250000       0.00000000    
   769.750000       0.00000000    
   770.250000       0.00000000    
   770.750000       0.00000000    
   771.250000       0.00000000    
   771.750000       0.00000000    
   772.250000       0.00000000    
   772.750000       0.00000000    
   773.250000       0.00000000    
   773.750000       0.00000000    
   774.250000       0.00000000    
   774.750000       0.00000000    
   775.250000       0.00000000    
   775.750000       0.00000000    
   776.250000       0.00000000    
   776.750000       0.00000000    
   777.250000       0.00000000    
   777.750000       0.00000000    
   778.250000       0.00000000    
   778.750000       0.00000000    
   779.250000       0.00000000    
   779.750000       0.00000000    
   780.250000       0.00000000    
   780.750000       0.00000000    
   781.250000       0.00000000    
   781.750000       0.00000000    
   782.250000       0.00000000    
   782.750000       0.00000000    
   783.250000       0.00000000    
   783.750000       0.00000000    
   784.250000       0.00000000    
   784.750000       0.00000000    
   785.250000       0.00000000    
   785.750000       0.00000000    
   786.250000       0.00000000    
   786.750000       0.00000000    
   787.250000       0.00000000    
   787.750000       0.00000000    
   788.250000       0.00000000    
   788.750000       0.00000000    
   789.250000       0.00000000    
   789.750000       0.00000000    
   790.250000       0.00000000    
   790.750000       0.00000000    
   791.250000       0.00000000    
   791.750000       0.00000000    
   792.250000       0.00000000    
   792.750000       0.00000000    
   793.250000       0.00000000    
   793.750000       0.00000000    
   794.250000       0.00000000    
   794.750000       0.00000000    
   795.250000       0.00000000    
   795.750000       0.00000000    
   796.250000       0.00000000    
   796.750000       0.00000000    
   797.250000       0.00000000    
   797.750000       0.00000000    
   798.250000       0.00000000    
   798.750000       0.00000000    
   799.250000       0.00000000    
   799.750000       0.00000000    
   800.250000       0.00000000    
   800.750000       0.00000000    
   801.250000       0.00000000    
   801.750000       0.00000000    
   802.250000       0.00000000    
   802.750000       0.00000000    
   803.250000       0.00000000    
   803.750000       0.00000000    
   804.250000       0.00000000    
   804.750000       0.00000000    
   805.250000       0.00000000    
   805.750000       0.00000000    
   806.250000       0.00000000    
   806.750000       0.00000000    
   807.250000       0.00000000    
   807.750000       0.00000000    
   808.250000       0.00000000    
   808.750000       0.00000000    
   809.250000       0.00000000    
   809.750000       0.00000000    
   810.250000       0.00000000    
   810.750000       0.00000000    
   811.250000       0.00000000    
   811.750000       0.00000000    
   812.250000       0.00000000    
   812.750000       0.00000000    
   813.250000       0.00000000    
   813.750000       0.00000000    
   814.250000       0.00000000    
   814.750000       0.00000000    
   815.250000       0.00000000    
   815.750000       0.00000000    
   816.250000       0.00000000    
   816.750000       0.00000000    
   817.250000       0.00000000    
   817.750000       0.00000000    
   818.250000       0.00000000    
   818.750000       0.00000000    
   819.250000       0.00000000    
   819.750000       0.00000000    
   820.250000       0.00000000    
   820.750000       0.00000000    
   821.250000       0.00000000    
   821.750000       0.00000000    
   822.250000       0.00000000    
   822.750000       0.00000000    
   823.250000       0.00000000    
   823.750000       0.00000000    
   824.250000       0.00000000    
   824.750000       0.00000000    
   825.250000       0.00000000    
   825.750000       0.00000000    
   826.250000       0.00000000    
   826.750000       0.00000000    
   827.250000       0.00000000    
   827.750000       0.00000000    
   828.250000       0.00000000    
   828.750000       0.00000000    
   829.250000       0.00000000    
   829.750000       0.00000000    
   830.250000       0.00000000    
   830.750000       0.00000000    
   831.250000       0.00000000    
   831.750000       0.00000000    
   832.250000       0.00000000    
   832.750000       0.00000000    
   833.250000       0.00000000    
   833.750000       0.00000000    
   834.250000       0.00000000    
   834.750000       0.00000000    
   835.250000       0.00000000    
   835.750000       0.00000000    
   836.250000       0.00000000    
   836.750000       0.00000000    
   837.250000       0.00000000    
   837.750000       0.00000000    
   838.250000       0.00000000    
   838.750000       0.00000000    
   839.250000       0.00000000    
   839.750000       0.00000000    
   840.250000       0.00000000    
   840.750000       0.00000000    
   841.250000       0.00000000    
   841.750000       0.00000000    
   842.250000       0.00000000    
   842.750000       0.00000000    
   843.250000       0.00000000    
   843.750000       0.00000000    
   844.250000       0.00000000    
   844.750000       0.00000000    
   845.250000       0.00000000    
   845.750000       0.00000000    
   846.250000       0.00000000    
   846.750000       0.00000000    
   847.250000       0.00000000    
   847.750000       0.00000000    
   848.250000       0.00000000    
   848.750000       0.00000000    
   849.250000       0.00000000    
   849.750000       0.00000000    
   850.250000       0.00000000    
   850.750000       0.00000000    
   851.250000       0.00000000    
   851.750000       0.00000000    
   852.250000       0.00000000    
   852.750000       0.00000000    
   853.250000       0.00000000    
   853.750000       0.00000000    
   854.250000       0.00000000    
   854.750000       0.00000000    
   855.250000       0.00000000    
   855.750000       0.00000000    
   856.250000       0.00000000    
   856.750000       0.00000000    
   857.250000       0.00000000    
   857.750000       0.00000000    
   858.250000       0.00000000    
   858.750000       0.00000000    
   859.250000       0.00000000    
   859.750000       0.00000000    
   860.250000       0.00000000    
   860.750000       0.00000000    
   861.250000       0.00000000    
   861.750000       0.00000000    
   862.250000       0.00000000    
   862.750000       0.00000000    
   863.250000       0.00000000    
   863.750000       0.00000000    
   864.250000       0.00000000    
   864.750000       0.00000000    
   865.250000       0.00000000    
   865.750000       0.00000000    
   866.250000       0.00000000    
   866.750000       0.00000000    
   867.250000       0.00000000    
   867.750000       0.00000000    
   868.250000       0.00000000    
   868.750000       0.00000000    
   869.250000       0.00000000    
   869.750000       0.00000000    
   870.250000       0.00000000    
   870.750000       0.00000000    
   871.250000       0.00000000    
   871.750000       0.00000000    
   872.250000       0.00000000    
   872.750000       0.00000000    
   873.250000       0.00000000    
   873.750000       0.00000000    
   874.250000       0.00000000    
   874.750000       0.00000000    
   875.250000       0.00000000    
   875.750000       0.00000000    
   876.250000       0.00000000    
   876.750000       0.00000000    
   877.250000       0.00000000    
   877.750000       0.00000000    
   878.250000       0.00000000    
   878.750000       0.00000000    
   879.250000       0.00000000    
   879.750000       0.00000000    
   880.250000       0.00000000    
   880.750000       0.00000000    
   881.250000       0.00000000    
   881.750000       0.00000000    
   882.250000       0.00000000    
   882.750000       0.00000000    
   883.250000       0.00000000    
   883.750000       0.00000000    
   884.250000       0.00000000    
   884.750000       0.00000000    
   885.250000       0.00000000    
   885.750000       0.00000000    
   886.250000       0.00000000    
   886.750000       0.00000000    
   887.250000       0.00000000    
   887.750000       0.00000000    
   888.250000       0.00000000    
   888.750000       0.00000000    
   889.250000       0.00000000    
   889.750000       0.00000000    
   890.250000       0.00000000    
   890.750000       0.00000000    
   891.250000       0.00000000    
   891.750000       0.00000000    
   892.250000       0.00000000    
   892.750000       0.00000000    
   893.250000       0.00000000    
   893.750000       0.00000000    
   894.250000       0.00000000    
   894.750000       0.00000000    
   895.250000       0.00000000    
   895.750000       0.00000000    
   896.250000       0.00000000    
   896.750000       0.00000000    
   897.250000       0.00000000    
   897.750000       0.00000000    
   898.250000       0.00000000    
   898.750000       0.00000000    
   899.250000       0.00000000    
   899.750000       0.00000000    
   900.250000       0.00000000    
   900.750000       0.00000000    
   901.250000       0.00000000    
   901.750000       0.00000000    
   902.250000       0.00000000    
   902.750000       0.00000000    
   903.250000       0.00000000    
   903.750000       0.00000000    
   904.250000       0.00000000    
   904.750000       0.00000000    
   905.250000       0.00000000    
   905.750000       0.00000000    
   906.250000       0.00000000    
   906.750000       0.00000000    
   907.250000       0.00000000    
   907.750000       0.00000000    
   908.250000       0.00000000    
   908.750000       0.00000000    
   909.250000       0.00000000    
   909.750000       0.00000000    
   910.250000       0.00000000    
   910.750000       0.00000000    
   911.250000       0.00000000    
   911.750000       0.00000000    
   912.250000       0.00000000    
   912.750000       0.00000000    
   913.250000       0.00000000    
   913.750000       0.00000000    
   914.250000       0.00000000    
   914.750000       0.00000000    
   915.250000       0.00000000    
   915.750000       0.00000000    
   916.250000       0.00000000    
   916.750000       0.00000000    
   917.250000       0.00000000    
   917.750000       0.00000000    
   918.250000       0.00000000    
   918.750000       0.00000000    
   919.250000       0.00000000    
   919.750000       0.00000000    
   920.250000       0.00000000    
   920.750000       0.00000000    
   921.250000       0.00000000    
   921.750000       0.00000000    
   922.250000       0.00000000    
   922.750000       0.00000000    
   923.250000       0.00000000    
   923.750000       0.00000000    
   924.250000       0.00000000    
   924.750000       0.00000000    
   925.250000       0.00000000    
   925.750000       0.00000000    
   926.250000       0.00000000    
   926.750000       0.00000000    
   927.250000       0.00000000    
   927.750000       0.00000000    
   928.250000       0.00000000    
   928.750000       0.00000000    
   929.250000       0.00000000    
   929.750000       0.00000000    
   930.250000       0.00000000    
   930.750000       0.00000000    
   931.250000       0.00000000    
   931.750000       0.00000000    
   932.250000       0.00000000    
   932.750000       0.00000000    
   933.250000       0.00000000    
   933.750000       0.00000000    
   934.250000       0.00000000    
   934.750000       0.00000000    
   935.250000       0.00000000    
   935.750000       0.00000000    
   936.250000       0.00000000    
   936.750000       0.00000000    
   937.250000       0.00000000    
   937.750000       0.00000000    
   938.250000       0.00000000    
   938.750000       0.00000000    
   939.250000       0.00000000    
   939.750000       0.00000000    
   940.250000       0.00000000    
   940.750000       0.00000000    
   941.250000       0.00000000    
   941.750000       0.00000000    
   942.250000       0.00000000    
   942.750000       0.00000000    
   943.250000       0.00000000    
   943.750000       0.00000000    
   944.250000       0.00000000    
   944.750000       0.00000000    
   945.250000       0.00000000    
   945.750000       0.00000000    
   946.250000       0.00000000    
   946.750000       0.00000000    
   947.250000       0.00000000    
   947.750000       0.00000000    
   948.250000       0.00000000    
   948.750000       0.00000000    
   949.250000       0.00000000    
   949.750000       0.00000000    
   950.250000       0.00000000    
   950.750000       0.00000000    
   951.250000       0.00000000    
   951.750000       0.00000000    
   952.250000       0.00000000    
   952.750000       0.00000000    
   953.250000       0.00000000    
   953.750000       0.00000000    
   954.250000       0.00000000    
   954.750000       0.00000000    
   955.250000       0.00000000    
   955.750000       0.00000000    
   956.250000       0.00000000    
   956.750000       0.00000000    
   957.250000       0.00000000    
   957.750000       0.00000000    
   958.250000       0.00000000    
   958.750000       0.00000000    
   959.250000       0.00000000    
   959.750000       0.00000000    
   960.250000       0.00000000    
   960.750000       0.00000000    
   961.250000       0.00000000    
   961.750000       0.00000000    
   962.250000       0.00000000    
   962.750000       0.00000000    
   963.250000       0.00000000    
   963.750000       0.00000000    
   964.250000       0.00000000    
   964.750000       0.00000000    
   965.250000       0.00000000    
   965.750000       0.00000000    
   966.250000       0.00000000    
   966.750000       0.00000000    
   967.250000       0.00000000    
   967.750000       0.00000000    
   968.250000       0.00000000    
   968.750000       0.00000000    
   969.250000       0.00000000    
   969.750000       0.00000000    
   970.250000       0.00000000    
   970.750000       0.00000000    
   971.250000       0.00000000    
   971.750000       0.00000000    
   972.250000       0.00000000    
   972.750000       0.00000000    
   973.250000       0.00000000    
   973.750000       0.00000000    
   974.250000       0.00000000    
   974.750000       0.00000000    
   975.250000       0.00000000    
   975.750000       0.00000000    
   976.250000       0.00000000    
   976.750000       0.00000000    
   977.250000       0.00000000    
   977.750000       0.00000000    
   978.250000       0.00000000    
   978.750000       0.00000000    
   979.250000       0.00000000    
   979.750000       0.00000000    
   980.250000       0.00000000    
   980.750000       0.00000000    
   981.250000       0.00000000    
   981.750000       0.00000000    
   982.250000       0.00000000    
   982.750000       0.00000000    
   983.250000       0.00000000    
   983.750000       0.00000000    
   984.250000       0.00000000    
   984.750000       0.00000000    
   985.250000       0.00000000    
   985.750000       0.00000000    
   986.250000       0.00000000    
   986.750000       0.00000000    
   987.250000       0.00000000    
   987.750000       0.00000000    
   988.250000       0.00000000    
   988.750000       0.00000000    
   989.250000       0.00000000    
   989.750000       0.00000000    
   990.250000       0.00000000    
   990.750000       0.00000000    
   991.250000       0.00000000    
   991.750000       0.00000000    
   992.250000       0.00000000    
   992.750000       0.00000000    
   993.250000       0.00000000    
   993.750000       0.00000000    
   994.250000       0.00000000    
   994.750000       0.00000000    
   995.250000       0.00000000    
   995.750000       0.00000000    
   996.250000       0.00000000    
   996.750000       0.00000000    
   997.250000       0.00000000    
   997.750000       0.00000000    
   998.250000       0.00000000    
   998.750000       0.00000000    
   999.250000       0.00000000    
   999.750000       0.00000000    
   1000.25000       0.00000000    
