 -0.250000000      -1.18077685E-06
  0.250000000      -1.18077685E-06
  0.750000000      -9.99476583E-07
   1.25000000      -1.28852832E-06
   1.75000000      -1.09892403E-06
   2.25000000      -1.23304903E-06
   2.75000000      -1.14619945E-06
   3.25000000      -1.14105194E-06
   3.75000000      -1.23377879E-06
   4.25000000      -1.27588794E-06
   4.75000000      -1.09213079E-06
   5.25000000      -1.20609354E-06
   5.75000000      -1.01969192E-06
   6.25000000      -1.37973632E-06
   6.75000000      -1.32273055E-06
   7.25000000      -1.31851459E-06
   7.75000000      -1.31410900E-06
   8.25000000      -1.31778154E-06
   8.75000000      -1.15079399E-06
   9.25000000      -1.20404013E-06
   9.75000000      -1.39935969E-06
   10.2500000      -1.33885590E-06
   10.7500000      -1.29885268E-06
   11.2500000      -1.37030656E-06
   11.7500000      -1.37921961E-06
   12.2500000      -1.36924450E-06
   12.7500000      -1.66935558E-06
   13.2500000      -1.43380169E-06
   13.7500000      -1.55335260E-06
   14.2500000      -1.71776628E-06
   14.7500000      -1.48374886E-06
   15.2500000      -1.82330302E-06
   15.7500000      -1.67737267E-06
   16.2500000      -1.56522424E-06
   16.7500000      -1.75208856E-06
   17.2500000      -1.79786991E-06
   17.7500000      -1.80178517E-06
   18.2500000      -1.99065016E-06
   18.7500000      -2.02895899E-06
   19.2500000      -2.05386982E-06
   19.7500000      -2.38038592E-06
   20.2500000      -2.08657434E-06
   20.7500000      -2.47079561E-06
   21.2500000      -2.15274213E-06
   21.7500000      -2.61910873E-06
   22.2500000      -2.35036759E-06
   22.7500000      -2.45671617E-06
   23.2500000      -2.76410833E-06
   23.7500000      -2.61044943E-06
   24.2500000      -2.66283473E-06
   24.7500000      -3.09818552E-06
   25.2500000      -2.93272569E-06
   25.7500000      -2.87212424E-06
   26.2500000      -3.27885505E-06
   26.7500000      -3.21979815E-06
   27.2500000      -3.45930516E-06
   27.7500000      -3.44407272E-06
   28.2500000      -3.85156864E-06
   28.7500000      -3.78506957E-06
   29.2500000      -4.02352771E-06
   29.7500000      -4.12582312E-06
   30.2500000      -4.34586082E-06
   30.7500000      -4.59137300E-06
   31.2500000      -4.61748868E-06
   31.7500000      -4.79357823E-06
   32.2500000      -4.88077012E-06
   32.7500000      -5.36017797E-06
   33.2500000      -5.34381570E-06
   33.7500000      -5.58045531E-06
   34.2500000      -5.57380918E-06
   34.7500000      -5.94302855E-06
   35.2500000      -6.35233937E-06
   35.7500000      -6.48766081E-06
   36.2500000      -6.47149045E-06
   36.7500000      -7.05547427E-06
   37.2500000      -7.17691682E-06
   37.7500000      -7.32954368E-06
   38.2500000      -7.82274401E-06
   38.7500000      -7.96528457E-06
   39.2500000      -8.46830790E-06
   39.7500000      -8.60337514E-06
   40.2500000      -8.77684488E-06
   40.7500000      -9.48120487E-06
   41.2500000      -9.50657613E-06
   41.7500000      -1.00492161E-05
   42.2500000      -1.00533471E-05
   42.7500000      -1.06217040E-05
   43.2500000      -1.08215190E-05
   43.7500000      -1.15386820E-05
   44.2500000      -1.16744895E-05
   44.7500000      -1.20015848E-05
   45.2500000      -1.25309234E-05
   45.7500000      -1.26633950E-05
   46.2500000      -1.35381442E-05
   46.7500000      -1.34778929E-05
   47.2500000      -1.40817947E-05
   47.7500000      -1.45150470E-05
   48.2500000      -1.48752861E-05
   48.7500000      -1.54734589E-05
   49.2500000      -1.57111499E-05
   49.7500000      -1.63841760E-05
   50.2500000      -1.66540576E-05
   50.7500000      -1.72821619E-05
   51.2500000      -1.76767735E-05
   51.7500000      -1.84431465E-05
   52.2500000      -1.86172801E-05
   52.7500000      -1.91276631E-05
   53.2500000      -1.98334728E-05
   53.7500000      -2.01792191E-05
   54.2500000      -2.07978283E-05
   54.7500000      -2.10624221E-05
   55.2500000      -2.18453915E-05
   55.7500000      -2.22758463E-05
   56.2500000      -2.28181070E-05
   56.7500000      -2.33257160E-05
   57.2500000      -2.39652418E-05
   57.7500000      -2.42995084E-05
   58.2500000      -2.49856093E-05
   58.7500000      -2.55441228E-05
   59.2500000      -2.58658019E-05
   59.7500000      -2.67002561E-05
   60.2500000      -2.71062672E-05
   60.7500000      -2.77318923E-05
   61.2500000      -2.82015280E-05
   61.7500000      -2.88484607E-05
   62.2500000      -2.93777321E-05
   62.7500000      -2.98385221E-05
   63.2500000      -3.05308931E-05
   63.7500000      -3.08437520E-05
   64.2500000      -3.13630444E-05
   64.7500000      -3.21996995E-05
   65.2500000      -3.25535257E-05
   65.7500000      -3.31400588E-05
   66.2500000      -3.36179764E-05
   66.7500000      -3.40986844E-05
   67.2500000      -3.46392990E-05
   67.7500000      -3.52247043E-05
   68.2500000      -3.55565026E-05
   68.7500000      -3.60999984E-05
   69.2500000      -3.67610446E-05
   69.7500000      -3.71820825E-05
   70.2500000      -3.76131029E-05
   70.7500000      -3.80182319E-05
   71.2500000      -3.86132961E-05
   71.7500000      -3.92481415E-05
   72.2500000      -3.95959032E-05
   72.7500000      -4.00607969E-05
   73.2500000      -4.05267383E-05
   73.7500000      -4.09418717E-05
   74.2500000      -4.14043352E-05
   74.7500000      -4.16223229E-05
   75.2500000      -4.26136357E-05
   75.7500000      -4.28135609E-05
   76.2500000      -4.32922243E-05
   76.7500000      -4.38179595E-05
   77.2500000      -4.42319870E-05
   77.7500000      -4.44804500E-05
   78.2500000      -4.49463550E-05
   78.7500000      -4.54966976E-05
   79.2500000      -4.59052244E-05
   79.7500000      -4.62054959E-05
   80.2500000      -4.67718783E-05
   80.7500000      -4.69929219E-05
   81.2500000      -4.75772395E-05
   81.7500000      -4.78020338E-05
   82.2500000      -4.81511051E-05
   82.7500000      -4.86986792E-05
   83.2500000      -4.88779588E-05
   83.7500000      -4.92206964E-05
   84.2500000      -4.97895599E-05
   84.7500000      -5.00294300E-05
   85.2500000      -5.02950570E-05
   85.7500000      -5.07014993E-05
   86.2500000      -5.10781574E-05
   86.7500000      -5.13157829E-05
   87.2500000      -5.14853418E-05
   87.7500000      -5.20556496E-05
   88.2500000      -5.21682086E-05
   88.7500000      -5.27335615E-05
   89.2500000      -5.28845521E-05
   89.7500000      -5.34010032E-05
   90.2500000      -5.36196676E-05
   90.7500000      -5.37935011E-05
   91.2500000      -5.40698384E-05
   91.7500000      -5.44871582E-05
   92.2500000      -5.45898256E-05
   92.7500000      -5.51091798E-05
   93.2500000      -5.49389806E-05
   93.7500000      -5.54347207E-05
   94.2500000      -5.56870400E-05
   94.7500000      -5.58991051E-05
   95.2500000      -5.61662528E-05
   95.7500000      -5.65952141E-05
   96.2500000      -5.67368334E-05
   96.7500000      -5.68604009E-05
   97.2500000      -5.71674937E-05
   97.7500000      -5.74243277E-05
   98.2500000      -5.74205951E-05
   98.7500000      -5.78769905E-05
   99.2500000      -5.81534550E-05
   99.7500000      -5.81275453E-05
   100.250000      -5.86186216E-05
   100.750000      -5.85690723E-05
   101.250000      -5.90093659E-05
   101.750000      -5.90095769E-05
   102.250000      -5.92608303E-05
   102.750000      -5.94407284E-05
   103.250000      -5.94318481E-05
   103.750000      -5.99928208E-05
   104.250000      -6.00366475E-05
   104.750000      -6.03606350E-05
   105.250000      -6.01626671E-05
   105.750000      -6.05454297E-05
   106.250000      -6.05960195E-05
   106.750000      -6.06416252E-05
   107.250000      -6.08639239E-05
   107.750000      -6.11264986E-05
   108.250000      -6.11906507E-05
   108.750000      -6.16389516E-05
   109.250000      -6.15542085E-05
   109.750000      -6.15284589E-05
   110.250000      -6.19399289E-05
   110.750000      -6.16730249E-05
   111.250000      -6.19769708E-05
   111.750000      -6.22574444E-05
   112.250000      -6.22083317E-05
   112.750000      -6.25902976E-05
   113.250000      -6.24224485E-05
   113.750000      -6.26594119E-05
   114.250000      -6.27780901E-05
   114.750000      -6.27393019E-05
   115.250000      -6.28495036E-05
   115.750000      -6.31002476E-05
   116.250000      -6.29248971E-05
   116.750000      -6.33850213E-05
   117.250000      -6.33093223E-05
   117.750000      -6.33212912E-05
   118.250000      -6.34334720E-05
   118.750000      -6.34630997E-05
   119.250000      -6.37110279E-05
   119.750000      -6.36127006E-05
   120.250000      -6.36694167E-05
   120.750000      -6.38796409E-05
   121.250000      -6.38119236E-05
   121.750000      -6.38954589E-05
   122.250000      -6.40914805E-05
   122.750000      -6.40436119E-05
   123.250000      -6.40854705E-05
   123.750000      -6.42931627E-05
   124.250000      -6.41280931E-05
   124.750000      -6.43207459E-05
   125.250000      -6.45091641E-05
   125.750000      -6.44148968E-05
   126.250000      -6.46516201E-05
   126.750000      -6.46130502E-05
   127.250000      -6.44947868E-05
   127.750000      -6.47359120E-05
   128.250000      -6.44602842E-05
   128.750000      -6.48243222E-05
   129.250000      -6.49278518E-05
   129.750000      -6.43988315E-05
   130.250000      -6.48766363E-05
   130.750000      -6.47418055E-05
   131.250000      -6.46784902E-05
   131.750000      -6.50102447E-05
   132.250000      -6.49401409E-05
   132.750000      -6.49003850E-05
   133.250000      -6.51366354E-05
   133.750000      -6.51701703E-05
   134.250000      -6.48132409E-05
   134.750000      -6.50989314E-05
   135.250000      -6.48200294E-05
   135.750000      -6.50141737E-05
   136.250000      -6.52809831E-05
   136.750000      -6.46491317E-05
   137.250000      -6.52774688E-05
   137.750000      -6.50539296E-05
   138.250000      -6.49620124E-05
   138.750000      -6.50761722E-05
   139.250000      -6.50295624E-05
   139.750000      -6.49098147E-05
   140.250000      -6.50615184E-05
   140.750000      -6.51664377E-05
   141.250000      -6.45802647E-05
   141.750000      -6.51712035E-05
   142.250000      -6.47295965E-05
   142.750000      -6.44420288E-05
   143.250000      -6.52406889E-05
   143.750000      -6.47219204E-05
   144.250000      -6.48297646E-05
   144.750000      -6.48644054E-05
   145.250000      -6.47521883E-05
   145.750000      -6.46452681E-05
   146.250000      -6.46867702E-05
   146.750000      -6.48213172E-05
   147.250000      -6.42759915E-05
   147.750000      -6.48621208E-05
   148.250000      -6.44293686E-05
   148.750000      -6.42023297E-05
   149.250000      -6.49090944E-05
   149.750000      -6.42023879E-05
   150.250000      -6.43986205E-05
   150.750000      -6.46455956E-05
   151.250000      -6.44716347E-05
   151.750000      -6.43933090E-05
   152.250000      -6.43391977E-05
   152.750000      -6.43816893E-05
   153.250000      -6.39632271E-05
   153.750000      -6.44788379E-05
   154.250000      -6.41908919E-05
   154.750000      -6.36213445E-05
   155.250000      -6.45990949E-05
   155.750000      -6.38919810E-05
   156.250000      -6.38229976E-05
   156.750000      -6.42477753E-05
   157.250000      -6.38882411E-05
   157.750000      -6.33601303E-05
   158.250000      -6.38997226E-05
   158.750000      -6.36294426E-05
   159.250000      -6.34200915E-05
   159.750000      -6.37873745E-05
   160.250000      -6.33901218E-05
   160.750000      -6.32229785E-05
   161.250000      -6.36246332E-05
   161.750000      -6.35542310E-05
   162.250000      -6.31603689E-05
   162.750000      -6.28473645E-05
   163.250000      -6.38675410E-05
   163.750000      -6.27706613E-05
   164.250000      -6.28067064E-05
   164.750000      -6.37481353E-05
   165.250000      -6.26223846E-05
   165.750000      -6.26421970E-05
   166.250000      -6.29852875E-05
   166.750000      -6.29144924E-05
   167.250000      -6.21588842E-05
   167.750000      -6.26626934E-05
   168.250000      -6.31162620E-05
   168.750000      -6.19038183E-05
   169.250000      -6.25627945E-05
   169.750000      -6.30159630E-05
   170.250000      -6.19877610E-05
   170.750000      -6.18931590E-05
   171.250000      -6.23331362E-05
   171.750000      -6.27316767E-05
   172.250000      -6.11979776E-05
   172.750000      -6.19002240E-05
   173.250000      -6.25722168E-05
   173.750000      -6.15136159E-05
   174.250000      -6.12171279E-05
   174.750000      -6.20808351E-05
   175.250000      -6.22994412E-05
   175.750000      -6.05532659E-05
   176.250000      -6.15316894E-05
   176.750000      -6.22164007E-05
   177.250000      -6.09675772E-05
   177.750000      -6.06315261E-05
   178.250000      -6.12242075E-05
   178.750000      -6.21620129E-05
   179.250000      -6.02833388E-05
   179.750000      -6.02949694E-05
   180.250000      -6.19722923E-05
   180.750000      -6.08359078E-05
   181.250000      -5.99326959E-05
   181.750000      -6.04474335E-05
   182.250000      -6.14251330E-05
   182.750000      -6.07401234E-05
   183.250000      -5.90712516E-05
   183.750000      -6.06800349E-05
   184.250000      -6.16292309E-05
   184.750000      -5.99645973E-05
   185.250000      -5.87201430E-05
   185.750000      -6.03661247E-05
   186.250000      -6.14559103E-05
   186.750000      -5.93802361E-05
   187.250000      -5.85198140E-05
   187.750000      -5.94663288E-05
   188.250000      -6.14463279E-05
   188.750000      -6.01924366E-05
   189.250000      -5.70121447E-05
   189.750000      -5.91045282E-05
   190.250000      -6.14380988E-05
   190.750000      -6.04966590E-05
   191.250000      -5.70384545E-05
   191.750000      -5.69626718E-05
   192.250000      -6.01724751E-05
   192.750000      -6.19263519E-05
   193.250000      -5.88422481E-05
   193.750000      -5.45538096E-05
   194.250000      -5.67750467E-05
   194.750000      -6.19559869E-05
   195.250000      -6.19378843E-05
   195.750000      -5.59420077E-05
   196.250000      -4.60989868E-05
   196.750000      -4.13637863E-05
   197.250000      -3.53286378E-05
   197.750000      -1.00249417E-05
   198.250000       5.79486659E-05
   198.750000       1.85154204E-04
   199.250000       3.78299330E-04
   199.750000       6.33833115E-04
   200.250000       9.41008911E-04
   200.750000       1.29300682E-03
   201.250000       1.68274867E-03
   201.750000       2.10272218E-03
   202.250000       2.55315751E-03
   202.750000       3.02919885E-03
   203.250000       3.52874072E-03
   203.750000       4.05076565E-03
   204.250000       4.59349854E-03
   204.750000       5.15466416E-03
   205.250000       5.73243015E-03
   205.750000       6.32822840E-03
   206.250000       6.93712151E-03
   206.750000       7.56031135E-03
   207.250000       8.19860864E-03
   207.750000       8.84619262E-03
   208.250000       9.50742699E-03
   208.750000       1.01800952E-02
   209.250000       1.08619891E-02
   209.750000       1.15538118E-02
   210.250000       1.22561911E-02
   210.750000       1.29668778E-02
   211.250000       1.36841014E-02
   211.750000       1.44127766E-02
   212.250000       1.51474439E-02
   212.750000       1.58883799E-02
   213.250000       1.66390464E-02
   213.750000       1.73945073E-02
   214.250000       1.81560200E-02
   214.750000       1.89254917E-02
   215.250000       1.97006073E-02
   215.750000       2.04797648E-02
   216.250000       2.12662760E-02
   216.750000       2.20584627E-02
   217.250000       2.28526108E-02
   217.750000       2.36549862E-02
   218.250000       2.44620834E-02
   218.750000       2.52703931E-02
   219.250000       2.60866284E-02
   219.750000       2.69071702E-02
   220.250000       2.77286768E-02
   220.750000       2.85567418E-02
   221.250000       2.93895714E-02
   221.750000       3.02233435E-02
   222.250000       3.10615357E-02
   222.750000       3.19065638E-02
   223.250000       3.27498205E-02
   223.750000       3.35990749E-02
   224.250000       3.44537199E-02
   224.750000       3.53066884E-02
   225.250000       3.61654609E-02
   225.750000       3.70290279E-02
   226.250000       3.78912874E-02
   226.750000       3.87579463E-02
   227.250000       3.96305025E-02
   227.750000       4.05009948E-02
   228.250000       4.13747430E-02
   228.750000       4.22559641E-02
   229.250000       4.31329384E-02
   229.750000       4.40147333E-02
   230.250000       4.49024439E-02
   230.750000       4.57864404E-02
   231.250000       4.66759279E-02
   231.750000       4.75691073E-02
   232.250000       4.84592728E-02
   232.750000       4.93550301E-02
   233.250000       5.02546132E-02
   233.750000       5.11504896E-02
   234.250000       5.20511866E-02
   234.750000       5.29571585E-02
   235.250000       5.38575128E-02
   235.750000       5.47647290E-02
   236.250000       5.56756854E-02
   236.750000       5.65792285E-02
   237.250000       5.74927218E-02
   237.750000       5.84078133E-02
   238.250000       5.93154132E-02
   238.750000       6.02345653E-02
   239.250000       6.11537285E-02
   239.750000       6.20646514E-02
   240.250000       6.29887879E-02
   240.750000       6.39127120E-02
   241.250000       6.48235604E-02
   241.750000       6.57548234E-02
   242.250000       6.66834638E-02
   242.750000       6.75924569E-02
   243.250000       6.85316622E-02
   243.750000       6.94660172E-02
   244.250000       7.03696609E-02
   244.750000       7.13165626E-02
   245.250000       7.22616613E-02
   245.750000       7.31536672E-02
   246.250000       7.41057917E-02
   246.750000       7.50724226E-02
   247.250000       7.59438649E-02
   247.750000       7.68945664E-02
   248.250000       7.79017061E-02
   248.750000       7.87440762E-02
   249.250000       7.96728432E-02
   249.750000       8.07492286E-02
   250.250000       8.15639868E-02
   250.750000       8.24270174E-02
   251.250000       8.36091340E-02
   251.750000       8.44279900E-02
   252.250000       8.51424485E-02
   252.750000       8.64577293E-02
   253.250000       8.73714909E-02
   253.750000       8.78238529E-02
   254.250000       8.92364904E-02
   254.750000       9.04334188E-02
   255.250000       9.05204564E-02
   255.750000       9.18467715E-02
   256.250000       9.36183110E-02
   256.750000       9.33664218E-02
   257.250000       9.41799581E-02
   257.750000       9.68135372E-02
   258.250000       9.65944529E-02
   258.750000       9.62206870E-02
   259.250000       9.97009054E-02
   259.750000      0.100452811    
   260.250000       9.82328132E-02
   260.750000      0.101746239    
   261.250000      0.104944691    
   261.750000      0.100941271    
   262.250000      0.102450222    
   262.750000      0.109407365    
   263.250000      0.105455577    
   263.750000      0.101984091    
   264.250000      0.112208754    
   264.750000      0.112600714    
   265.250000      0.101979829    
   265.750000      0.111200616    
   266.250000      0.121560156    
   266.750000      0.105688535    
   267.250000      0.105513759    
   267.750000      0.128534973    
   268.250000      0.116467677    
   268.750000       9.80671272E-02
   269.250000      0.127322733    
   269.750000      0.134378240    
   270.250000       9.62749571E-02
   270.750000      0.113804184    
   271.250000      0.152444348    
   271.750000      0.108651690    
   272.250000       9.24146101E-02
   272.750000      0.156946942    
   273.250000      0.138114586    
   273.750000       7.72552863E-02
   274.250000      0.136811733    
   274.750000      0.174934715    
   275.250000       8.43810812E-02
   275.750000       9.73959938E-02
   276.250000      0.195464224    
   276.750000      0.121584550    
   277.250000       6.17009699E-02
   277.750000      0.176645592    
   278.250000      0.179410681    
   278.750000       5.51014543E-02
   279.250000      0.120923199    
   279.750000      0.225541413    
   280.250000       9.15611014E-02
   280.750000       6.11247197E-02
   281.250000      0.219790027    
   281.750000      0.165552616    
   282.250000       3.51408273E-02
   282.750000      0.154207081    
   283.250000      0.239879116    
   283.750000       6.42390475E-02
   284.250000       7.10853487E-02
   284.750000      0.254412949    
   285.250000      0.147878438    
   285.750000       2.53284313E-02
   286.250000      0.184506699    
   286.750000      0.246438265    
   287.250000       4.62222211E-02
   287.750000       8.17084387E-02
   288.250000      0.279982924    
   288.750000      0.136314675    
   289.250000       2.03348417E-02
   289.750000      0.206990436    
   290.250000      0.253126115    
   290.750000       3.59337740E-02
   291.250000       8.96358788E-02
   291.750000      0.300058931    
   292.250000      0.130541146    
   292.750000       1.83817837E-02
   293.250000      0.226295546    
   293.750000      0.257928610    
   294.250000       2.92449109E-02
   294.750000      0.103591882    
   295.250000      0.316308051    
   295.750000      0.118926488    
   296.250000       2.55921893E-02
   296.750000      0.258597076    
   297.250000      0.242677614    
   297.750000       2.10302342E-02
   298.250000      0.147786736    
   298.750000      0.321015686    
   299.250000       8.19079801E-02
   299.750000       5.76110668E-02
   300.250000      0.311205775    
   300.750000      0.184750244    
   301.250000       1.83333345E-02
   301.750000      0.230273351    
   302.250000      0.287191838    
   302.750000       3.55361998E-02
   303.250000      0.130658716    
   303.750000      0.337950408    
   304.250000      0.101072460    
   304.750000       5.88146225E-02
   305.250000      0.319989383    
   305.750000      0.189837039    
   306.250000       2.76520904E-02
   306.750000      0.258544862    
   307.250000      0.272042334    
   307.750000       3.27233858E-02
   308.250000      0.183848903    
   308.750000      0.326655179    
   309.250000       6.69264048E-02
   309.750000      0.118174113    
   310.250000      0.344515949    
   310.750000      0.118319757    
   311.250000      -9.42674279E-03
   311.750000      -9.30038455E-04
   312.250000       4.15452902E-04
   312.750000      -4.90981947E-05
   313.250000      -2.28715135E-06
   313.750000       1.70914075E-06
   314.250000      -2.43398205E-07
   314.750000      -2.01876138E-09
   315.250000       6.81351509E-09
   315.750000      -1.15911103E-09
   316.250000       2.56757463E-11
   316.750000       2.61576906E-11
   317.250000      -5.33786253E-12
   317.750000       2.57164136E-13
   318.250000       9.56750751E-14
   318.750000      -2.38559477E-14
   319.250000       1.71416217E-15
   319.750000       3.26733748E-16
   320.250000      -1.03631258E-16
   320.750000       9.80995013E-18
   321.250000       9.97054145E-19
   321.750000      -4.37550472E-19
   322.250000       5.15820589E-20
   322.750000       2.39292648E-21
   323.250000      -1.79265528E-21
   323.750000       2.56271474E-22
   324.250000       1.77829916E-24
   324.750000      -7.10290438E-24
   325.250000       1.21889857E-24
   325.750000      -2.94123769E-26
   326.250000      -2.69649390E-26
   326.750000       5.60112274E-27
   327.250000      -2.88193124E-28
   327.750000      -9.82939815E-29
   328.250000       2.51880882E-29
   328.750000      -1.76682462E-30
   329.250000      -3.37035789E-31
   329.750000       9.83526837E-32
   330.250000      -1.08225693E-32
   330.750000      -2.42769338E-34
   331.250000       5.53382838E-34
   331.750000      -1.01428931E-34
   332.250000      -1.51015538E-35
   332.750000       4.16023838E-36
   333.250000       9.71857030E-37
   333.750000      -6.23105915E-38
   334.250000      -9.41225946E-38
   334.750000      -5.50108439E-39
   335.250000       7.35682675E-39
   335.750000       9.47276361E-40
   336.250000      -4.79827015E-40
   336.750000      -1.04155712E-40
   337.250000       2.73673590E-41
   337.750000       9.54844774E-42
   338.250000      -1.33123354E-42
   338.750000      -7.79121946E-43
   339.250000       4.34402524E-44
   339.750000       5.88545355E-44
   340.250000       0.00000000    
   340.750000      -1.40129846E-45
   341.250000       0.00000000    
   341.750000       0.00000000    
   342.250000       0.00000000    
   342.750000       0.00000000    
   343.250000       0.00000000    
   343.750000       0.00000000    
   344.250000       0.00000000    
   344.750000       0.00000000    
   345.250000       0.00000000    
   345.750000       0.00000000    
   346.250000       0.00000000    
   346.750000       0.00000000    
   347.250000       0.00000000    
   347.750000       0.00000000    
   348.250000       0.00000000    
   348.750000       0.00000000    
   349.250000       0.00000000    
   349.750000       0.00000000    
   350.250000       0.00000000    
   350.750000       0.00000000    
   351.250000       0.00000000    
   351.750000       0.00000000    
   352.250000       0.00000000    
   352.750000       0.00000000    
   353.250000       0.00000000    
   353.750000       0.00000000    
   354.250000       0.00000000    
   354.750000       0.00000000    
   355.250000       0.00000000    
   355.750000       0.00000000    
   356.250000       0.00000000    
   356.750000       0.00000000    
   357.250000       0.00000000    
   357.750000       0.00000000    
   358.250000       0.00000000    
   358.750000       0.00000000    
   359.250000       0.00000000    
   359.750000       0.00000000    
   360.250000       0.00000000    
   360.750000       0.00000000    
   361.250000       0.00000000    
   361.750000       0.00000000    
   362.250000       0.00000000    
   362.750000       0.00000000    
   363.250000       0.00000000    
   363.750000       0.00000000    
   364.250000       0.00000000    
   364.750000       0.00000000    
   365.250000       0.00000000    
   365.750000       0.00000000    
   366.250000       0.00000000    
   366.750000       0.00000000    
   367.250000       0.00000000    
   367.750000       0.00000000    
   368.250000       0.00000000    
   368.750000       0.00000000    
   369.250000       0.00000000    
   369.750000       0.00000000    
   370.250000       0.00000000    
   370.750000       0.00000000    
   371.250000       0.00000000    
   371.750000       0.00000000    
   372.250000       0.00000000    
   372.750000       0.00000000    
   373.250000       0.00000000    
   373.750000       0.00000000    
   374.250000       0.00000000    
   374.750000       0.00000000    
   375.250000       0.00000000    
   375.750000       0.00000000    
   376.250000       0.00000000    
   376.750000       0.00000000    
   377.250000       0.00000000    
   377.750000       0.00000000    
   378.250000       0.00000000    
   378.750000       0.00000000    
   379.250000       0.00000000    
   379.750000       0.00000000    
   380.250000       0.00000000    
   380.750000       0.00000000    
   381.250000       0.00000000    
   381.750000       0.00000000    
   382.250000       0.00000000    
   382.750000       0.00000000    
   383.250000       0.00000000    
   383.750000       0.00000000    
   384.250000       0.00000000    
   384.750000       0.00000000    
   385.250000       0.00000000    
   385.750000       0.00000000    
   386.250000       0.00000000    
   386.750000       0.00000000    
   387.250000       0.00000000    
   387.750000       0.00000000    
   388.250000       0.00000000    
   388.750000       0.00000000    
   389.250000       0.00000000    
   389.750000       0.00000000    
   390.250000       0.00000000    
   390.750000       0.00000000    
   391.250000       0.00000000    
   391.750000       0.00000000    
   392.250000       0.00000000    
   392.750000       0.00000000    
   393.250000       0.00000000    
   393.750000       0.00000000    
   394.250000       0.00000000    
   394.750000       0.00000000    
   395.250000       0.00000000    
   395.750000       0.00000000    
   396.250000       0.00000000    
   396.750000       0.00000000    
   397.250000       0.00000000    
   397.750000       0.00000000    
   398.250000       0.00000000    
   398.750000       0.00000000    
   399.250000       0.00000000    
   399.750000       0.00000000    
   400.250000       0.00000000    
   400.750000       0.00000000    
   401.250000       0.00000000    
   401.750000       0.00000000    
   402.250000       0.00000000    
   402.750000       0.00000000    
   403.250000       0.00000000    
   403.750000       0.00000000    
   404.250000       0.00000000    
   404.750000       0.00000000    
   405.250000       0.00000000    
   405.750000       0.00000000    
   406.250000       0.00000000    
   406.750000       0.00000000    
   407.250000       0.00000000    
   407.750000       0.00000000    
   408.250000       0.00000000    
   408.750000       0.00000000    
   409.250000       0.00000000    
   409.750000       0.00000000    
   410.250000       0.00000000    
   410.750000       0.00000000    
   411.250000       0.00000000    
   411.750000       0.00000000    
   412.250000       0.00000000    
   412.750000       0.00000000    
   413.250000       0.00000000    
   413.750000       0.00000000    
   414.250000       0.00000000    
   414.750000       0.00000000    
   415.250000       0.00000000    
   415.750000       0.00000000    
   416.250000       0.00000000    
   416.750000       0.00000000    
   417.250000       0.00000000    
   417.750000       0.00000000    
   418.250000       0.00000000    
   418.750000       0.00000000    
   419.250000       0.00000000    
   419.750000       0.00000000    
   420.250000       0.00000000    
   420.750000       0.00000000    
   421.250000       0.00000000    
   421.750000       0.00000000    
   422.250000       0.00000000    
   422.750000       0.00000000    
   423.250000       0.00000000    
   423.750000       0.00000000    
   424.250000       0.00000000    
   424.750000       0.00000000    
   425.250000       0.00000000    
   425.750000       0.00000000    
   426.250000       0.00000000    
   426.750000       0.00000000    
   427.250000       0.00000000    
   427.750000       0.00000000    
   428.250000       0.00000000    
   428.750000       0.00000000    
   429.250000       0.00000000    
   429.750000       0.00000000    
   430.250000       0.00000000    
   430.750000       0.00000000    
   431.250000       0.00000000    
   431.750000       0.00000000    
   432.250000       0.00000000    
   432.750000       0.00000000    
   433.250000       0.00000000    
   433.750000       0.00000000    
   434.250000       0.00000000    
   434.750000       0.00000000    
   435.250000       0.00000000    
   435.750000       0.00000000    
   436.250000       0.00000000    
   436.750000       0.00000000    
   437.250000       0.00000000    
   437.750000       0.00000000    
   438.250000       0.00000000    
   438.750000       0.00000000    
   439.250000       0.00000000    
   439.750000       0.00000000    
   440.250000       0.00000000    
   440.750000       0.00000000    
   441.250000       0.00000000    
   441.750000       0.00000000    
   442.250000       0.00000000    
   442.750000       0.00000000    
   443.250000       0.00000000    
   443.750000       0.00000000    
   444.250000       0.00000000    
   444.750000       0.00000000    
   445.250000       0.00000000    
   445.750000       0.00000000    
   446.250000       0.00000000    
   446.750000       0.00000000    
   447.250000       0.00000000    
   447.750000       0.00000000    
   448.250000       0.00000000    
   448.750000       0.00000000    
   449.250000       0.00000000    
   449.750000       0.00000000    
   450.250000       0.00000000    
   450.750000       0.00000000    
   451.250000       0.00000000    
   451.750000       0.00000000    
   452.250000       0.00000000    
   452.750000       0.00000000    
   453.250000       0.00000000    
   453.750000       0.00000000    
   454.250000       0.00000000    
   454.750000       0.00000000    
   455.250000       0.00000000    
   455.750000       0.00000000    
   456.250000       0.00000000    
   456.750000       0.00000000    
   457.250000       0.00000000    
   457.750000       0.00000000    
   458.250000       0.00000000    
   458.750000       0.00000000    
   459.250000       0.00000000    
   459.750000       0.00000000    
   460.250000       0.00000000    
   460.750000       0.00000000    
   461.250000       0.00000000    
   461.750000       0.00000000    
   462.250000       0.00000000    
   462.750000       0.00000000    
   463.250000       0.00000000    
   463.750000       0.00000000    
   464.250000       0.00000000    
   464.750000       0.00000000    
   465.250000       0.00000000    
   465.750000       0.00000000    
   466.250000       0.00000000    
   466.750000       0.00000000    
   467.250000       0.00000000    
   467.750000       0.00000000    
   468.250000       0.00000000    
   468.750000       0.00000000    
   469.250000       0.00000000    
   469.750000       0.00000000    
   470.250000       0.00000000    
   470.750000       0.00000000    
   471.250000       0.00000000    
   471.750000       0.00000000    
   472.250000       0.00000000    
   472.750000       0.00000000    
   473.250000       0.00000000    
   473.750000       0.00000000    
   474.250000       0.00000000    
   474.750000       0.00000000    
   475.250000       0.00000000    
   475.750000       0.00000000    
   476.250000       0.00000000    
   476.750000       0.00000000    
   477.250000       0.00000000    
   477.750000       0.00000000    
   478.250000       0.00000000    
   478.750000       0.00000000    
   479.250000       0.00000000    
   479.750000       0.00000000    
   480.250000       0.00000000    
   480.750000       0.00000000    
   481.250000       0.00000000    
   481.750000       0.00000000    
   482.250000       0.00000000    
   482.750000       0.00000000    
   483.250000       0.00000000    
   483.750000       0.00000000    
   484.250000       0.00000000    
   484.750000       0.00000000    
   485.250000       0.00000000    
   485.750000       0.00000000    
   486.250000       0.00000000    
   486.750000       0.00000000    
   487.250000       0.00000000    
   487.750000       0.00000000    
   488.250000       0.00000000    
   488.750000       0.00000000    
   489.250000       0.00000000    
   489.750000       0.00000000    
   490.250000       0.00000000    
   490.750000       0.00000000    
   491.250000       0.00000000    
   491.750000       0.00000000    
   492.250000       0.00000000    
   492.750000       0.00000000    
   493.250000       0.00000000    
   493.750000       0.00000000    
   494.250000       0.00000000    
   494.750000       0.00000000    
   495.250000       0.00000000    
   495.750000       0.00000000    
   496.250000       0.00000000    
   496.750000       0.00000000    
   497.250000       0.00000000    
   497.750000       0.00000000    
   498.250000       0.00000000    
   498.750000       0.00000000    
   499.250000       0.00000000    
   499.750000       0.00000000    
   500.250000       0.00000000    
   500.750000       0.00000000    
   501.250000       0.00000000    
   501.750000       0.00000000    
   502.250000       0.00000000    
   502.750000       0.00000000    
   503.250000       0.00000000    
   503.750000       0.00000000    
   504.250000       0.00000000    
   504.750000       0.00000000    
   505.250000       0.00000000    
   505.750000       0.00000000    
   506.250000       0.00000000    
   506.750000       0.00000000    
   507.250000       0.00000000    
   507.750000       0.00000000    
   508.250000       0.00000000    
   508.750000       0.00000000    
   509.250000       0.00000000    
   509.750000       0.00000000    
   510.250000       0.00000000    
   510.750000       0.00000000    
   511.250000       0.00000000    
   511.750000       0.00000000    
   512.250000       0.00000000    
   512.750000       0.00000000    
   513.250000       0.00000000    
   513.750000       0.00000000    
   514.250000       0.00000000    
   514.750000       0.00000000    
   515.250000       0.00000000    
   515.750000       0.00000000    
   516.250000       0.00000000    
   516.750000       0.00000000    
   517.250000       0.00000000    
   517.750000       0.00000000    
   518.250000       0.00000000    
   518.750000       0.00000000    
   519.250000       0.00000000    
   519.750000       0.00000000    
   520.250000       0.00000000    
   520.750000       0.00000000    
   521.250000       0.00000000    
   521.750000       0.00000000    
   522.250000       0.00000000    
   522.750000       0.00000000    
   523.250000       0.00000000    
   523.750000       0.00000000    
   524.250000       0.00000000    
   524.750000       0.00000000    
   525.250000       0.00000000    
   525.750000       0.00000000    
   526.250000       0.00000000    
   526.750000       0.00000000    
   527.250000       0.00000000    
   527.750000       0.00000000    
   528.250000       0.00000000    
   528.750000       0.00000000    
   529.250000       0.00000000    
   529.750000       0.00000000    
   530.250000       0.00000000    
   530.750000       0.00000000    
   531.250000       0.00000000    
   531.750000       0.00000000    
   532.250000       0.00000000    
   532.750000       0.00000000    
   533.250000       0.00000000    
   533.750000       0.00000000    
   534.250000       0.00000000    
   534.750000       0.00000000    
   535.250000       0.00000000    
   535.750000       0.00000000    
   536.250000       0.00000000    
   536.750000       0.00000000    
   537.250000       0.00000000    
   537.750000       0.00000000    
   538.250000       0.00000000    
   538.750000       0.00000000    
   539.250000       0.00000000    
   539.750000       0.00000000    
   540.250000       0.00000000    
   540.750000       0.00000000    
   541.250000       0.00000000    
   541.750000       0.00000000    
   542.250000       0.00000000    
   542.750000       0.00000000    
   543.250000       0.00000000    
   543.750000       0.00000000    
   544.250000       0.00000000    
   544.750000       0.00000000    
   545.250000       0.00000000    
   545.750000       0.00000000    
   546.250000       0.00000000    
   546.750000       0.00000000    
   547.250000       0.00000000    
   547.750000       0.00000000    
   548.250000       0.00000000    
   548.750000       0.00000000    
   549.250000       0.00000000    
   549.750000       0.00000000    
   550.250000       0.00000000    
   550.750000       0.00000000    
   551.250000       0.00000000    
   551.750000       0.00000000    
   552.250000       0.00000000    
   552.750000       0.00000000    
   553.250000       0.00000000    
   553.750000       0.00000000    
   554.250000       0.00000000    
   554.750000       0.00000000    
   555.250000       0.00000000    
   555.750000       0.00000000    
   556.250000       0.00000000    
   556.750000       0.00000000    
   557.250000       0.00000000    
   557.750000       0.00000000    
   558.250000       0.00000000    
   558.750000       0.00000000    
   559.250000       0.00000000    
   559.750000       0.00000000    
   560.250000       0.00000000    
   560.750000       0.00000000    
   561.250000       0.00000000    
   561.750000       0.00000000    
   562.250000       0.00000000    
   562.750000       0.00000000    
   563.250000       0.00000000    
   563.750000       0.00000000    
   564.250000       0.00000000    
   564.750000       0.00000000    
   565.250000       0.00000000    
   565.750000       0.00000000    
   566.250000       0.00000000    
   566.750000       0.00000000    
   567.250000       0.00000000    
   567.750000       0.00000000    
   568.250000       0.00000000    
   568.750000       0.00000000    
   569.250000       0.00000000    
   569.750000       0.00000000    
   570.250000       0.00000000    
   570.750000       0.00000000    
   571.250000       0.00000000    
   571.750000       0.00000000    
   572.250000       0.00000000    
   572.750000       0.00000000    
   573.250000       0.00000000    
   573.750000       0.00000000    
   574.250000       0.00000000    
   574.750000       0.00000000    
   575.250000       0.00000000    
   575.750000       0.00000000    
   576.250000       0.00000000    
   576.750000       0.00000000    
   577.250000       0.00000000    
   577.750000       0.00000000    
   578.250000       0.00000000    
   578.750000       0.00000000    
   579.250000       0.00000000    
   579.750000       0.00000000    
   580.250000       0.00000000    
   580.750000       0.00000000    
   581.250000       0.00000000    
   581.750000       0.00000000    
   582.250000       0.00000000    
   582.750000       0.00000000    
   583.250000       0.00000000    
   583.750000       0.00000000    
   584.250000       0.00000000    
   584.750000       0.00000000    
   585.250000       0.00000000    
   585.750000       0.00000000    
   586.250000       0.00000000    
   586.750000       0.00000000    
   587.250000       0.00000000    
   587.750000       0.00000000    
   588.250000       0.00000000    
   588.750000       0.00000000    
   589.250000       0.00000000    
   589.750000       0.00000000    
   590.250000       0.00000000    
   590.750000       0.00000000    
   591.250000       0.00000000    
   591.750000       0.00000000    
   592.250000       0.00000000    
   592.750000       0.00000000    
   593.250000       0.00000000    
   593.750000       0.00000000    
   594.250000       0.00000000    
   594.750000       0.00000000    
   595.250000       0.00000000    
   595.750000       0.00000000    
   596.250000       0.00000000    
   596.750000       0.00000000    
   597.250000       0.00000000    
   597.750000       0.00000000    
   598.250000       0.00000000    
   598.750000       0.00000000    
   599.250000       0.00000000    
   599.750000       0.00000000    
   600.250000       0.00000000    
   600.750000       0.00000000    
   601.250000       0.00000000    
   601.750000       0.00000000    
   602.250000       0.00000000    
   602.750000       0.00000000    
   603.250000       0.00000000    
   603.750000       0.00000000    
   604.250000       0.00000000    
   604.750000       0.00000000    
   605.250000       0.00000000    
   605.750000       0.00000000    
   606.250000       0.00000000    
   606.750000       0.00000000    
   607.250000       0.00000000    
   607.750000       0.00000000    
   608.250000       0.00000000    
   608.750000       0.00000000    
   609.250000       0.00000000    
   609.750000       0.00000000    
   610.250000       0.00000000    
   610.750000       0.00000000    
   611.250000       0.00000000    
   611.750000       0.00000000    
   612.250000       0.00000000    
   612.750000       0.00000000    
   613.250000       0.00000000    
   613.750000       0.00000000    
   614.250000       0.00000000    
   614.750000       0.00000000    
   615.250000       0.00000000    
   615.750000       0.00000000    
   616.250000       0.00000000    
   616.750000       0.00000000    
   617.250000       0.00000000    
   617.750000       0.00000000    
   618.250000       0.00000000    
   618.750000       0.00000000    
   619.250000       0.00000000    
   619.750000       0.00000000    
   620.250000       0.00000000    
   620.750000       0.00000000    
   621.250000       0.00000000    
   621.750000       0.00000000    
   622.250000       0.00000000    
   622.750000       0.00000000    
   623.250000       0.00000000    
   623.750000       0.00000000    
   624.250000       0.00000000    
   624.750000       0.00000000    
   625.250000       0.00000000    
   625.750000       0.00000000    
   626.250000       0.00000000    
   626.750000       0.00000000    
   627.250000       0.00000000    
   627.750000       0.00000000    
   628.250000       0.00000000    
   628.750000       0.00000000    
   629.250000       0.00000000    
   629.750000       0.00000000    
   630.250000       0.00000000    
   630.750000       0.00000000    
   631.250000       0.00000000    
   631.750000       0.00000000    
   632.250000       0.00000000    
   632.750000       0.00000000    
   633.250000       0.00000000    
   633.750000       0.00000000    
   634.250000       0.00000000    
   634.750000       0.00000000    
   635.250000       0.00000000    
   635.750000       0.00000000    
   636.250000       0.00000000    
   636.750000       0.00000000    
   637.250000       0.00000000    
   637.750000       0.00000000    
   638.250000       0.00000000    
   638.750000       0.00000000    
   639.250000       0.00000000    
   639.750000       0.00000000    
   640.250000       0.00000000    
   640.750000       0.00000000    
   641.250000       0.00000000    
   641.750000       0.00000000    
   642.250000       0.00000000    
   642.750000       0.00000000    
   643.250000       0.00000000    
   643.750000       0.00000000    
   644.250000       0.00000000    
   644.750000       0.00000000    
   645.250000       0.00000000    
   645.750000       0.00000000    
   646.250000       0.00000000    
   646.750000       0.00000000    
   647.250000       0.00000000    
   647.750000       0.00000000    
   648.250000       0.00000000    
   648.750000       0.00000000    
   649.250000       0.00000000    
   649.750000       0.00000000    
   650.250000       0.00000000    
   650.750000       0.00000000    
   651.250000       0.00000000    
   651.750000       0.00000000    
   652.250000       0.00000000    
   652.750000       0.00000000    
   653.250000       0.00000000    
   653.750000       0.00000000    
   654.250000       0.00000000    
   654.750000       0.00000000    
   655.250000       0.00000000    
   655.750000       0.00000000    
   656.250000       0.00000000    
   656.750000       0.00000000    
   657.250000       0.00000000    
   657.750000       0.00000000    
   658.250000       0.00000000    
   658.750000       0.00000000    
   659.250000       0.00000000    
   659.750000       0.00000000    
   660.250000       0.00000000    
   660.750000       0.00000000    
   661.250000       0.00000000    
   661.750000       0.00000000    
   662.250000       0.00000000    
   662.750000       0.00000000    
   663.250000       0.00000000    
   663.750000       0.00000000    
   664.250000       0.00000000    
   664.750000       0.00000000    
   665.250000       0.00000000    
   665.750000       0.00000000    
   666.250000       0.00000000    
   666.750000       0.00000000    
   667.250000       0.00000000    
   667.750000       0.00000000    
   668.250000       0.00000000    
   668.750000       0.00000000    
   669.250000       0.00000000    
   669.750000       0.00000000    
   670.250000       0.00000000    
   670.750000       0.00000000    
   671.250000       0.00000000    
   671.750000       0.00000000    
   672.250000       0.00000000    
   672.750000       0.00000000    
   673.250000       0.00000000    
   673.750000       0.00000000    
   674.250000       0.00000000    
   674.750000       0.00000000    
   675.250000       0.00000000    
   675.750000       0.00000000    
   676.250000       0.00000000    
   676.750000       0.00000000    
   677.250000       0.00000000    
   677.750000       0.00000000    
   678.250000       0.00000000    
   678.750000       0.00000000    
   679.250000       0.00000000    
   679.750000       0.00000000    
   680.250000       0.00000000    
   680.750000       0.00000000    
   681.250000       0.00000000    
   681.750000       0.00000000    
   682.250000       0.00000000    
   682.750000       0.00000000    
   683.250000       0.00000000    
   683.750000       0.00000000    
   684.250000       0.00000000    
   684.750000       0.00000000    
   685.250000       0.00000000    
   685.750000       0.00000000    
   686.250000       0.00000000    
   686.750000       0.00000000    
   687.250000       0.00000000    
   687.750000       0.00000000    
   688.250000       0.00000000    
   688.750000       0.00000000    
   689.250000       0.00000000    
   689.750000       0.00000000    
   690.250000       0.00000000    
   690.750000       0.00000000    
   691.250000       0.00000000    
   691.750000       0.00000000    
   692.250000       0.00000000    
   692.750000       0.00000000    
   693.250000       0.00000000    
   693.750000       0.00000000    
   694.250000       0.00000000    
   694.750000       0.00000000    
   695.250000       0.00000000    
   695.750000       0.00000000    
   696.250000       0.00000000    
   696.750000       0.00000000    
   697.250000       0.00000000    
   697.750000       0.00000000    
   698.250000       0.00000000    
   698.750000       0.00000000    
   699.250000       0.00000000    
   699.750000       0.00000000    
   700.250000       0.00000000    
   700.750000       0.00000000    
   701.250000       0.00000000    
   701.750000       0.00000000    
   702.250000       0.00000000    
   702.750000       0.00000000    
   703.250000       0.00000000    
   703.750000       0.00000000    
   704.250000       0.00000000    
   704.750000       0.00000000    
   705.250000       0.00000000    
   705.750000       0.00000000    
   706.250000       0.00000000    
   706.750000       0.00000000    
   707.250000       0.00000000    
   707.750000       0.00000000    
   708.250000       0.00000000    
   708.750000       0.00000000    
   709.250000       0.00000000    
   709.750000       0.00000000    
   710.250000       0.00000000    
   710.750000       0.00000000    
   711.250000       0.00000000    
   711.750000       0.00000000    
   712.250000       0.00000000    
   712.750000       0.00000000    
   713.250000       0.00000000    
   713.750000       0.00000000    
   714.250000       0.00000000    
   714.750000       0.00000000    
   715.250000       0.00000000    
   715.750000       0.00000000    
   716.250000       0.00000000    
   716.750000       0.00000000    
   717.250000       0.00000000    
   717.750000       0.00000000    
   718.250000       0.00000000    
   718.750000       0.00000000    
   719.250000       0.00000000    
   719.750000       0.00000000    
   720.250000       0.00000000    
   720.750000       0.00000000    
   721.250000       0.00000000    
   721.750000       0.00000000    
   722.250000       0.00000000    
   722.750000       0.00000000    
   723.250000       0.00000000    
   723.750000       0.00000000    
   724.250000       0.00000000    
   724.750000       0.00000000    
   725.250000       0.00000000    
   725.750000       0.00000000    
   726.250000       0.00000000    
   726.750000       0.00000000    
   727.250000       0.00000000    
   727.750000       0.00000000    
   728.250000       0.00000000    
   728.750000       0.00000000    
   729.250000       0.00000000    
   729.750000       0.00000000    
   730.250000       0.00000000    
   730.750000       0.00000000    
   731.250000       0.00000000    
   731.750000       0.00000000    
   732.250000       0.00000000    
   732.750000       0.00000000    
   733.250000       0.00000000    
   733.750000       0.00000000    
   734.250000       0.00000000    
   734.750000       0.00000000    
   735.250000       0.00000000    
   735.750000       0.00000000    
   736.250000       0.00000000    
   736.750000       0.00000000    
   737.250000       0.00000000    
   737.750000       0.00000000    
   738.250000       0.00000000    
   738.750000       0.00000000    
   739.250000       0.00000000    
   739.750000       0.00000000    
   740.250000       0.00000000    
   740.750000       0.00000000    
   741.250000       0.00000000    
   741.750000       0.00000000    
   742.250000       0.00000000    
   742.750000       0.00000000    
   743.250000       0.00000000    
   743.750000       0.00000000    
   744.250000       0.00000000    
   744.750000       0.00000000    
   745.250000       0.00000000    
   745.750000       0.00000000    
   746.250000       0.00000000    
   746.750000       0.00000000    
   747.250000       0.00000000    
   747.750000       0.00000000    
   748.250000       0.00000000    
   748.750000       0.00000000    
   749.250000       0.00000000    
   749.750000       0.00000000    
   750.250000       0.00000000    
   750.750000       0.00000000    
   751.250000       0.00000000    
   751.750000       0.00000000    
   752.250000       0.00000000    
   752.750000       0.00000000    
   753.250000       0.00000000    
   753.750000       0.00000000    
   754.250000       0.00000000    
   754.750000       0.00000000    
   755.250000       0.00000000    
   755.750000       0.00000000    
   756.250000       0.00000000    
   756.750000       0.00000000    
   757.250000       0.00000000    
   757.750000       0.00000000    
   758.250000       0.00000000    
   758.750000       0.00000000    
   759.250000       0.00000000    
   759.750000       0.00000000    
   760.250000       0.00000000    
   760.750000       0.00000000    
   761.250000       0.00000000    
   761.750000       0.00000000    
   762.250000       0.00000000    
   762.750000       0.00000000    
   763.250000       0.00000000    
   763.750000       0.00000000    
   764.250000       0.00000000    
   764.750000       0.00000000    
   765.250000       0.00000000    
   765.750000       0.00000000    
   766.250000       0.00000000    
   766.750000       0.00000000    
   767.250000       0.00000000    
   767.750000       0.00000000    
   768.250000       0.00000000    
   768.750000       0.00000000    
   769.250000       0.00000000    
   769.750000       0.00000000    
   770.250000       0.00000000    
   770.750000       0.00000000    
   771.250000       0.00000000    
   771.750000       0.00000000    
   772.250000       0.00000000    
   772.750000       0.00000000    
   773.250000       0.00000000    
   773.750000       0.00000000    
   774.250000       0.00000000    
   774.750000       0.00000000    
   775.250000       0.00000000    
   775.750000       0.00000000    
   776.250000       0.00000000    
   776.750000       0.00000000    
   777.250000       0.00000000    
   777.750000       0.00000000    
   778.250000       0.00000000    
   778.750000       0.00000000    
   779.250000       0.00000000    
   779.750000       0.00000000    
   780.250000       0.00000000    
   780.750000       0.00000000    
   781.250000       0.00000000    
   781.750000       0.00000000    
   782.250000       0.00000000    
   782.750000       0.00000000    
   783.250000       0.00000000    
   783.750000       0.00000000    
   784.250000       0.00000000    
   784.750000       0.00000000    
   785.250000       0.00000000    
   785.750000       0.00000000    
   786.250000       0.00000000    
   786.750000       0.00000000    
   787.250000       0.00000000    
   787.750000       0.00000000    
   788.250000       0.00000000    
   788.750000       0.00000000    
   789.250000       0.00000000    
   789.750000       0.00000000    
   790.250000       0.00000000    
   790.750000       0.00000000    
   791.250000       0.00000000    
   791.750000       0.00000000    
   792.250000       0.00000000    
   792.750000       0.00000000    
   793.250000       0.00000000    
   793.750000       0.00000000    
   794.250000       0.00000000    
   794.750000       0.00000000    
   795.250000       0.00000000    
   795.750000       0.00000000    
   796.250000       0.00000000    
   796.750000       0.00000000    
   797.250000       0.00000000    
   797.750000       0.00000000    
   798.250000       0.00000000    
   798.750000       0.00000000    
   799.250000       0.00000000    
   799.750000       0.00000000    
   800.250000       0.00000000    
   800.750000       0.00000000    
   801.250000       0.00000000    
   801.750000       0.00000000    
   802.250000       0.00000000    
   802.750000       0.00000000    
   803.250000       0.00000000    
   803.750000       0.00000000    
   804.250000       0.00000000    
   804.750000       0.00000000    
   805.250000       0.00000000    
   805.750000       0.00000000    
   806.250000       0.00000000    
   806.750000       0.00000000    
   807.250000       0.00000000    
   807.750000       0.00000000    
   808.250000       0.00000000    
   808.750000       0.00000000    
   809.250000       0.00000000    
   809.750000       0.00000000    
   810.250000       0.00000000    
   810.750000       0.00000000    
   811.250000       0.00000000    
   811.750000       0.00000000    
   812.250000       0.00000000    
   812.750000       0.00000000    
   813.250000       0.00000000    
   813.750000       0.00000000    
   814.250000       0.00000000    
   814.750000       0.00000000    
   815.250000       0.00000000    
   815.750000       0.00000000    
   816.250000       0.00000000    
   816.750000       0.00000000    
   817.250000       0.00000000    
   817.750000       0.00000000    
   818.250000       0.00000000    
   818.750000       0.00000000    
   819.250000       0.00000000    
   819.750000       0.00000000    
   820.250000       0.00000000    
   820.750000       0.00000000    
   821.250000       0.00000000    
   821.750000       0.00000000    
   822.250000       0.00000000    
   822.750000       0.00000000    
   823.250000       0.00000000    
   823.750000       0.00000000    
   824.250000       0.00000000    
   824.750000       0.00000000    
   825.250000       0.00000000    
   825.750000       0.00000000    
   826.250000       0.00000000    
   826.750000       0.00000000    
   827.250000       0.00000000    
   827.750000       0.00000000    
   828.250000       0.00000000    
   828.750000       0.00000000    
   829.250000       0.00000000    
   829.750000       0.00000000    
   830.250000       0.00000000    
   830.750000       0.00000000    
   831.250000       0.00000000    
   831.750000       0.00000000    
   832.250000       0.00000000    
   832.750000       0.00000000    
   833.250000       0.00000000    
   833.750000       0.00000000    
   834.250000       0.00000000    
   834.750000       0.00000000    
   835.250000       0.00000000    
   835.750000       0.00000000    
   836.250000       0.00000000    
   836.750000       0.00000000    
   837.250000       0.00000000    
   837.750000       0.00000000    
   838.250000       0.00000000    
   838.750000       0.00000000    
   839.250000       0.00000000    
   839.750000       0.00000000    
   840.250000       0.00000000    
   840.750000       0.00000000    
   841.250000       0.00000000    
   841.750000       0.00000000    
   842.250000       0.00000000    
   842.750000       0.00000000    
   843.250000       0.00000000    
   843.750000       0.00000000    
   844.250000       0.00000000    
   844.750000       0.00000000    
   845.250000       0.00000000    
   845.750000       0.00000000    
   846.250000       0.00000000    
   846.750000       0.00000000    
   847.250000       0.00000000    
   847.750000       0.00000000    
   848.250000       0.00000000    
   848.750000       0.00000000    
   849.250000       0.00000000    
   849.750000       0.00000000    
   850.250000       0.00000000    
   850.750000       0.00000000    
   851.250000       0.00000000    
   851.750000       0.00000000    
   852.250000       0.00000000    
   852.750000       0.00000000    
   853.250000       0.00000000    
   853.750000       0.00000000    
   854.250000       0.00000000    
   854.750000       0.00000000    
   855.250000       0.00000000    
   855.750000       0.00000000    
   856.250000       0.00000000    
   856.750000       0.00000000    
   857.250000       0.00000000    
   857.750000       0.00000000    
   858.250000       0.00000000    
   858.750000       0.00000000    
   859.250000       0.00000000    
   859.750000       0.00000000    
   860.250000       0.00000000    
   860.750000       0.00000000    
   861.250000       0.00000000    
   861.750000       0.00000000    
   862.250000       0.00000000    
   862.750000       0.00000000    
   863.250000       0.00000000    
   863.750000       0.00000000    
   864.250000       0.00000000    
   864.750000       0.00000000    
   865.250000       0.00000000    
   865.750000       0.00000000    
   866.250000       0.00000000    
   866.750000       0.00000000    
   867.250000       0.00000000    
   867.750000       0.00000000    
   868.250000       0.00000000    
   868.750000       0.00000000    
   869.250000       0.00000000    
   869.750000       0.00000000    
   870.250000       0.00000000    
   870.750000       0.00000000    
   871.250000       0.00000000    
   871.750000       0.00000000    
   872.250000       0.00000000    
   872.750000       0.00000000    
   873.250000       0.00000000    
   873.750000       0.00000000    
   874.250000       0.00000000    
   874.750000       0.00000000    
   875.250000       0.00000000    
   875.750000       0.00000000    
   876.250000       0.00000000    
   876.750000       0.00000000    
   877.250000       0.00000000    
   877.750000       0.00000000    
   878.250000       0.00000000    
   878.750000       0.00000000    
   879.250000       0.00000000    
   879.750000       0.00000000    
   880.250000       0.00000000    
   880.750000       0.00000000    
   881.250000       0.00000000    
   881.750000       0.00000000    
   882.250000       0.00000000    
   882.750000       0.00000000    
   883.250000       0.00000000    
   883.750000       0.00000000    
   884.250000       0.00000000    
   884.750000       0.00000000    
   885.250000       0.00000000    
   885.750000       0.00000000    
   886.250000       0.00000000    
   886.750000       0.00000000    
   887.250000       0.00000000    
   887.750000       0.00000000    
   888.250000       0.00000000    
   888.750000       0.00000000    
   889.250000       0.00000000    
   889.750000       0.00000000    
   890.250000       0.00000000    
   890.750000       0.00000000    
   891.250000       0.00000000    
   891.750000       0.00000000    
   892.250000       0.00000000    
   892.750000       0.00000000    
   893.250000       0.00000000    
   893.750000       0.00000000    
   894.250000       0.00000000    
   894.750000       0.00000000    
   895.250000       0.00000000    
   895.750000       0.00000000    
   896.250000       0.00000000    
   896.750000       0.00000000    
   897.250000       0.00000000    
   897.750000       0.00000000    
   898.250000       0.00000000    
   898.750000       0.00000000    
   899.250000       0.00000000    
   899.750000       0.00000000    
   900.250000       0.00000000    
   900.750000       0.00000000    
   901.250000       0.00000000    
   901.750000       0.00000000    
   902.250000       0.00000000    
   902.750000       0.00000000    
   903.250000       0.00000000    
   903.750000       0.00000000    
   904.250000       0.00000000    
   904.750000       0.00000000    
   905.250000       0.00000000    
   905.750000       0.00000000    
   906.250000       0.00000000    
   906.750000       0.00000000    
   907.250000       0.00000000    
   907.750000       0.00000000    
   908.250000       0.00000000    
   908.750000       0.00000000    
   909.250000       0.00000000    
   909.750000       0.00000000    
   910.250000       0.00000000    
   910.750000       0.00000000    
   911.250000       0.00000000    
   911.750000       0.00000000    
   912.250000       0.00000000    
   912.750000       0.00000000    
   913.250000       0.00000000    
   913.750000       0.00000000    
   914.250000       0.00000000    
   914.750000       0.00000000    
   915.250000       0.00000000    
   915.750000       0.00000000    
   916.250000       0.00000000    
   916.750000       0.00000000    
   917.250000       0.00000000    
   917.750000       0.00000000    
   918.250000       0.00000000    
   918.750000       0.00000000    
   919.250000       0.00000000    
   919.750000       0.00000000    
   920.250000       0.00000000    
   920.750000       0.00000000    
   921.250000       0.00000000    
   921.750000       0.00000000    
   922.250000       0.00000000    
   922.750000       0.00000000    
   923.250000       0.00000000    
   923.750000       0.00000000    
   924.250000       0.00000000    
   924.750000       0.00000000    
   925.250000       0.00000000    
   925.750000       0.00000000    
   926.250000       0.00000000    
   926.750000       0.00000000    
   927.250000       0.00000000    
   927.750000       0.00000000    
   928.250000       0.00000000    
   928.750000       0.00000000    
   929.250000       0.00000000    
   929.750000       0.00000000    
   930.250000       0.00000000    
   930.750000       0.00000000    
   931.250000       0.00000000    
   931.750000       0.00000000    
   932.250000       0.00000000    
   932.750000       0.00000000    
   933.250000       0.00000000    
   933.750000       0.00000000    
   934.250000       0.00000000    
   934.750000       0.00000000    
   935.250000       0.00000000    
   935.750000       0.00000000    
   936.250000       0.00000000    
   936.750000       0.00000000    
   937.250000       0.00000000    
   937.750000       0.00000000    
   938.250000       0.00000000    
   938.750000       0.00000000    
   939.250000       0.00000000    
   939.750000       0.00000000    
   940.250000       0.00000000    
   940.750000       0.00000000    
   941.250000       0.00000000    
   941.750000       0.00000000    
   942.250000       0.00000000    
   942.750000       0.00000000    
   943.250000       0.00000000    
   943.750000       0.00000000    
   944.250000       0.00000000    
   944.750000       0.00000000    
   945.250000       0.00000000    
   945.750000       0.00000000    
   946.250000       0.00000000    
   946.750000       0.00000000    
   947.250000       0.00000000    
   947.750000       0.00000000    
   948.250000       0.00000000    
   948.750000       0.00000000    
   949.250000       0.00000000    
   949.750000       0.00000000    
   950.250000       0.00000000    
   950.750000       0.00000000    
   951.250000       0.00000000    
   951.750000       0.00000000    
   952.250000       0.00000000    
   952.750000       0.00000000    
   953.250000       0.00000000    
   953.750000       0.00000000    
   954.250000       0.00000000    
   954.750000       0.00000000    
   955.250000       0.00000000    
   955.750000       0.00000000    
   956.250000       0.00000000    
   956.750000       0.00000000    
   957.250000       0.00000000    
   957.750000       0.00000000    
   958.250000       0.00000000    
   958.750000       0.00000000    
   959.250000       0.00000000    
   959.750000       0.00000000    
   960.250000       0.00000000    
   960.750000       0.00000000    
   961.250000       0.00000000    
   961.750000       0.00000000    
   962.250000       0.00000000    
   962.750000       0.00000000    
   963.250000       0.00000000    
   963.750000       0.00000000    
   964.250000       0.00000000    
   964.750000       0.00000000    
   965.250000       0.00000000    
   965.750000       0.00000000    
   966.250000       0.00000000    
   966.750000       0.00000000    
   967.250000       0.00000000    
   967.750000       0.00000000    
   968.250000       0.00000000    
   968.750000       0.00000000    
   969.250000       0.00000000    
   969.750000       0.00000000    
   970.250000       0.00000000    
   970.750000       0.00000000    
   971.250000       0.00000000    
   971.750000       0.00000000    
   972.250000       0.00000000    
   972.750000       0.00000000    
   973.250000       0.00000000    
   973.750000       0.00000000    
   974.250000       0.00000000    
   974.750000       0.00000000    
   975.250000       0.00000000    
   975.750000       0.00000000    
   976.250000       0.00000000    
   976.750000       0.00000000    
   977.250000       0.00000000    
   977.750000       0.00000000    
   978.250000       0.00000000    
   978.750000       0.00000000    
   979.250000       0.00000000    
   979.750000       0.00000000    
   980.250000       0.00000000    
   980.750000       0.00000000    
   981.250000       0.00000000    
   981.750000       0.00000000    
   982.250000       0.00000000    
   982.750000       0.00000000    
   983.250000       0.00000000    
   983.750000       0.00000000    
   984.250000       0.00000000    
   984.750000       0.00000000    
   985.250000       0.00000000    
   985.750000       0.00000000    
   986.250000       0.00000000    
   986.750000       0.00000000    
   987.250000       0.00000000    
   987.750000       0.00000000    
   988.250000       0.00000000    
   988.750000       0.00000000    
   989.250000       0.00000000    
   989.750000       0.00000000    
   990.250000       0.00000000    
   990.750000       0.00000000    
   991.250000       0.00000000    
   991.750000       0.00000000    
   992.250000       0.00000000    
   992.750000       0.00000000    
   993.250000       0.00000000    
   993.750000       0.00000000    
   994.250000       0.00000000    
   994.750000       0.00000000    
   995.250000       0.00000000    
   995.750000       0.00000000    
   996.250000       0.00000000    
   996.750000       0.00000000    
   997.250000       0.00000000    
   997.750000       0.00000000    
   998.250000       0.00000000    
   998.750000       0.00000000    
   999.250000       0.00000000    
   999.750000       0.00000000    
   1000.25000       0.00000000    
