 -0.250000000       4.50327243E-05
  0.250000000       4.50327243E-05
  0.750000000      -1.04359096E-04
   1.25000000       1.57458591E-04
   1.75000000       1.73882348E-04
   2.25000000       5.41433983E-04
   2.75000000       2.35020486E-03
   3.25000000       5.89053426E-03
   3.75000000       1.10071264E-02
   4.25000000       1.70634165E-02
   4.75000000       2.40615439E-02
   5.25000000       3.16369273E-02
   5.75000000       3.98363546E-02
   6.25000000       4.84144948E-02
   6.75000000       5.73782995E-02
   7.25000000       6.65764883E-02
   7.75000000       7.59835839E-02
   8.25000000       8.54999050E-02
   8.75000000       9.50859338E-02
   9.25000000      0.104655482    
   9.75000000      0.114175551    
   10.2500000      0.123540252    
   10.7500000      0.132742450    
   11.2500000      0.141625792    
   11.7500000      0.150225773    
   12.2500000      0.158304587    
   12.7500000      0.165949181    
   13.2500000      0.172817945    
   13.7500000      0.179036498    
   14.2500000      0.184145615    
   14.7500000      0.188262060    
   15.2500000      0.190811172    
   15.7500000      0.191786036    
   16.2500000      0.190501064    
   16.7500000      0.186613575    
   17.2500000      0.179284215    
   17.7500000      0.167509913    
   18.2500000      0.150265589    
   18.7500000      0.126221925    
   19.2500000       9.69043821E-02
   19.7500000       6.64813891E-02
   20.2500000       4.07353379E-02
   20.7500000       2.21866705E-02
   21.2500000       9.97089874E-03
   21.7500000       3.19746835E-03
   22.2500000       5.34370600E-04
   22.7500000      -4.36607115E-05
   23.2500000      -3.85655621E-05
   23.7500000      -2.98006989E-06
   24.2500000       1.66620430E-06
   24.7500000       2.17607365E-07
   25.2500000      -7.16123623E-08
   25.7500000      -8.04920930E-09
   26.2500000       3.21474292E-09
   26.7500000       1.16392285E-10
   27.2500000      -1.28420094E-10
   27.7500000       7.80241757E-12
   28.2500000       3.60822310E-12
   28.7500000      -6.86982372E-13
   29.2500000      -2.91425345E-14
   29.7500000       2.57233860E-14
   30.2500000      -2.84752190E-15
   30.7500000      -3.38000557E-16
   31.2500000       1.37642219E-16
   31.7500000      -1.30682311E-17
   32.2500000      -1.64545063E-18
   32.7500000       6.51171261E-19
   33.2500000      -7.29097542E-20
   33.7500000      -3.91431883E-21
   34.2500000       2.65377150E-21
   34.7500000      -4.08820437E-22
   35.2500000       1.22902541E-23
   35.7500000       7.83198304E-24
   36.2500000      -1.88161884E-24
   36.7500000       1.92157888E-25
   37.2500000       5.80934581E-27
   37.7500000      -5.80143525E-27
   38.2500000       1.08594032E-27
   38.7500000      -9.56330745E-29
   39.2500000      -4.56140032E-30
   39.7500000       3.17467132E-30
   40.2500000      -5.89034436E-31
   40.7500000       5.81430774E-32
   41.2500000       2.40821691E-34
   41.7500000      -1.33488183E-33
   42.2500000       2.93429311E-34
   42.7500000      -3.70888011E-35
   43.2500000       2.07903869E-36
   43.7500000       3.18768316E-37
   44.2500000      -1.16784472E-37
   44.7500000       2.00724823E-38
   45.2500000      -2.18279421E-39
   45.7500000       8.82790007E-41
   46.2500000       2.44764803E-41
   46.7500000      -7.49974938E-42
   47.2500000       1.25416213E-42
   47.7500000      -1.41531145E-43
   48.2500000       8.40779079E-45
   48.7500000       2.80259693E-45
   49.2500000       0.00000000    
   49.7500000       0.00000000    
   50.2500000       0.00000000    
   50.7500000       0.00000000    
   51.2500000       0.00000000    
   51.7500000       0.00000000    
   52.2500000       0.00000000    
   52.7500000       0.00000000    
   53.2500000       0.00000000    
   53.7500000       0.00000000    
   54.2500000       0.00000000    
   54.7500000       0.00000000    
   55.2500000       0.00000000    
   55.7500000       0.00000000    
   56.2500000       0.00000000    
   56.7500000       0.00000000    
   57.2500000       0.00000000    
   57.7500000       0.00000000    
   58.2500000       0.00000000    
   58.7500000       0.00000000    
   59.2500000       0.00000000    
   59.7500000       0.00000000    
   60.2500000       0.00000000    
   60.7500000       0.00000000    
   61.2500000       0.00000000    
   61.7500000       0.00000000    
   62.2500000       0.00000000    
   62.7500000       0.00000000    
   63.2500000       0.00000000    
   63.7500000       0.00000000    
   64.2500000       0.00000000    
   64.7500000       0.00000000    
   65.2500000       0.00000000    
   65.7500000       0.00000000    
   66.2500000       0.00000000    
   66.7500000       0.00000000    
   67.2500000       0.00000000    
   67.7500000       0.00000000    
   68.2500000       0.00000000    
   68.7500000       0.00000000    
   69.2500000       0.00000000    
   69.7500000       0.00000000    
   70.2500000       0.00000000    
   70.7500000       0.00000000    
   71.2500000       0.00000000    
   71.7500000       0.00000000    
   72.2500000       0.00000000    
   72.7500000       0.00000000    
   73.2500000       0.00000000    
   73.7500000       0.00000000    
   74.2500000       0.00000000    
   74.7500000       0.00000000    
   75.2500000       0.00000000    
   75.7500000       0.00000000    
   76.2500000       0.00000000    
   76.7500000       0.00000000    
   77.2500000       0.00000000    
   77.7500000       0.00000000    
   78.2500000       0.00000000    
   78.7500000       0.00000000    
   79.2500000       0.00000000    
   79.7500000       0.00000000    
   80.2500000       0.00000000    
   80.7500000       0.00000000    
   81.2500000       0.00000000    
   81.7500000       0.00000000    
   82.2500000       0.00000000    
   82.7500000       0.00000000    
   83.2500000       0.00000000    
   83.7500000       0.00000000    
   84.2500000       0.00000000    
   84.7500000       0.00000000    
   85.2500000       0.00000000    
   85.7500000       0.00000000    
   86.2500000       0.00000000    
   86.7500000       0.00000000    
   87.2500000       0.00000000    
   87.7500000       0.00000000    
   88.2500000       0.00000000    
   88.7500000       0.00000000    
   89.2500000       0.00000000    
   89.7500000       0.00000000    
   90.2500000       0.00000000    
   90.7500000       0.00000000    
   91.2500000       0.00000000    
   91.7500000       0.00000000    
   92.2500000       0.00000000    
   92.7500000       0.00000000    
   93.2500000       0.00000000    
   93.7500000       0.00000000    
   94.2500000       0.00000000    
   94.7500000       0.00000000    
   95.2500000       0.00000000    
   95.7500000       0.00000000    
   96.2500000       0.00000000    
   96.7500000       0.00000000    
   97.2500000       0.00000000    
   97.7500000       0.00000000    
   98.2500000       0.00000000    
   98.7500000       0.00000000    
   99.2500000       0.00000000    
   99.7500000       0.00000000    
   100.250000       0.00000000    
