   0.00000000       0.00000000    
  0.500000000       1.95701068E-05
   1.00000000      -4.59386501E-05
   1.50000000       1.48308056E-04
   2.00000000       2.22631890E-04
   2.50000000       7.33650872E-04
   3.00000000       3.03848367E-03
   3.50000000       6.97226450E-03
   4.00000000       1.23360660E-02
   4.50000000       1.85933653E-02
   5.00000000       2.56233551E-02
   5.50000000       3.32666896E-02
   6.00000000       4.13461849E-02
   6.50000000       4.98526618E-02
   7.00000000       5.85625432E-02
   7.50000000       6.75539970E-02
   8.00000000       7.65836611E-02
   8.50000000       8.57693329E-02
   9.00000000       9.48638692E-02
   9.50000000      0.103995085    
   10.0000000      0.112923943    
   10.5000000      0.121763051    
   11.0000000      0.130295664    
   11.5000000      0.138590530    
   12.0000000      0.146473646    
   12.5000000      0.153930366    
   13.0000000      0.160853490    
   13.5000000      0.167101502    
   14.0000000      0.172649831    
   14.5000000      0.177181557    
   15.0000000      0.180747971    
   15.5000000      0.182814613    
   16.0000000      0.183433652    
   16.5000000      0.181818619    
   17.0000000      0.177821621    
   17.5000000      0.170342803    
   18.0000000      0.158640146    
   18.5000000      0.141293436    
   19.0000000      0.117209211    
   19.5000000       8.81981924E-02
   20.0000000       5.89302517E-02
   20.5000000       3.51524055E-02
   21.0000000       1.83918849E-02
   21.5000000       7.64146633E-03
   22.0000000       2.11040978E-03
   22.5000000       2.21208727E-04
   23.0000000      -7.19783711E-05
   23.5000000      -2.55670475E-05
   24.0000000       7.47688318E-07
   24.5000000       1.34982793E-06
   25.0000000       1.21861348E-08
   25.5000000      -6.08580706E-08
   26.0000000       9.48352952E-10
   26.5000000       2.44250398E-09
   27.0000000      -1.99576522E-10
   27.5000000      -7.51823048E-11
   28.0000000       1.45828835E-11
   28.5000000       1.01926106E-12
   29.0000000      -6.18467083E-13
   29.5000000       4.78791777E-14
   30.0000000       1.30734513E-14
   30.5000000      -3.43404055E-15
   31.0000000       1.36046197E-16
   31.5000000       8.01715890E-17
   32.0000000      -1.74170786E-17
   32.5000000       7.26918878E-19
   33.0000000       3.58330712E-19
   33.5000000      -8.53553780E-20
   34.0000000       6.23497928E-21
   34.5000000       1.08288656E-21
   35.0000000      -3.72959476E-22
   35.5000000       4.55254721E-23
   36.0000000       3.79589415E-25
   36.5000000      -1.21843294E-24
   37.0000000       2.40653236E-25
   37.5000000      -2.01827074E-26
   38.0000000      -1.57635247E-27
   38.5000000       8.15866680E-28
   39.0000000      -1.37279492E-28
   39.5000000       1.05551809E-29
   40.0000000       8.78789326E-31
   40.5000000      -4.34097462E-31
   41.0000000       7.58159591E-32
   41.5000000      -7.07794683E-33
   42.0000000      -1.07313037E-34
   42.5000000       1.80333759E-34
   43.0000000      -3.83695505E-35
   43.5000000       4.79159593E-36
   44.0000000      -2.65879904E-37
   44.5000000      -4.15556601E-38
   45.0000000       1.52000904E-38
   45.5000000      -2.63397588E-39
   46.0000000       2.92372517E-40
   46.5000000      -1.32534809E-41
   47.0000000      -2.94552937E-42
   47.5000000       9.61290747E-43
   48.0000000      -1.66754517E-43
   48.5000000       1.96181785E-44
   49.0000000       0.00000000    
   49.5000000       0.00000000    
   50.0000000       0.00000000    
   50.5000000       0.00000000    
   51.0000000       0.00000000    
   51.5000000       0.00000000    
   52.0000000       0.00000000    
   52.5000000       0.00000000    
   53.0000000       0.00000000    
   53.5000000       0.00000000    
   54.0000000       0.00000000    
   54.5000000       0.00000000    
   55.0000000       0.00000000    
   55.5000000       0.00000000    
   56.0000000       0.00000000    
   56.5000000       0.00000000    
   57.0000000       0.00000000    
   57.5000000       0.00000000    
   58.0000000       0.00000000    
   58.5000000       0.00000000    
   59.0000000       0.00000000    
   59.5000000       0.00000000    
   60.0000000       0.00000000    
   60.5000000       0.00000000    
   61.0000000       0.00000000    
   61.5000000       0.00000000    
   62.0000000       0.00000000    
   62.5000000       0.00000000    
   63.0000000       0.00000000    
   63.5000000       0.00000000    
   64.0000000       0.00000000    
   64.5000000       0.00000000    
   65.0000000       0.00000000    
   65.5000000       0.00000000    
   66.0000000       0.00000000    
   66.5000000       0.00000000    
   67.0000000       0.00000000    
   67.5000000       0.00000000    
   68.0000000       0.00000000    
   68.5000000       0.00000000    
   69.0000000       0.00000000    
   69.5000000       0.00000000    
   70.0000000       0.00000000    
   70.5000000       0.00000000    
   71.0000000       0.00000000    
   71.5000000       0.00000000    
   72.0000000       0.00000000    
   72.5000000       0.00000000    
   73.0000000       0.00000000    
   73.5000000       0.00000000    
   74.0000000       0.00000000    
   74.5000000       0.00000000    
   75.0000000       0.00000000    
   75.5000000       0.00000000    
   76.0000000       0.00000000    
   76.5000000       0.00000000    
   77.0000000       0.00000000    
   77.5000000       0.00000000    
   78.0000000       0.00000000    
   78.5000000       0.00000000    
   79.0000000       0.00000000    
   79.5000000       0.00000000    
   80.0000000       0.00000000    
   80.5000000       0.00000000    
   81.0000000       0.00000000    
   81.5000000       0.00000000    
   82.0000000       0.00000000    
   82.5000000       0.00000000    
   83.0000000       0.00000000    
   83.5000000       0.00000000    
   84.0000000       0.00000000    
   84.5000000       0.00000000    
   85.0000000       0.00000000    
   85.5000000       0.00000000    
   86.0000000       0.00000000    
   86.5000000       0.00000000    
   87.0000000       0.00000000    
   87.5000000       0.00000000    
   88.0000000       0.00000000    
   88.5000000       0.00000000    
   89.0000000       0.00000000    
   89.5000000       0.00000000    
   90.0000000       0.00000000    
   90.5000000       0.00000000    
   91.0000000       0.00000000    
   91.5000000       0.00000000    
   92.0000000       0.00000000    
   92.5000000       0.00000000    
   93.0000000       0.00000000    
   93.5000000       0.00000000    
   94.0000000       0.00000000    
   94.5000000       0.00000000    
   95.0000000       0.00000000    
   95.5000000       0.00000000    
   96.0000000       0.00000000    
   96.5000000       0.00000000    
   97.0000000       0.00000000    
   97.5000000       0.00000000    
   98.0000000       0.00000000    
   98.5000000       0.00000000    
   99.0000000       0.00000000    
   99.5000000       0.00000000    
   100.000000       0.00000000    
