 -0.250000000      -1.42328463E-05
  0.250000000      -1.42328463E-05
  0.750000000      -1.41179853E-05
   1.25000000      -1.48393792E-05
   1.75000000      -1.34254797E-05
   2.25000000      -1.70562198E-05
   2.75000000      -1.11123018E-05
   3.25000000      -2.14711436E-05
   3.75000000      -7.14411499E-06
   4.25000000      -2.75094972E-05
   4.75000000      -2.50431253E-06
   5.25000000      -3.39953185E-05
   5.75000000       1.19132926E-06
   6.25000000      -3.87196233E-05
   6.75000000       1.49961352E-06
   7.25000000      -3.92675538E-05
   7.75000000      -3.60659033E-06
   8.25000000      -3.46930428E-05
   8.75000000      -1.36196722E-05
   9.25000000      -2.67272499E-05
   9.75000000      -2.51152760E-05
   10.2500000      -2.09057325E-05
   10.7500000      -3.16355145E-05
   11.2500000      -2.31605009E-05
   11.7500000      -2.82818291E-05
   12.2500000      -3.60746017E-05
   12.7500000      -1.60593299E-05
   13.2500000      -5.41248555E-05
   13.7500000      -4.98269355E-06
   14.2500000      -6.41941369E-05
   14.7500000      -8.18926765E-06
   15.2500000      -5.62995592E-05
   15.7500000      -2.91424021E-05
   16.2500000      -3.57835852E-05
   16.7500000      -5.31694968E-05
   17.2500000      -2.35607567E-05
   17.7500000      -5.90398267E-05
   18.2500000      -3.38302634E-05
   18.7500000      -4.58767245E-05
   19.2500000      -5.15680731E-05
   19.7500000      -4.08821143E-05
   20.2500000      -4.73088585E-05
   20.7500000      -6.22126245E-05
   21.2500000      -2.53528906E-05
   21.7500000      -7.98009496E-05
   22.2500000      -3.18028942E-05
   22.7500000      -5.31797268E-05
   23.2500000      -7.67748570E-05
   23.7500000      -1.55290581E-05
   24.2500000      -9.27377187E-05
   24.7500000      -3.68370056E-05
   25.2500000      -4.95479253E-05
   25.7500000      -8.18572371E-05
   26.2500000      -3.40241058E-05
   26.7500000      -6.45228429E-05
   27.2500000      -6.94960472E-05
   27.7500000      -4.82136784E-05
   28.2500000      -5.01350551E-05
   28.7500000      -9.04997942E-05
   29.2500000      -3.27363377E-05
   29.7500000      -5.17254630E-05
   30.2500000      -1.10757363E-04
   30.7500000      -4.90003595E-06
   31.2500000      -7.05654238E-05
   31.7500000      -1.09729786E-04
   32.2500000      -8.93602248E-07
   32.7500000      -7.01362733E-05
   33.2500000      -1.03307837E-04
   33.7500000      -3.36660160E-05
   34.2500000      -2.99884468E-05
   34.7500000      -9.17143261E-05
   35.2500000      -1.09841792E-04
   35.7500000       1.85001136E-05
   36.2500000      -2.16362150E-05
   36.7500000      -1.99479749E-04
   37.2500000      -4.52244276E-05
   37.7500000       1.22238038E-04
   38.2500000      -2.09915670E-05
   38.7500000      -4.06509207E-05
   39.2500000       4.43116121E-04
   39.7500000       1.77210197E-03
   40.2500000       4.09128750E-03
   40.7500000       6.92936219E-03
   41.2500000       1.01069855E-02
   41.7500000       1.37513289E-02
   42.2500000       1.74726564E-02
   42.7500000       2.12861281E-02
   43.2500000       2.54655220E-02
   43.7500000       2.95262951E-02
   44.2500000       3.37264575E-02
   44.7500000       3.82811502E-02
   45.2500000       4.23171632E-02
   45.7500000       4.69424576E-02
   46.2500000       5.19987382E-02
   46.7500000       5.52951731E-02
   47.2500000       6.05466850E-02
   47.7500000       6.69773743E-02
   48.2500000       6.79302514E-02
   48.7500000       7.35848323E-02
   49.2500000       8.43861848E-02
   49.7500000       8.03649276E-02
   50.2500000       8.33130553E-02
   50.7500000      0.105584584    
   51.2500000       9.57294926E-02
   51.7500000       8.47942308E-02
   52.2500000      0.127965912    
   52.7500000      0.122768357    
   53.2500000       7.66035095E-02
   53.7500000      0.136869460    
   54.2500000      0.171167269    
   54.7500000       7.37652630E-02
   55.2500000      0.109346315    
   55.7500000      0.230160534    
   56.2500000      0.108131535    
   56.7500000       5.24811931E-02
   57.2500000      0.244165793    
   57.7500000      0.202181607    
   58.2500000       2.28087045E-02
   58.7500000      0.165377945    
   59.2500000      0.315103292    
   59.7500000       6.98042437E-02
   60.2500000       6.90509975E-02
   60.7500000      0.333679736    
   61.2500000      0.175920591    
   61.7500000      -4.85998252E-03
   62.2500000      -2.56642210E-03
   62.7500000       5.90927433E-04
   63.2500000      -3.75804011E-05
   63.7500000      -8.94993718E-06
   64.2500000       2.59681292E-06
   64.7500000      -2.24665968E-07
   65.2500000      -2.85832744E-08
   65.7500000       1.09617968E-08
   66.2500000      -1.21953025E-09
   66.7500000      -7.15488363E-11
   67.2500000       4.73568754E-11
   67.7500000      -6.50181298E-12
   68.2500000      -2.68433550E-13
   68.7500000       2.18406998E-13
   69.2500000      -2.18810379E-14
   69.7500000      -1.93355408E-15
   70.2500000       4.34399815E-16
   70.7500000      -2.08069326E-17
   71.2500000       1.55255696E-17
   71.7500000      -2.63322009E-18
   72.2500000      -1.07076917E-18
   72.7500000       3.05338911E-19
   73.2500000       2.73923574E-20
   73.7500000      -1.72867080E-20
   74.2500000       4.83165566E-23
   74.7500000       7.77649740E-22
   75.2500000      -5.58422076E-23
   75.7500000      -3.08891488E-23
   76.2500000       4.78428677E-24
   76.7500000       1.00273096E-24
   77.2500000      -2.96787764E-25
   77.7500000      -1.75707458E-26
   78.2500000       1.45670254E-26
   78.7500000      -6.86273984E-28
   79.2500000      -5.47039119E-28
   79.7500000       8.72724201E-29
   80.2500000       1.29672863E-29
   80.7500000      -5.04576079E-30
   81.2500000       6.86369271E-32
   81.7500000       1.93254974E-31
   82.2500000      -2.66067563E-32
   82.7500000      -4.18678468E-33
   83.2500000       1.57167378E-33
   83.7500000      -4.74550054E-35
   84.2500000      -5.32236291E-35
   84.7500000       9.10384214E-36
   85.2500000       7.06255951E-37
   85.7500000      -4.36471423E-37
   86.2500000       3.74146634E-38
   86.7500000       1.03106210E-38
   87.2500000      -2.88454907E-39
   87.7500000       6.98533271E-41
   88.2500000       9.11824911E-41
   88.7500000      -1.66432219E-41
   89.2500000      -5.46506401E-43
   89.7500000       6.61412875E-43
   90.2500000      -8.68805048E-44
   90.7500000      -8.40779079E-45
   91.2500000       2.80259693E-45
   91.7500000       0.00000000    
   92.2500000       0.00000000    
   92.7500000       0.00000000    
   93.2500000       0.00000000    
   93.7500000       0.00000000    
   94.2500000       0.00000000    
   94.7500000       0.00000000    
   95.2500000       0.00000000    
   95.7500000       0.00000000    
   96.2500000       0.00000000    
   96.7500000       0.00000000    
   97.2500000       0.00000000    
   97.7500000       0.00000000    
   98.2500000       0.00000000    
   98.7500000       0.00000000    
   99.2500000       0.00000000    
   99.7500000       0.00000000    
   100.250000       0.00000000    
