 -0.250000000      -3.35134291E-06
  0.250000000      -3.35134291E-06
  0.750000000      -1.05812696E-05
   1.25000000       3.83054476E-06
   1.75000000      -1.81626347E-05
   2.25000000       1.14326513E-05
   2.75000000      -2.59421449E-05
   3.25000000       1.84629953E-05
   3.75000000      -3.22174346E-05
   4.25000000       2.22997860E-05
   4.75000000      -3.41047635E-05
   5.25000000       2.03934851E-05
   5.75000000      -2.89458767E-05
   6.25000000       1.08198865E-05
   6.75000000      -1.72814816E-05
   7.25000000      -3.17255513E-06
   7.75000000      -4.87729267E-06
   8.25000000      -1.32717478E-05
   8.75000000      -1.65308802E-06
   9.25000000      -1.02816921E-05
   9.75000000      -1.39846943E-05
   10.2500000       6.74912371E-06
   10.7500000      -3.51492126E-05
   11.2500000       2.33698047E-05
   11.7500000      -4.53275206E-05
   12.2500000       1.92430616E-05
   12.7500000      -3.03544475E-05
   13.2500000      -7.26480130E-06
   13.7500000      -4.85447481E-06
   14.2500000      -2.70577602E-05
   14.7500000      -3.35736490E-06
   15.2500000      -1.45402973E-05
   15.7500000      -2.84016714E-05
   16.2500000       2.67665314E-06
   16.7500000      -2.97221195E-05
   17.2500000      -2.52848513E-05
   17.7500000       1.18684475E-05
   18.2500000      -6.57548662E-05
   18.7500000       1.86118887E-05
   19.2500000      -3.58051802E-05
   19.7500000      -4.19484022E-05
   20.2500000       1.11024037E-05
   20.7500000      -5.05963653E-05
   21.2500000      -2.98266114E-05
   21.7500000      -7.17856983E-06
   22.2500000      -3.47820205E-05
   22.7500000      -6.27008340E-05
   23.2500000       1.92393236E-05
   23.7500000      -4.87065881E-05
   24.2500000      -8.56981133E-05
   24.7500000       4.38615389E-05
   25.2500000      -6.02200998E-05
   25.7500000      -9.55013311E-05
   26.2500000       1.52927805E-05
   26.7500000      -5.23667541E-06
   27.2500000      -9.88362517E-05
   27.7500000      -1.04117193E-04
   28.2500000       9.32791227E-05
   28.7500000       9.08187867E-05
   29.2500000      -6.24531604E-05
   29.7500000       4.64867800E-04
   30.2500000       1.93655363E-03
   30.7500000       4.35912516E-03
   31.2500000       7.63720740E-03
   31.7500000       1.12840040E-02
   32.2500000       1.52937034E-02
   32.7500000       1.96730606E-02
   33.2500000       2.40842495E-02
   33.7500000       2.87554339E-02
   34.2500000       3.36394943E-02
   34.7500000       3.84552293E-02
   35.2500000       4.35312353E-02
   35.7500000       4.86696810E-02
   36.2500000       5.37971295E-02
   36.7500000       5.90814389E-02
   37.2500000       6.43010139E-02
   37.7500000       6.98924139E-02
   38.2500000       7.49465153E-02
   38.7500000       8.02386105E-02
   39.2500000       8.68709683E-02
   39.7500000       9.03962404E-02
   40.2500000       9.63431522E-02
   40.7500000      0.105393663    
   41.2500000      0.103989348    
   41.7500000      0.112583771    
   42.2500000      0.127100751    
   42.7500000      0.113247193    
   43.2500000      0.128324300    
   43.7500000      0.155308053    
   44.2500000      0.115497783    
   44.7500000      0.139869824    
   45.2500000      0.194892541    
   45.7500000      0.111949936    
   46.2500000      0.137005612    
   46.7500000      0.247885600    
   47.2500000      0.114537954    
   47.7500000      0.107118830    
   48.2500000      0.300333142    
   48.7500000      0.146114916    
   49.2500000       5.81946298E-02
   49.7500000      0.309242457    
   50.2500000      0.219026744    
   50.7500000       3.29236616E-03
   51.2500000      -4.31033596E-03
   51.7500000       6.78688812E-04
   52.2500000       5.42198961E-07
   52.7500000      -1.73109274E-05
   53.2500000       2.93124822E-06
   53.7500000      -8.77599575E-08
   54.2500000      -7.36569490E-08
   54.7500000       1.61259912E-08
   55.2500000       3.60013130E-10
   55.7500000      -4.92215046E-10
   56.2500000      -2.82507524E-13
   56.7500000       1.05288330E-11
   57.2500000       2.15307394E-12
   57.7500000      -3.97942503E-13
   58.2500000      -1.85728738E-13
   58.7500000       2.67108757E-14
   59.2500000       1.02023213E-14
   59.7500000      -1.74921642E-15
   60.2500000      -4.62554422E-16
   60.7500000       1.05622851E-16
   61.2500000       1.77445792E-17
   61.7500000      -5.98159034E-18
   62.2500000      -4.86420561E-19
   62.7500000       3.09166302E-19
   63.2500000      -7.02780403E-25
   63.7500000      -1.38686119E-20
   64.2500000       1.16281319E-21
   64.7500000       4.98049869E-22
   65.2500000      -9.67931447E-23
   65.7500000      -1.13164590E-23
   66.2500000       5.19148533E-24
   66.7500000      -1.02200357E-25
   67.2500000      -1.97583624E-25
   67.7500000       2.71969627E-26
   68.2500000       4.45862643E-27
   68.7500000      -1.60928048E-27
   69.2500000       3.59905631E-29
   69.7500000       5.60619730E-29
   70.2500000      -8.91534187E-30
   70.7500000      -8.37225445E-31
   71.2500000       4.43719777E-31
   71.7500000      -3.37494714E-32
   72.2500000      -1.08912858E-32
   72.7500000       2.82395216E-33
   73.2500000      -4.89573767E-35
   73.7500000      -9.02908002E-35
   74.2500000       1.58811066E-35
   74.7500000       5.35141579E-37
   75.2500000      -6.21664338E-37
   75.7500000       8.41281752E-38
   76.2500000       6.59297195E-39
   76.7500000      -3.86928214E-39
   77.2500000       4.44044859E-40
   77.7500000       4.84190658E-41
   78.2500000      -2.26337728E-41
   78.7500000       2.44386452E-42
   79.2500000       2.78858394E-43
   79.7500000      -1.23314265E-43
   80.2500000       1.54142831E-44
   80.7500000       2.80259693E-45
   81.2500000       0.00000000    
   81.7500000       0.00000000    
   82.2500000       0.00000000    
   82.7500000       0.00000000    
   83.2500000       0.00000000    
   83.7500000       0.00000000    
   84.2500000       0.00000000    
   84.7500000       0.00000000    
   85.2500000       0.00000000    
   85.7500000       0.00000000    
   86.2500000       0.00000000    
   86.7500000       0.00000000    
   87.2500000       0.00000000    
   87.7500000       0.00000000    
   88.2500000       0.00000000    
   88.7500000       0.00000000    
   89.2500000       0.00000000    
   89.7500000       0.00000000    
   90.2500000       0.00000000    
   90.7500000       0.00000000    
   91.2500000       0.00000000    
   91.7500000       0.00000000    
   92.2500000       0.00000000    
   92.7500000       0.00000000    
   93.2500000       0.00000000    
   93.7500000       0.00000000    
   94.2500000       0.00000000    
   94.7500000       0.00000000    
   95.2500000       0.00000000    
   95.7500000       0.00000000    
   96.2500000       0.00000000    
   96.7500000       0.00000000    
   97.2500000       0.00000000    
   97.7500000       0.00000000    
   98.2500000       0.00000000    
   98.7500000       0.00000000    
   99.2500000       0.00000000    
   99.7500000       0.00000000    
   100.250000       0.00000000    
