   0.00000000       0.00000000    
  0.500000000      -1.83667635E-06
   1.00000000       4.21302320E-06
   1.50000000      -4.02322348E-06
   2.00000000       5.87344039E-06
   2.50000000      -2.45325464E-06
   3.00000000       2.96456165E-06
   3.50000000       3.84364466E-06
   4.00000000      -4.11967630E-06
   4.50000000       1.29828331E-05
   5.00000000      -1.20044206E-05
   5.50000000       2.03386371E-05
   6.00000000      -1.48799063E-05
   6.50000000       2.01426337E-05
   7.00000000      -8.17114960E-06
   7.50000000       9.71739428E-06
   8.00000000       7.56664576E-06
   8.50000000      -5.80440201E-06
   9.00000000       2.27371438E-05
   9.50000000      -1.33743342E-05
   10.0000000       2.28016725E-05
   10.5000000      -7.81557901E-07
   11.0000000       2.53038525E-06
   11.5000000       2.74749218E-05
   12.0000000      -2.25708063E-05
   12.5000000       4.64153054E-05
   13.0000000      -2.44266212E-05
   13.5000000       3.43927713E-05
   14.0000000       2.85435999E-06
   14.5000000       7.48396906E-06
   15.0000000       2.29303496E-05
   15.5000000       1.01459009E-05
   16.0000000       3.41460509E-06
   16.5000000       4.25736180E-05
   17.0000000      -1.59035844E-05
   17.5000000       3.79176199E-05
   18.0000000       2.60391353E-05
   18.5000000      -1.84373603E-05
   19.0000000       7.41334225E-05
   19.5000000      -2.02836272E-05
   20.0000000       3.22188753E-05
   20.5000000       4.70678351E-05
   21.0000000      -4.56548605E-06
   21.5000000       3.35924269E-05
   22.0000000       5.03705414E-05
   22.5000000       7.08044718E-06
   23.0000000       1.16664633E-05
   23.5000000       9.53241688E-05
   24.0000000      -2.27507480E-05
   24.5000000       1.80959178E-05
   25.0000000       1.19961122E-04
   25.5000000      -2.71228309E-05
   26.0000000       9.07273352E-06
   26.5000000       1.07178632E-04
   27.0000000       5.68088435E-05
   27.5000000      -3.95601201E-05
   28.0000000       1.42578938E-05
   28.5000000       2.30697653E-04
   29.0000000       1.24861734E-04
   29.5000000       4.66218335E-05
   30.0000000       8.14029947E-04
   30.5000000       2.51007034E-03
   31.0000000       5.17988438E-03
   31.5000000       8.59039649E-03
   32.0000000       1.22738387E-02
   32.5000000       1.63738932E-02
   33.0000000       2.07388811E-02
   33.5000000       2.51091924E-02
   34.0000000       2.98098046E-02
   34.5000000       3.45919281E-02
   35.0000000       3.93349007E-02
   35.5000000       4.43697795E-02
   36.0000000       4.93435226E-02
   36.5000000       5.43881245E-02
   37.0000000       5.94962165E-02
   37.5000000       6.45938069E-02
   38.0000000       7.00531229E-02
   38.5000000       7.46514872E-02
   39.0000000       8.02217573E-02
   39.5000000       8.63685980E-02
   40.0000000       8.89523253E-02
   40.5000000       9.65095833E-02
   41.0000000      0.103697456    
   41.5000000      0.100681953    
   42.0000000      0.114271164    
   42.5000000      0.123110399    
   43.0000000      0.106777772    
   43.5000000      0.134234726    
   44.0000000      0.147385031    
   44.5000000      0.103245370    
   45.0000000      0.154104948    
   45.5000000      0.182054982    
   46.0000000       8.91085714E-02
   46.5000000      0.162878364    
   47.0000000      0.233182371    
   47.5000000       7.50339553E-02
   48.0000000      0.140752032    
   48.5000000      0.295677572    
   49.0000000       8.65581036E-02
   49.5000000       8.38396102E-02
   50.0000000      0.331925541    
   50.5000000      0.145477325    
   51.0000000      -1.27019640E-02
   51.5000000      -1.58625864E-03
   52.0000000       6.22820633E-04
   52.5000000      -6.31289731E-05
   53.0000000      -5.24666393E-06
   53.5000000       2.50055814E-06
   54.0000000      -3.23338952E-07
   54.5000000      -1.63382481E-08
   55.0000000       1.34095632E-08
   55.5000000      -1.12039522E-09
   56.0000000      -2.70920425E-10
   56.5000000       2.55116900E-11
   57.0000000       7.27660293E-12
   57.5000000       9.00380139E-13
   58.0000000      -5.01590468E-13
   58.5000000      -8.63331081E-14
   59.0000000       3.41582841E-14
   59.5000000       3.95621773E-15
   60.0000000      -1.96266047E-15
   60.5000000      -1.27502890E-16
   61.0000000       1.02961818E-16
   61.5000000       1.30986862E-18
   62.0000000      -5.01216444E-18
   62.5000000       2.42058586E-19
   63.0000000       2.16754744E-19
   63.5000000      -2.70722999E-20
   64.0000000      -7.58432210E-21
   64.5000000       1.84796329E-21
   65.0000000       1.61551759E-22
   65.5000000      -9.47278185E-23
   66.0000000       2.77328114E-24
   66.5000000       3.64357142E-24
   67.0000000      -5.15378163E-25
   67.5000000      -8.82062726E-26
   68.0000000       3.09951646E-26
   68.5000000      -3.22498895E-28
   69.0000000      -1.16321989E-27
   69.5000000       1.63104323E-28
   70.0000000       2.23993657E-29
   70.5000000      -9.16121466E-30
   71.0000000       4.47176389E-31
   71.5000000       2.71841415E-31
   72.0000000      -5.56858534E-32
   72.5000000      -1.50022062E-33
   73.0000000       2.20155178E-33
   73.5000000      -2.84811399E-34
   74.0000000      -3.21847684E-35
   74.5000000       1.49000797E-35
   75.0000000      -1.29352897E-36
   75.5000000      -2.93163925E-37
   76.0000000       9.16784050E-38
   76.5000000      -5.57491460E-39
   77.0000000      -2.07592979E-39
   77.5000000       5.36907507E-40
   78.0000000      -2.56017229E-41
   78.5000000      -1.27686316E-41
   79.0000000       3.07304753E-42
   79.5000000      -1.42932443E-43
   80.0000000      -6.58610278E-44
   80.5000000       1.96181785E-44
   81.0000000       0.00000000    
   81.5000000       0.00000000    
   82.0000000       0.00000000    
   82.5000000       0.00000000    
   83.0000000       0.00000000    
   83.5000000       0.00000000    
   84.0000000       0.00000000    
   84.5000000       0.00000000    
   85.0000000       0.00000000    
   85.5000000       0.00000000    
   86.0000000       0.00000000    
   86.5000000       0.00000000    
   87.0000000       0.00000000    
   87.5000000       0.00000000    
   88.0000000       0.00000000    
   88.5000000       0.00000000    
   89.0000000       0.00000000    
   89.5000000       0.00000000    
   90.0000000       0.00000000    
   90.5000000       0.00000000    
   91.0000000       0.00000000    
   91.5000000       0.00000000    
   92.0000000       0.00000000    
   92.5000000       0.00000000    
   93.0000000       0.00000000    
   93.5000000       0.00000000    
   94.0000000       0.00000000    
   94.5000000       0.00000000    
   95.0000000       0.00000000    
   95.5000000       0.00000000    
   96.0000000       0.00000000    
   96.5000000       0.00000000    
   97.0000000       0.00000000    
   97.5000000       0.00000000    
   98.0000000       0.00000000    
   98.5000000       0.00000000    
   99.0000000       0.00000000    
   99.5000000       0.00000000    
   100.000000       0.00000000    
