 -0.250000000      -1.37501343E-06
  0.250000000      -1.37501343E-06
  0.750000000      -1.07226106E-05
   1.25000000       6.82806512E-06
   1.75000000      -1.71096635E-05
   2.25000000       1.05359059E-05
   2.75000000      -1.78785358E-05
   3.25000000       7.72434305E-06
   3.75000000      -1.19762999E-05
   4.25000000      -9.00929024E-07
   4.75000000      -2.25993381E-06
   5.25000000      -1.06565294E-05
   5.75000000       4.65996163E-06
   6.25000000      -1.37122515E-05
   6.75000000       1.19946139E-06
   7.25000000      -4.32957768E-06
   7.75000000      -1.41975270E-05
   8.25000000       1.30112157E-05
   8.75000000      -3.05552057E-05
   9.25000000       2.21025075E-05
   9.75000000      -2.98671257E-05
   10.2500000       7.94306925E-06
   10.7500000      -5.92631977E-06
   11.2500000      -2.16784592E-05
   11.7500000       1.83047359E-05
   12.2500000      -3.37905476E-05
   12.7500000       1.06925036E-05
   13.2500000      -1.20918648E-05
   13.7500000      -1.72351884E-05
   14.2500000       3.06240986E-06
   14.7500000      -1.04759811E-05
   15.2500000      -3.01399850E-05
   15.7500000       2.95343270E-05
   16.2500000      -5.50326731E-05
   16.7500000       1.30484505E-05
   17.2500000      -2.32963885E-06
   17.7500000      -5.17475164E-05
   18.2500000       2.69090215E-05
   18.7500000      -2.77361560E-05
   19.2500000      -3.36139419E-05
   19.7500000       3.97948997E-06
   20.2500000      -6.69584949E-07
   20.7500000      -7.14602138E-05
   21.2500000       1.89707716E-05
   21.7500000       1.49311873E-05
   22.2500000      -1.10209716E-04
   22.7500000       2.48390625E-05
   23.2500000       3.15011603E-05
   23.7500000      -9.16787540E-05
   24.2500000      -6.80941739E-05
   24.7500000       7.20822209E-05
   25.2500000       1.22526646E-04
   25.7500000      -1.06462785E-05
   26.2500000       4.50513675E-04
   26.7500000       2.01517530E-03
   27.2500000       4.51809354E-03
   27.7500000       7.91714713E-03
   28.2500000       1.18159307E-02
   28.7500000       1.60054397E-02
   29.2500000       2.06249245E-02
   29.7500000       2.53503323E-02
   30.2500000       3.02547161E-02
   30.7500000       3.54565717E-02
   31.2500000       4.06005085E-02
   31.7500000       4.59520258E-02
   32.2500000       5.14669269E-02
   32.7500000       5.68754375E-02
   33.2500000       6.25017583E-02
   33.7500000       6.81727529E-02
   34.2500000       7.38309473E-02
   34.7500000       7.94403031E-02
   35.2500000       8.53692815E-02
   35.7500000       9.12488550E-02
   36.2500000       9.61719528E-02
   36.7500000      0.103314899    
   37.2500000      0.108717248    
   37.7500000      0.111797169    
   38.2500000      0.123201326    
   38.7500000      0.125033095    
   39.2500000      0.125063598    
   39.7500000      0.147690043    
   40.2500000      0.137695983    
   40.7500000      0.134061933    
   41.2500000      0.180893689    
   41.7500000      0.143987969    
   42.2500000      0.134620950    
   42.7500000      0.226301268    
   43.2500000      0.145957172    
   43.7500000      0.118086658    
   44.2500000      0.279306740    
   44.7500000      0.157984644    
   45.2500000       7.77993426E-02
   45.7500000      0.310283303    
   46.2500000      0.203832433    
   46.7500000       2.17868644E-03
   47.2500000      -4.07950999E-03
   47.7500000       5.90479234E-04
   48.2500000       9.14297470E-06
   48.7500000      -1.47106484E-05
   49.2500000       2.74246963E-06
   49.7500000      -4.41942021E-08
   50.2500000      -1.08342178E-07
   50.7500000       9.68794200E-09
   51.2500000       3.44491635E-09
   51.7500000      -6.47814302E-11
   52.2500000      -1.60790783E-10
   52.7500000      -1.76525530E-11
   53.2500000       9.49028356E-12
   53.7500000       1.37382911E-12
   54.2500000      -5.47630951E-13
   54.7500000      -7.08320934E-14
   55.2500000       3.01754911E-14
   55.7500000       2.81543100E-15
   56.2500000      -1.60310101E-15
   56.7500000      -6.80308474E-17
   57.2500000       8.00872960E-17
   57.7500000      -1.54358230E-18
   58.2500000      -3.57547083E-18
   58.7500000       3.31936930E-19
   59.2500000       1.31593346E-19
   59.7500000      -2.57492633E-20
   60.2500000      -3.25024264E-21
   60.7500000       1.39752104E-21
   61.2500000      -9.21663430E-24
   61.7500000      -5.58269037E-23
   62.2500000       6.63810832E-24
   62.7500000       1.42784159E-24
   63.2500000      -4.31050411E-25
   63.7500000      -8.65549895E-28
   64.2500000       1.64311222E-26
   64.7500000      -2.14766168E-27
   65.2500000      -3.13795521E-28
   65.7500000       1.22097121E-28
   66.2500000      -6.13979808E-30
   66.7500000      -3.45097155E-30
   67.2500000       7.30213799E-31
   67.7500000       9.29187730E-33
   68.2500000      -2.65907725E-32
   68.7500000       3.86423123E-33
   69.2500000       2.79842639E-34
   69.7500000      -1.74504019E-34
   70.2500000       1.94634630E-35
   70.7500000       2.47146898E-36
   71.2500000      -1.04987424E-36
   71.7500000       1.00186136E-37
   72.2500000       1.61331590E-38
   72.7500000      -5.99455585E-39
   73.2500000       5.55767583E-40
   73.7500000       8.69617801E-41
   74.2500000      -3.28618503E-41
   74.7500000       3.33509035E-42
   75.2500000       3.85357078E-43
   75.7500000      -1.72359711E-43
   76.2500000       2.10194770E-44
   76.7500000       2.80259693E-45
   77.2500000       0.00000000    
   77.7500000       0.00000000    
   78.2500000       0.00000000    
   78.7500000       0.00000000    
   79.2500000       0.00000000    
   79.7500000       0.00000000    
   80.2500000       0.00000000    
   80.7500000       0.00000000    
   81.2500000       0.00000000    
   81.7500000       0.00000000    
   82.2500000       0.00000000    
   82.7500000       0.00000000    
   83.2500000       0.00000000    
   83.7500000       0.00000000    
   84.2500000       0.00000000    
   84.7500000       0.00000000    
   85.2500000       0.00000000    
   85.7500000       0.00000000    
   86.2500000       0.00000000    
   86.7500000       0.00000000    
   87.2500000       0.00000000    
   87.7500000       0.00000000    
   88.2500000       0.00000000    
   88.7500000       0.00000000    
   89.2500000       0.00000000    
   89.7500000       0.00000000    
   90.2500000       0.00000000    
   90.7500000       0.00000000    
   91.2500000       0.00000000    
   91.7500000       0.00000000    
   92.2500000       0.00000000    
   92.7500000       0.00000000    
   93.2500000       0.00000000    
   93.7500000       0.00000000    
   94.2500000       0.00000000    
   94.7500000       0.00000000    
   95.2500000       0.00000000    
   95.7500000       0.00000000    
   96.2500000       0.00000000    
   96.7500000       0.00000000    
   97.2500000       0.00000000    
   97.7500000       0.00000000    
   98.2500000       0.00000000    
   98.7500000       0.00000000    
   99.2500000       0.00000000    
   99.7500000       0.00000000    
   100.250000       0.00000000    
