   0.00000000       0.00000000    
  0.500000000       7.99152076E-06
   1.00000000      -1.51651930E-05
   1.50000000       2.27860110E-05
   2.00000000      -2.75405764E-05
   2.50000000       3.34977594E-05
   3.00000000      -3.41631021E-05
   3.50000000       3.65572414E-05
   4.00000000      -3.18384846E-05
   4.50000000       3.00436459E-05
   5.00000000      -1.98785820E-05
   5.50000000       1.56258429E-05
   6.00000000      -3.41182385E-06
   6.50000000       1.43337456E-06
   7.00000000       6.87537704E-06
   7.50000000      -4.00419594E-07
   8.00000000       6.07848051E-07
   8.50000000       1.57489321E-05
   9.00000000      -2.07222529E-05
   9.50000000       3.90077475E-05
   10.0000000      -3.68160981E-05
   10.5000000       4.39398173E-05
   11.0000000      -2.43131126E-05
   11.5000000       1.80009229E-05
   12.0000000       1.06458228E-05
   12.5000000      -1.11834979E-05
   13.0000000       2.53120088E-05
   13.5000000      -1.79629706E-06
   14.0000000      -6.18137165E-07
   14.5000000       2.92476634E-05
   15.0000000      -1.17823738E-05
   15.5000000       1.01555597E-05
   16.0000000       3.87562286E-05
   16.5000000      -4.27759660E-05
   17.0000000       6.43267413E-05
   17.5000000      -1.32354908E-05
   18.0000000      -3.11966141E-06
   18.5000000       5.27444681E-05
   19.0000000      -1.25584629E-05
   19.5000000       4.86058889E-06
   20.0000000       4.62980897E-05
   20.5000000       1.47396968E-05
   21.0000000      -3.72219911E-05
   21.5000000       9.26291614E-05
   22.0000000       9.64524952E-06
   22.5000000      -6.02332948E-05
   23.0000000       1.07398104E-04
   23.5000000       4.28705898E-05
   24.0000000      -5.65696246E-05
   24.5000000       6.82727841E-06
   25.0000000       1.67910388E-04
   25.5000000       1.48656618E-04
   26.0000000       4.14747046E-05
   26.5000000       7.70425249E-04
   27.0000000       2.58584321E-03
   27.5000000       5.31587517E-03
   28.0000000       8.89251009E-03
   28.5000000       1.28249619E-02
   29.0000000       1.70865245E-02
   29.5000000       2.17281505E-02
   30.0000000       2.63889693E-02
   30.5000000       3.13136242E-02
   31.0000000       3.64344902E-02
   31.5000000       4.14665341E-02
   32.0000000       4.67843823E-02
   32.5000000       5.21257184E-02
   33.0000000       5.74006736E-02
   33.5000000       6.29032925E-02
   34.0000000       6.83679655E-02
   34.5000000       7.38308355E-02
   35.0000000       7.92015567E-02
   35.5000000       8.50597620E-02
   36.0000000       9.03971419E-02
   36.5000000       9.51806083E-02
   37.0000000      0.102614410    
   37.5000000      0.106276654    
   38.0000000      0.110387750    
   38.5000000      0.122286804    
   39.0000000      0.119466811    
   39.5000000      0.124674462    
   40.0000000      0.146459565    
   40.5000000      0.126305670    
   41.0000000      0.137864172    
   41.5000000      0.178693682    
   42.0000000      0.122752845    
   42.5000000      0.146954075    
   43.0000000      0.222925887    
   43.5000000      0.109932378    
   44.0000000      0.140632033    
   44.5000000      0.278961390    
   45.0000000      0.103305645    
   45.5000000      0.102087006    
   46.0000000      0.326541543    
   46.5000000      0.133180365    
   47.0000000      -1.22714061E-02
   47.5000000      -1.53200282E-03
   48.0000000       5.59496228E-04
   48.5000000      -4.98237932E-05
   49.0000000      -4.64565801E-06
   49.5000000       2.37680820E-06
   50.0000000      -2.98912283E-07
   50.5000000      -5.01440027E-08
   51.0000000       1.31163889E-08
   51.5000000       1.53281354E-09
   52.0000000      -2.52718874E-10
   52.5000000      -1.15621963E-10
   53.0000000       1.25103573E-12
   53.5000000       8.10415190E-12
   54.0000000       6.38335413E-14
   54.5000000      -4.71775830E-13
   55.0000000       2.83941707E-15
   55.5000000       2.47709331E-14
   56.0000000      -8.82266977E-16
   56.5000000      -1.20304185E-15
   57.0000000       9.83194618E-17
   57.5000000       5.23214568E-17
   58.0000000      -7.83496046E-18
   58.5000000      -1.87044665E-18
   59.0000000       4.95446135E-19
   59.5000000       4.22960389E-20
   60.0000000      -2.53111161E-20
   60.5000000       5.64820975E-22
   61.0000000       1.00963069E-21
   61.5000000      -1.28808389E-22
   62.0000000      -2.71042636E-23
   62.5000000       8.26202741E-24
   63.0000000       9.56436655E-26
   63.5000000      -3.34214949E-25
   64.0000000       3.85986467E-26
   64.5000000       7.66639680E-27
   65.0000000      -2.47470750E-27
   65.5000000       5.63192712E-29
   66.0000000       8.25995182E-29
   66.5000000      -1.39330604E-29
   67.0000000      -9.01910078E-31
   67.5000000       6.27634144E-31
   68.0000000      -6.44396011E-32
   68.5000000      -1.16729337E-32
   69.0000000       4.05184123E-33
   69.5000000      -2.55953035E-34
   70.0000000      -9.41143710E-35
   70.5000000       2.40765235E-35
   71.0000000      -9.42652177E-37
   71.5000000      -6.24605226E-37
   72.0000000       1.37888430E-37
   72.5000000      -3.99845803E-39
   73.0000000      -3.67320545E-39
   73.5000000       7.79180801E-40
   74.0000000      -2.53522918E-41
   74.5000000      -1.95242915E-41
   75.0000000       4.35803822E-42
   75.5000000      -2.07392173E-43
   76.0000000      -9.24856986E-44
   76.5000000       2.52233724E-44
   77.0000000       0.00000000    
   77.5000000       0.00000000    
   78.0000000       0.00000000    
   78.5000000       0.00000000    
   79.0000000       0.00000000    
   79.5000000       0.00000000    
   80.0000000       0.00000000    
   80.5000000       0.00000000    
   81.0000000       0.00000000    
   81.5000000       0.00000000    
   82.0000000       0.00000000    
   82.5000000       0.00000000    
   83.0000000       0.00000000    
   83.5000000       0.00000000    
   84.0000000       0.00000000    
   84.5000000       0.00000000    
   85.0000000       0.00000000    
   85.5000000       0.00000000    
   86.0000000       0.00000000    
   86.5000000       0.00000000    
   87.0000000       0.00000000    
   87.5000000       0.00000000    
   88.0000000       0.00000000    
   88.5000000       0.00000000    
   89.0000000       0.00000000    
   89.5000000       0.00000000    
   90.0000000       0.00000000    
   90.5000000       0.00000000    
   91.0000000       0.00000000    
   91.5000000       0.00000000    
   92.0000000       0.00000000    
   92.5000000       0.00000000    
   93.0000000       0.00000000    
   93.5000000       0.00000000    
   94.0000000       0.00000000    
   94.5000000       0.00000000    
   95.0000000       0.00000000    
   95.5000000       0.00000000    
   96.0000000       0.00000000    
   96.5000000       0.00000000    
   97.0000000       0.00000000    
   97.5000000       0.00000000    
   98.0000000       0.00000000    
   98.5000000       0.00000000    
   99.0000000       0.00000000    
   99.5000000       0.00000000    
   100.000000       0.00000000    
