 -0.250000000      -8.17321506E-06
  0.250000000      -8.17321506E-06
  0.750000000      -1.60330201E-05
   1.25000000      -3.60801721E-07
   1.75000000      -2.39748751E-05
   2.25000000       6.77640173E-06
   2.75000000      -3.12941120E-05
   3.25000000       1.26376326E-05
   3.75000000      -3.69181507E-05
   4.25000000       1.57030590E-05
   4.75000000      -3.93985829E-05
   5.25000000       1.44530213E-05
   5.75000000      -3.70500129E-05
   6.25000000       7.87106001E-06
   6.75000000      -2.99820622E-05
   7.25000000      -3.07785899E-06
   7.75000000      -2.06793775E-05
   8.25000000      -1.40256616E-05
   8.75000000      -1.44134947E-05
   9.25000000      -1.94539098E-05
   9.75000000      -1.65499750E-05
   10.2500000      -1.52221683E-05
   10.7500000      -2.88074043E-05
   11.2500000      -3.61563229E-06
   11.7500000      -4.42327619E-05
   12.2500000       5.10809696E-06
   12.7500000      -5.04508971E-05
   13.2500000      -1.52157145E-06
   13.7500000      -3.87489927E-05
   14.2500000      -2.48716424E-05
   14.7500000      -1.68711122E-05
   15.2500000      -4.84222546E-05
   15.7500000      -6.67026734E-06
   16.2500000      -5.12531878E-05
   16.7500000      -2.05945908E-05
   17.2500000      -3.51152848E-05
   17.7500000      -4.03470149E-05
   18.2500000      -3.03219404E-05
   18.7500000      -3.52214556E-05
   19.2500000      -5.32231024E-05
   19.7500000      -1.41650007E-05
   20.2500000      -6.80340236E-05
   20.7500000      -2.67352516E-05
   21.2500000      -3.62898063E-05
   21.7500000      -7.47221129E-05
   22.2500000      -3.17127524E-06
   22.7500000      -8.16590837E-05
   23.2500000      -3.66411332E-05
   23.7500000      -3.33799944E-05
   24.2500000      -7.75500375E-05
   24.7500000      -3.22870728E-05
   25.2500000      -4.86143726E-05
   25.7500000      -6.82481987E-05
   26.2500000      -4.94260166E-05
   26.7500000      -2.97874794E-05
   27.2500000      -9.46028886E-05
   27.7500000      -3.85001731E-05
   28.2500000      -2.26333268E-05
   28.7500000      -1.22902988E-04
   29.2500000      -1.71428728E-05
   29.7500000      -3.10718970E-05
   30.2500000      -1.23473641E-04
   30.7500000      -3.02003918E-05
   31.2500000      -2.38779248E-05
   31.7500000      -9.20680250E-05
   32.2500000      -9.75406001E-05
   32.7500000      -8.89897092E-06
   33.2500000      -5.10575865E-06
   33.7500000      -1.76881324E-04
   34.2500000      -8.55720064E-05
   34.7500000       1.28977350E-04
   35.2500000      -1.40526561E-06
   35.7500000      -6.12305957E-05
   36.2500000       4.60955343E-04
   36.7500000       1.80570362E-03
   37.2500000       4.16145055E-03
   37.7500000       7.14537175E-03
   38.2500000       1.04363272E-02
   38.7500000       1.41905528E-02
   39.2500000       1.81154087E-02
   39.7500000       2.20815707E-02
   40.2500000       2.64001284E-02
   40.7500000       3.07174008E-02
   41.2500000       3.50772552E-02
   41.7500000       3.97511199E-02
   42.2500000       4.41577844E-02
   42.7500000       4.89440337E-02
   43.2500000       5.38979173E-02
   43.7500000       5.78753687E-02
   44.2500000       6.35198653E-02
   44.7500000       6.88677430E-02
   45.2500000       7.11016580E-02
   45.7500000       7.87251890E-02
   46.2500000       8.53997692E-02
   46.7500000       8.25858861E-02
   47.2500000       9.38360542E-02
   47.7500000      0.105732724    
   48.2500000       9.11301598E-02
   48.7500000      0.105489083    
   49.2500000      0.133779898    
   49.7500000       9.86557826E-02
   50.2500000      0.105346471    
   50.7500000      0.171009451    
   51.2500000      0.115531661    
   51.7500000       8.47157463E-02
   52.2500000      0.204276487    
   52.7500000      0.160098329    
   53.2500000       5.30869737E-02
   53.7500000      0.197705135    
   54.2500000      0.241279066    
   54.7500000       4.68235388E-02
   55.2500000      0.129402414    
   55.7500000      0.321227789    
   56.2500000      0.102098726    
   56.7500000       5.28969243E-02
   57.2500000      0.319385946    
   57.7500000      0.206528425    
   58.2500000      -6.56210177E-05
   58.7500000      -3.64136649E-03
   59.2500000       6.63584447E-04
   59.7500000      -2.17632460E-05
   60.2500000      -1.38036830E-05
   60.7500000       3.01819614E-06
   61.2500000      -1.67692917E-07
   61.7500000      -4.89628924E-08
   62.2500000       1.32390676E-08
   62.7500000      -1.11246568E-09
   63.2500000      -1.77996090E-10
   63.7500000       6.46127388E-11
   64.2500000      -4.77246628E-12
   64.7500000      -1.08961321E-12
   65.2500000       2.07950492E-13
   65.7500000       3.79259299E-15
   66.2500000      -6.00029670E-16
   66.7500000      -5.44332012E-16
   67.2500000      -1.61789752E-16
   67.7500000       7.07071870E-17
   68.2500000       4.99631607E-18
   68.7500000      -4.38754712E-18
   69.2500000       5.25155257E-20
   69.7500000       2.07983476E-19
   70.2500000      -1.53790243E-20
   70.7500000      -8.64742771E-21
   71.2500000       1.26988653E-21
   71.7500000       3.06013584E-22
   72.2500000      -8.04469623E-23
   72.7500000      -7.24221800E-24
   73.2500000       4.18693447E-24
   73.7500000      -6.43849535E-26
   74.2500000      -1.74487885E-25
   74.7500000       2.02261378E-26
   75.2500000       5.21684386E-27
   75.7500000      -1.40341995E-27
   76.2500000      -5.62811980E-29
   76.7500000       6.32542681E-29
   77.2500000      -5.28338669E-30
   77.7500000      -1.85196107E-30
   78.2500000       4.38969745E-31
   78.7500000       1.50733082E-32
   79.2500000      -1.87664720E-32
   79.7500000       1.95423181E-33
   80.2500000       4.34576358E-34
   80.7500000      -1.33306030E-34
   81.2500000       3.04469754E-36
   81.7500000       4.40815117E-36
   82.2500000      -7.59961151E-37
   82.7500000      -4.35793004E-38
   83.2500000       3.35346137E-38
   83.7500000      -3.64554942E-39
   84.2500000      -5.96605624E-40
   84.7500000       2.20378006E-40
   85.2500000      -1.49532559E-41
   85.7500000      -5.05308226E-42
   86.2500000       1.33543744E-42
   86.7500000      -4.90454463E-44
   87.2500000      -3.64337601E-44
   87.7500000       8.40779079E-45
   88.2500000       0.00000000    
   88.7500000       0.00000000    
   89.2500000       0.00000000    
   89.7500000       0.00000000    
   90.2500000       0.00000000    
   90.7500000       0.00000000    
   91.2500000       0.00000000    
   91.7500000       0.00000000    
   92.2500000       0.00000000    
   92.7500000       0.00000000    
   93.2500000       0.00000000    
   93.7500000       0.00000000    
   94.2500000       0.00000000    
   94.7500000       0.00000000    
   95.2500000       0.00000000    
   95.7500000       0.00000000    
   96.2500000       0.00000000    
   96.7500000       0.00000000    
   97.2500000       0.00000000    
   97.7500000       0.00000000    
   98.2500000       0.00000000    
   98.7500000       0.00000000    
   99.2500000       0.00000000    
   99.7500000       0.00000000    
   100.250000       0.00000000    
