 -0.250000000      -7.61811134E-06
  0.250000000      -7.61811134E-06
  0.750000000      -3.06797467E-08
   1.25000000      -1.46837147E-05
   1.75000000       5.59101545E-06
   2.25000000      -1.88216782E-05
   2.75000000       7.22253662E-06
   3.25000000      -1.81617124E-05
   3.75000000       3.40939800E-06
   4.25000000      -1.23188320E-05
   4.75000000      -4.74602666E-06
   5.25000000      -4.10063240E-06
   5.75000000      -1.35323016E-05
   6.25000000       2.18136211E-06
   6.75000000      -1.74696925E-05
   7.25000000       8.55188830E-07
   7.75000000      -1.23657792E-05
   8.25000000      -1.00910092E-05
   8.75000000       4.14089953E-07
   9.25000000      -2.48242723E-05
   9.75000000       1.08814302E-05
   10.2500000      -3.09062962E-05
   10.7500000       6.14669716E-06
   11.2500000      -1.84796718E-05
   11.7500000      -1.63582536E-05
   12.2500000       5.33614502E-06
   12.7500000      -3.96520845E-05
   13.2500000       1.65532329E-05
   13.7500000      -3.96228970E-05
   14.2500000      -1.70038177E-07
   14.7500000      -1.77421516E-05
   15.2500000      -2.33096489E-05
   15.7500000      -1.02368222E-05
   16.2500000      -1.59174724E-05
   16.7500000      -3.65171181E-05
   17.2500000       8.84422752E-06
   17.7500000      -4.97371911E-05
   18.2500000      -1.05861845E-05
   18.7500000      -7.66121866E-06
   19.2500000      -6.42572486E-05
   19.7500000       1.98285470E-05
   20.2500000      -5.45279108E-05
   20.7500000      -3.12550183E-05
   21.2500000      -4.35061884E-06
   21.7500000      -5.11081453E-05
   22.2500000      -3.66604036E-05
   22.7500000      -8.43777616E-06
   23.2500000      -4.48575411E-05
   23.7500000      -6.75372648E-05
   24.2500000       2.39579094E-05
   24.7500000      -7.09181259E-05
   25.2500000      -7.74398795E-05
   25.7500000       3.87770779E-05
   26.2500000      -7.61081683E-05
   26.7500000      -8.95794728E-05
   27.2500000       5.95077518E-06
   27.7500000      -7.49883748E-06
   28.2500000      -1.07207678E-04
   28.7500000      -1.10864523E-04
   29.2500000       1.01999838E-04
   29.7500000       7.58505048E-05
   30.2500000      -7.00231467E-05
   30.7500000       4.67723847E-04
   31.2500000       1.91270397E-03
   31.7500000       4.32163896E-03
   32.2500000       7.55947782E-03
   32.7500000       1.11409994E-02
   33.2500000       1.51072536E-02
   33.7500000       1.94165241E-02
   34.2500000       2.37480439E-02
   34.7500000       2.83594243E-02
   35.2500000       3.31544615E-02
   35.7500000       3.78883518E-02
   36.2500000       4.28918786E-02
   36.7500000       4.79232669E-02
   37.2500000       5.29857427E-02
   37.7500000       5.81850931E-02
   38.2500000       6.32525608E-02
   38.7500000       6.88601434E-02
   39.2500000       7.38044009E-02
   39.7500000       7.87758827E-02
   40.2500000       8.57368484E-02
   40.7500000       8.90928730E-02
   41.2500000       9.40836966E-02
   41.7500000      0.104526304    
   42.2500000      0.102875121    
   42.7500000      0.108356662    
   43.2500000      0.127342880    
   43.7500000      0.113572724    
   44.2500000      0.119221702    
   44.7500000      0.157754242    
   45.2500000      0.120952807    
   45.7500000      0.120712198    
   46.2500000      0.198649451    
   46.7500000      0.130559936    
   47.2500000      0.103758007    
   47.7500000      0.244075984    
   48.2500000      0.157374799    
   48.7500000       6.74936995E-02
   49.2500000      0.267070174    
   49.7500000      0.218569711    
   50.2500000       3.63031179E-02
   50.7500000      0.231033728    
   51.2500000      0.302430212    
   51.7500000       3.73756550E-02
   52.2500000      -8.19864310E-03
   52.7500000       5.40336710E-04
   53.2500000       1.27226667E-04
   53.7500000      -3.56281016E-05
   54.2500000       2.76995956E-06
   54.7500000       4.15317288E-07
   55.2500000      -1.55462743E-07
   55.7500000       1.67573333E-08
   56.2500000       2.43234854E-09
   56.7500000      -8.23723867E-10
   57.2500000      -4.75960417E-12
   57.7500000       1.74098149E-11
   58.2500000       1.53649315E-12
   58.7500000      -3.32603411E-13
   59.2500000      -2.00262685E-13
   59.7500000       1.93825160E-14
   60.2500000       1.27109677E-14
   60.7500000      -1.51842662E-15
   61.2500000      -6.19562196E-16
   61.7500000       1.01954669E-16
   62.2500000       2.60344394E-17
   62.7500000      -6.20160714E-18
   63.2500000      -8.98239149E-19
   63.7500000       3.45562714E-19
   64.2500000       1.80821811E-20
   64.7500000      -1.70353033E-20
   65.2500000       5.53182689E-22
   65.7500000       7.02090649E-22
   66.2500000      -8.77966720E-23
   66.7500000      -2.15102584E-23
   67.2500000       5.85522619E-24
   67.7500000       2.73933059E-25
   68.2500000      -2.69047692E-25
   68.7500000       1.95799005E-26
   69.2500000       8.38639569E-27
   69.7500000      -1.78728841E-27
   70.2500000      -1.01234413E-28
   70.7500000       8.14345833E-29
   71.2500000      -6.91919297E-30
   71.7500000      -2.10961702E-30
   72.2500000       5.47596379E-31
   72.7500000      -2.01473854E-34
   73.2500000      -1.97859562E-32
   73.7500000       2.91348112E-33
   74.2500000       2.65691868E-34
   74.7500000      -1.42668877E-34
   75.2500000       1.28172277E-35
   75.7500000       2.90050146E-36
   76.2500000      -8.99160805E-37
   76.7500000       4.71447250E-38
   77.2500000       2.24136638E-38
   77.7500000      -5.28018370E-39
   78.2500000       1.47377362E-40
   78.7500000       1.47460039E-40
   79.2500000      -3.00718650E-41
   79.7500000       4.77842776E-43
   80.2500000       8.75811540E-43
   80.7500000      -1.66754517E-43
   81.2500000       5.60519386E-45
   81.7500000       5.60519386E-45
   82.2500000       0.00000000    
   82.7500000       0.00000000    
   83.2500000       0.00000000    
   83.7500000       0.00000000    
   84.2500000       0.00000000    
   84.7500000       0.00000000    
   85.2500000       0.00000000    
   85.7500000       0.00000000    
   86.2500000       0.00000000    
   86.7500000       0.00000000    
   87.2500000       0.00000000    
   87.7500000       0.00000000    
   88.2500000       0.00000000    
   88.7500000       0.00000000    
   89.2500000       0.00000000    
   89.7500000       0.00000000    
   90.2500000       0.00000000    
   90.7500000       0.00000000    
   91.2500000       0.00000000    
   91.7500000       0.00000000    
   92.2500000       0.00000000    
   92.7500000       0.00000000    
   93.2500000       0.00000000    
   93.7500000       0.00000000    
   94.2500000       0.00000000    
   94.7500000       0.00000000    
   95.2500000       0.00000000    
   95.7500000       0.00000000    
   96.2500000       0.00000000    
   96.7500000       0.00000000    
   97.2500000       0.00000000    
   97.7500000       0.00000000    
   98.2500000       0.00000000    
   98.7500000       0.00000000    
   99.2500000       0.00000000    
   99.7500000       0.00000000    
   100.250000       0.00000000    
