   0.00000000       0.00000000    
  0.500000000      -6.12818440E-06
   1.00000000       1.33290041E-05
   1.50000000      -1.77110614E-05
   2.00000000       2.48779797E-05
   2.50000000      -2.66232491E-05
   3.00000000       3.28622482E-05
   3.50000000      -3.04995901E-05
   4.00000000       3.46559209E-05
   4.50000000      -2.74420727E-05
   5.00000000       2.91441684E-05
   5.50000000      -1.72350083E-05
   6.00000000       1.76615904E-05
   6.50000000      -3.07363371E-06
   7.00000000       5.72330919E-06
   7.50000000       7.59912564E-06
   8.00000000       1.74900561E-06
   8.50000000       6.76329000E-06
   9.00000000       1.15792500E-05
   9.50000000      -7.18292904E-06
   10.0000000       3.10942523E-05
   10.5000000      -2.36229789E-05
   11.0000000       4.38081443E-05
   11.5000000      -2.36429860E-05
   12.0000000       3.36217636E-05
   12.5000000       1.01168916E-06
   13.0000000       5.02357216E-06
   13.5000000       3.12047305E-05
   14.0000000      -1.20097156E-05
   14.5000000       3.50615264E-05
   15.0000000       4.42609962E-06
   15.5000000       1.23376522E-05
   16.0000000       2.77052495E-05
   16.5000000       9.67434607E-06
   17.0000000       1.09541506E-05
   17.5000000       4.79823793E-05
   18.0000000      -2.24064624E-05
   18.5000000       6.17081751E-05
   19.0000000       6.61168997E-06
   19.5000000       6.02411819E-06
   20.0000000       6.94424598E-05
   20.5000000      -1.86350426E-05
   21.0000000       4.80156486E-05
   21.5000000       4.05244791E-05
   22.0000000       7.59496379E-06
   22.5000000       3.41525156E-05
   23.0000000       6.19960483E-05
   23.5000000       1.45471313E-06
   24.0000000       2.61702517E-05
   24.5000000       1.01613303E-04
   25.0000000      -3.24656394E-05
   25.5000000       4.26683619E-05
   26.0000000       1.14318027E-04
   26.5000000      -2.54158494E-05
   27.0000000       2.30967962E-05
   27.5000000       1.05726795E-04
   28.0000000       6.64767431E-05
   28.5000000      -4.34117283E-05
   29.0000000       2.33772007E-05
   29.5000000       2.45264324E-04
   30.0000000       1.13624410E-04
   30.5000000       5.46302472E-05
   31.0000000       8.19983019E-04
   31.5000000       2.48847157E-03
   32.0000000       5.14602847E-03
   32.5000000       8.50302912E-03
   33.0000000       1.21261971E-02
   33.5000000       1.61838513E-02
   34.0000000       2.04697568E-02
   34.5000000       2.47684866E-02
   35.0000000       2.94087473E-02
   35.5000000       3.40969786E-02
   36.0000000       3.87700945E-02
   36.5000000       4.37273346E-02
   37.0000000       4.85964082E-02
   37.5000000       5.35959527E-02
   38.0000000       5.85939102E-02
   38.5000000       6.35618046E-02
   39.0000000       6.90812320E-02
   39.5000000       7.34708905E-02
   40.0000000       7.88017809E-02
   40.5000000       8.54167342E-02
   41.0000000       8.74587446E-02
   41.5000000       9.43314135E-02
   42.0000000      0.103389226    
   42.5000000       9.88679379E-02
   43.0000000      0.110147379    
   43.5000000      0.124987558    
   44.0000000      0.105087459    
   44.5000000      0.124970928    
   45.0000000      0.154162079    
   45.5000000      0.104182497    
   46.0000000      0.133101419    
   46.5000000      0.195868239    
   47.0000000      0.100198209    
   47.5000000      0.122038193    
   48.0000000      0.249214008    
   48.5000000      0.109252840    
   49.0000000       8.21375698E-02
   49.5000000      0.292780399    
   50.0000000      0.154503256    
   50.5000000       3.24200466E-02
   51.0000000      0.281863660    
   51.5000000      0.238192335    
   52.0000000       2.37860996E-03
   52.5000000      -5.74087072E-03
   53.0000000       9.55131196E-04
   53.5000000      -1.18134085E-05
   54.0000000      -2.28464414E-05
   54.5000000       4.18869695E-06
   55.0000000      -1.55639754E-07
   55.5000000      -8.89726905E-08
   56.0000000       2.12688729E-08
   56.5000000      -4.89572882E-10
   57.0000000      -5.64233216E-10
   57.5000000       5.05213961E-11
   58.0000000       9.68773325E-12
   58.5000000       3.35882851E-13
   59.0000000      -4.12590589E-13
   59.5000000      -1.11067378E-13
   60.0000000       3.22753333E-14
   60.5000000       6.19703026E-15
   61.0000000      -2.07029654E-15
   61.5000000      -2.41775576E-16
   62.0000000       1.14767379E-16
   62.5000000       6.59084939E-18
   63.0000000      -5.88142786E-18
   63.5000000       1.99345875E-20
   64.0000000       2.74976523E-19
   64.5000000      -2.00688686E-20
   65.0000000      -1.10020805E-20
   65.5000000       1.79997995E-21
   66.0000000       3.27917437E-22
   66.5000000      -1.08547387E-22
   67.0000000      -3.41800020E-24
   67.5000000       4.92173829E-24
   68.0000000      -3.84003215E-25
   68.5000000      -1.58799179E-25
   69.0000000       3.38006159E-26
   69.5000000       2.30288258E-27
   70.0000000      -1.61283055E-27
   70.5000000       1.14422917E-28
   71.0000000       4.70593609E-29
   71.5000000      -1.06086902E-29
   72.0000000      -3.18610879E-31
   72.5000000       4.37905030E-31
   73.0000000      -5.06433882E-32
   73.5000000      -8.54393816E-33
   74.0000000       3.08293524E-33
   74.5000000      -1.60202684E-34
   75.0000000      -8.40342257E-35
   75.5000000       1.86532127E-35
   76.0000000      -4.16091925E-38
   76.5000000      -6.31740324E-37
   77.0000000       1.03960024E-37
   77.5000000       4.14066320E-39
   78.0000000      -4.15415490E-39
   78.5000000       5.63155228E-40
   79.0000000       4.01598127E-41
   79.5000000      -2.52219711E-41
   80.0000000       3.09827090E-42
   80.5000000       2.63444111E-43
   81.0000000      -1.40129846E-43
   81.5000000       2.10194770E-44
   82.0000000       2.80259693E-45
   82.5000000       0.00000000    
   83.0000000       0.00000000    
   83.5000000       0.00000000    
   84.0000000       0.00000000    
   84.5000000       0.00000000    
   85.0000000       0.00000000    
   85.5000000       0.00000000    
   86.0000000       0.00000000    
   86.5000000       0.00000000    
   87.0000000       0.00000000    
   87.5000000       0.00000000    
   88.0000000       0.00000000    
   88.5000000       0.00000000    
   89.0000000       0.00000000    
   89.5000000       0.00000000    
   90.0000000       0.00000000    
   90.5000000       0.00000000    
   91.0000000       0.00000000    
   91.5000000       0.00000000    
   92.0000000       0.00000000    
   92.5000000       0.00000000    
   93.0000000       0.00000000    
   93.5000000       0.00000000    
   94.0000000       0.00000000    
   94.5000000       0.00000000    
   95.0000000       0.00000000    
   95.5000000       0.00000000    
   96.0000000       0.00000000    
   96.5000000       0.00000000    
   97.0000000       0.00000000    
   97.5000000       0.00000000    
   98.0000000       0.00000000    
   98.5000000       0.00000000    
   99.0000000       0.00000000    
   99.5000000       0.00000000    
   100.000000       0.00000000    
