 -0.250000000      -7.27705810E-06
  0.250000000      -7.27705810E-06
  0.750000000       5.99800615E-06
   1.25000000      -2.00266040E-05
   1.75000000       1.71193115E-05
   2.25000000      -2.91847737E-05
   2.75000000       2.33208539E-05
   3.25000000      -3.19444225E-05
   3.75000000       2.19389894E-05
   4.25000000      -2.67917894E-05
   4.75000000       1.26913492E-05
   5.25000000      -1.51705235E-05
   5.75000000      -4.08496618E-07
   6.25000000      -3.66601466E-06
   6.75000000      -8.90934825E-06
   7.25000000      -1.74307854E-06
   7.75000000      -4.24817790E-06
   8.25000000      -1.42383869E-05
   8.75000000       1.28673610E-05
   9.25000000      -3.35702680E-05
   9.75000000       2.72053621E-05
   10.2500000      -3.94995259E-05
   10.7500000       1.91508188E-05
   11.2500000      -1.95264747E-05
   11.7500000      -1.02770264E-05
   12.2500000       7.98690235E-06
   12.7500000      -2.84265061E-05
   13.2500000       6.58798717E-06
   13.7500000      -1.10087540E-05
   14.2500000      -2.10781109E-05
   14.7500000       6.81896154E-06
   15.2500000      -1.77415041E-05
   15.7500000      -2.60800898E-05
   16.2500000       2.69803204E-05
   16.7500000      -6.07182301E-05
   17.2500000       2.08159890E-05
   17.7500000      -1.42133749E-05
   18.2500000      -4.54872134E-05
   18.7500000       2.19997473E-05
   19.2500000      -2.92731238E-05
   19.7500000      -3.52384668E-05
   20.2500000       3.12074530E-06
   20.7500000      -2.72411694E-06
   21.2500000      -7.75128574E-05
   21.7500000       2.54264269E-05
   22.2500000       4.83443409E-06
   22.7500000      -1.10695037E-04
   23.2500000       2.73353999E-05
   23.7500000       2.34704003E-05
   24.2500000      -9.11466195E-05
   24.7500000      -7.29057356E-05
   25.2500000       7.32315311E-05
   25.7500000       1.20654433E-04
   26.2500000      -1.98887665E-05
   26.7500000       4.52420994E-04
   27.2500000       2.00523785E-03
   27.7500000       4.49263258E-03
   28.2500000       7.87636545E-03
   28.7500000       1.17373327E-02
   29.2500000       1.58978589E-02
   29.7500000       2.04835087E-02
   30.2500000       2.51606796E-02
   30.7500000       3.00291181E-02
   31.2500000       3.51849683E-02
   31.7500000       4.02779542E-02
   32.2500000       4.55877520E-02
   32.7500000       5.10482974E-02
   33.2500000       5.64112179E-02
   33.7500000       6.19858988E-02
   34.2500000       6.75976723E-02
   34.7500000       7.32326284E-02
   35.2500000       7.87564814E-02
   35.7500000       8.46301541E-02
   36.2500000       9.05647948E-02
   36.7500000       9.52637196E-02
   37.2500000      0.102404371    
   37.7500000      0.108118489    
   38.2500000      0.110445626    
   38.7500000      0.122130126    
   39.2500000      0.125027090    
   39.7500000      0.122575358    
   40.2500000      0.146514729    
   40.7500000      0.139580712    
   41.2500000      0.128775880    
   41.7500000      0.179519355    
   42.2500000      0.150593594    
   42.7500000      0.123903006    
   43.2500000      0.223238781    
   43.7500000      0.162119538    
   44.2500000      0.100950986    
   44.7500000      0.268580139    
   45.2500000      0.188766778    
   45.7500000       6.12480007E-02
   46.2500000      0.280959040    
   46.7500000      0.247557893    
   47.2500000       1.39511181E-02
   47.7500000      -5.85225318E-03
   48.2500000       6.02055807E-04
   48.7500000       5.33259590E-05
   49.2500000      -2.22303588E-05
   49.7500000       2.85356737E-06
   50.2500000       1.29486580E-07
   50.7500000      -1.39261786E-07
   51.2500000       9.66186064E-09
   51.7500000       4.19222612E-09
   52.2500000      -1.26326408E-10
   52.7500000      -1.65561648E-10
   53.2500000      -1.88085988E-11
   53.7500000       9.40093489E-12
   54.2500000       1.60242002E-12
   54.7500000      -5.52415969E-13
   55.2500000      -8.59857771E-14
   55.7500000       3.09851428E-14
   56.2500000       3.64809086E-15
   56.7500000      -1.67675858E-15
   57.2500000      -1.10019515E-16
   57.7500000       8.60488727E-17
   58.2500000       2.97557132E-19
   58.7500000      -3.99926647E-18
   59.2500000       2.71382191E-19
   59.7500000       1.57057843E-19
   60.2500000      -2.50779577E-20
   60.7500000      -4.49891337E-21
   61.2500000       1.48998876E-21
   61.7500000       3.70912805E-23
   62.2500000      -6.49436114E-23
   62.7500000       5.67654683E-24
   63.2500000       1.92884064E-24
   63.7500000      -4.52439487E-25
   64.2500000      -1.87408730E-26
   64.7500000       1.96373595E-26
   65.2500000      -1.86679253E-27
   65.7500000      -4.78654547E-28
   66.2500000       1.34577436E-28
   66.7500000      -1.64613220E-30
   67.2500000      -4.58773515E-30
   67.7500000       7.34640335E-31
   68.2500000       5.04415264E-32
   68.7500000      -3.32054056E-32
   69.2500000       3.44055001E-33
   69.7500000       5.83496478E-34
   70.2500000      -2.09571954E-34
   70.7500000       1.47614841E-35
   71.2500000       4.47284676E-36
   71.7500000      -1.23273629E-36
   72.2500000       6.44571229E-38
   72.7500000       2.85057290E-38
   73.2500000      -7.00911976E-39
   73.7500000       3.32556152E-40
   74.2500000       1.60323959E-40
   74.7500000      -3.91046349E-41
   75.2500000       2.14959184E-42
   75.7500000       8.04345319E-43
   76.2500000      -2.12997367E-43
   76.7500000       1.54142831E-44
   77.2500000       5.60519386E-45
   77.7500000       0.00000000    
   78.2500000       0.00000000    
   78.7500000       0.00000000    
   79.2500000       0.00000000    
   79.7500000       0.00000000    
   80.2500000       0.00000000    
   80.7500000       0.00000000    
   81.2500000       0.00000000    
   81.7500000       0.00000000    
   82.2500000       0.00000000    
   82.7500000       0.00000000    
   83.2500000       0.00000000    
   83.7500000       0.00000000    
   84.2500000       0.00000000    
   84.7500000       0.00000000    
   85.2500000       0.00000000    
   85.7500000       0.00000000    
   86.2500000       0.00000000    
   86.7500000       0.00000000    
   87.2500000       0.00000000    
   87.7500000       0.00000000    
   88.2500000       0.00000000    
   88.7500000       0.00000000    
   89.2500000       0.00000000    
   89.7500000       0.00000000    
   90.2500000       0.00000000    
   90.7500000       0.00000000    
   91.2500000       0.00000000    
   91.7500000       0.00000000    
   92.2500000       0.00000000    
   92.7500000       0.00000000    
   93.2500000       0.00000000    
   93.7500000       0.00000000    
   94.2500000       0.00000000    
   94.7500000       0.00000000    
   95.2500000       0.00000000    
   95.7500000       0.00000000    
   96.2500000       0.00000000    
   96.7500000       0.00000000    
   97.2500000       0.00000000    
   97.7500000       0.00000000    
   98.2500000       0.00000000    
   98.7500000       0.00000000    
   99.2500000       0.00000000    
   99.7500000       0.00000000    
   100.250000       0.00000000    
