   0.00000000       0.00000000    
  0.500000000      -5.00614578E-06
   1.00000000       1.07899632E-05
   1.50000000      -1.53663168E-05
   2.00000000       2.18615896E-05
   2.50000000      -2.52541522E-05
   3.00000000       3.14372301E-05
   3.50000000      -3.22736669E-05
   4.00000000       3.62696082E-05
   4.50000000      -3.22861670E-05
   5.00000000       3.24219909E-05
   5.50000000      -2.24793985E-05
   6.00000000       1.89654565E-05
   6.50000000      -5.17449280E-06
   7.00000000       2.04861954E-06
   7.50000000       9.81276844E-06
   8.00000000      -5.42915632E-06
   8.50000000       8.83615394E-06
   9.00000000       7.33160232E-06
   9.50000000      -1.17912350E-05
   10.0000000       3.36549747E-05
   10.5000000      -3.43829961E-05
   11.0000000       4.74542903E-05
   11.5000000      -3.07182854E-05
   12.0000000       2.84108719E-05
   12.5000000       1.57938666E-06
   13.0000000      -2.39222936E-06
   13.5000000       2.10436774E-05
   14.0000000       2.39367546E-06
   14.5000000      -2.83348345E-06
   15.0000000       3.58889884E-05
   15.5000000      -1.94951044E-05
   16.0000000       2.21580740E-05
   16.5000000       3.07760638E-05
   17.0000000      -3.73316252E-05
   17.5000000       6.85199484E-05
   18.0000000      -1.97438239E-05
   18.5000000       7.65938239E-06
   19.0000000       4.78497095E-05
   19.5000000      -7.67225811E-06
   20.0000000       4.40043004E-06
   20.5000000       5.21647162E-05
   21.0000000       1.22130477E-05
   21.5000000      -3.47802488E-05
   22.0000000       1.01379650E-04
   22.5000000       1.21783523E-06
   23.0000000      -5.07868026E-05
   23.5000000       1.09801396E-04
   24.0000000       4.13374582E-05
   24.5000000      -5.12238475E-05
   25.0000000       6.19569619E-06
   25.5000000       1.76507587E-04
   26.0000000       1.47570041E-04
   26.5000000       3.94686649E-05
   27.0000000       7.78206275E-04
   27.5000000       2.57564429E-03
   28.0000000       5.29395323E-03
   28.5000000       8.84947646E-03
   29.0000000       1.27429133E-02
   29.5000000       1.69794187E-02
   30.0000000       2.15820707E-02
   30.5000000       2.61972211E-02
   31.0000000       3.10883559E-02
   31.5000000       3.61597613E-02
   32.0000000       4.11463268E-02
   32.5000000       4.64226939E-02
   33.0000000       5.17105162E-02
   33.5000000       5.69461957E-02
   34.0000000       6.23926744E-02
   34.5000000       6.78094774E-02
   35.0000000       7.32522309E-02
   35.5000000       7.85191432E-02
   36.0000000       8.43691826E-02
   36.5000000       8.97408277E-02
   37.0000000       9.42410380E-02
   37.5000000      0.101850279    
   38.0000000      0.105684340    
   38.5000000      0.108883634    
   39.0000000      0.121667176    
   39.5000000      0.119318955    
   40.0000000      0.121692345    
   40.5000000      0.146589190    
   41.0000000      0.127556443    
   41.5000000      0.131232649    
   42.0000000      0.180635661    
   42.5000000      0.127686471    
   43.0000000      0.132876247    
   43.5000000      0.227069631    
   44.0000000      0.123186253    
   44.5000000      0.115912512    
   45.0000000      0.281168342    
   45.5000000      0.131062761    
   46.0000000       7.20554888E-02
   46.5000000      0.313889474    
   47.0000000      0.177056342    
   47.5000000      -8.42644647E-03
   48.0000000      -3.12142447E-03
   48.5000000       7.29503459E-04
   49.0000000      -3.70480848E-05
   49.5000000      -1.10638930E-05
   50.0000000       3.10452083E-06
   50.5000000      -2.53739273E-07
   51.0000000      -7.62687904E-08
   51.5000000       1.56997668E-08
   52.0000000       1.82193427E-09
   52.5000000      -3.20707294E-10
   53.0000000      -1.14326985E-10
   53.5000000       3.51897331E-14
   54.0000000       8.28896240E-12
   54.5000000       2.24020021E-13
   55.0000000      -4.98235893E-13
   55.5000000      -6.20709810E-15
   56.0000000       2.66598097E-14
   56.5000000      -4.39752825E-16
   57.0000000      -1.32302692E-15
   57.5000000       7.95870966E-17
   58.0000000       5.96587539E-17
   58.5000000      -7.29877620E-18
   59.0000000      -2.28082150E-18
   59.5000000       4.99762674E-19
   60.0000000       6.19309414E-20
   60.5000000      -2.72641153E-20
   61.0000000      -1.66277036E-22
   61.5000000       1.17252549E-21
   62.0000000      -1.13236742E-22
   62.5000000      -3.60093357E-23
   63.0000000       8.61735876E-24
   63.5000000       4.32018886E-25
   64.0000000      -3.90939644E-25
   64.5000000       3.20230720E-26
   65.0000000       1.08391461E-26
   65.5000000      -2.64348753E-27
   66.0000000      -4.51872758E-29
   66.5000000       1.03676926E-28
   67.0000000      -1.31222334E-29
   67.5000000      -1.82090282E-30
   68.0000000       7.37303676E-31
   68.5000000      -4.75286455E-32
   69.0000000      -1.83435849E-32
   69.5000000       4.51293220E-33
   70.0000000      -9.33513329E-35
   70.5000000      -1.37275332E-34
   71.0000000       2.56485262E-35
   71.5000000       2.79499180E-37
   72.0000000      -8.88779806E-37
   72.5000000       1.42605795E-37
   73.0000000       4.01666090E-39
   73.5000000      -5.25847478E-39
   74.0000000       8.01346540E-40
   74.5000000       2.22400079E-41
   75.0000000      -2.89844574E-41
   75.5000000       4.58785117E-42
   76.0000000       4.90454463E-44
   76.5000000      -1.48537637E-43
   77.0000000       2.66246708E-44
   77.5000000       2.80259693E-45
   78.0000000       0.00000000    
   78.5000000       0.00000000    
   79.0000000       0.00000000    
   79.5000000       0.00000000    
   80.0000000       0.00000000    
   80.5000000       0.00000000    
   81.0000000       0.00000000    
   81.5000000       0.00000000    
   82.0000000       0.00000000    
   82.5000000       0.00000000    
   83.0000000       0.00000000    
   83.5000000       0.00000000    
   84.0000000       0.00000000    
   84.5000000       0.00000000    
   85.0000000       0.00000000    
   85.5000000       0.00000000    
   86.0000000       0.00000000    
   86.5000000       0.00000000    
   87.0000000       0.00000000    
   87.5000000       0.00000000    
   88.0000000       0.00000000    
   88.5000000       0.00000000    
   89.0000000       0.00000000    
   89.5000000       0.00000000    
   90.0000000       0.00000000    
   90.5000000       0.00000000    
   91.0000000       0.00000000    
   91.5000000       0.00000000    
   92.0000000       0.00000000    
   92.5000000       0.00000000    
   93.0000000       0.00000000    
   93.5000000       0.00000000    
   94.0000000       0.00000000    
   94.5000000       0.00000000    
   95.0000000       0.00000000    
   95.5000000       0.00000000    
   96.0000000       0.00000000    
   96.5000000       0.00000000    
   97.0000000       0.00000000    
   97.5000000       0.00000000    
   98.0000000       0.00000000    
   98.5000000       0.00000000    
   99.0000000       0.00000000    
   99.5000000       0.00000000    
   100.000000       0.00000000    
