 -0.250000000      0.297452629    
  0.250000000      0.297452629    
  0.750000000      0.295367420    
   1.25000000      0.291223466    
   1.75000000      0.285075396    
   2.25000000      0.277007222    
   2.75000000      0.267132849    
   3.25000000      0.255600452    
   3.75000000      0.242594570    
   4.25000000      0.228338867    
   4.75000000      0.213099331    
   5.25000000      0.197187990    
   5.75000000      0.180957794    
   6.25000000      0.164823905    
   6.75000000      0.149272785    
   7.25000000      0.134340674    
   7.75000000      0.118894823    
   8.25000000      0.102282897    
   8.75000000       8.55159461E-02
   9.25000000       6.88783452E-02
   9.75000000       5.30754253E-02
   10.2500000       3.86769325E-02
   10.7500000       2.61245426E-02
   11.2500000       1.58207640E-02
   11.7500000       8.08897987E-03
   12.2500000       2.77813547E-03
   12.7500000       4.20012220E-04
   13.2500000      -2.39503097E-05
   13.7500000      -9.09080882E-06
   14.2500000       1.00164596E-06
   14.7500000       8.85561988E-08
   15.2500000      -3.06578798E-08
   15.7500000       2.76615753E-09
   16.2500000       1.24593530E-10
   16.7500000      -7.22015642E-11
   17.2500000       1.10818724E-11
   17.7500000      -8.63299232E-13
   18.2500000      -1.99261926E-14
   18.7500000       1.88118886E-14
   19.2500000      -3.60221005E-15
   19.7500000       4.55106462E-16
   20.2500000      -3.92862881E-17
   20.7500000       1.20719007E-18
   21.2500000       3.66377267E-19
   21.7500000      -1.01514603E-19
   22.2500000       1.71498112E-20
   22.7500000      -2.30952947E-21
   23.2500000       2.61589911E-22
   23.7500000      -2.44763817E-23
   24.2500000       1.63758985E-24
   24.7500000      -5.74102152E-27
   25.2500000      -2.36847876E-26
   25.7500000       5.65555876E-27
   26.2500000      -9.75853392E-28
   26.7500000       1.45765284E-28
   27.2500000      -1.99627890E-29
   27.7500000       2.57373266E-30
   28.2500000      -3.17009479E-31
   28.7500000       3.76491445E-32
   29.2500000      -4.33847598E-33
   29.7500000       4.87285571E-34
   30.2500000      -5.35273406E-35
   30.7500000       5.76592176E-36
   31.2500000      -6.10363729E-37
   31.7500000       6.36054530E-38
   32.2500000      -6.53458545E-39
   32.7500000       6.62668439E-40
   33.2500000      -6.64019290E-41
   33.7500000       6.58330019E-42
   34.2500000      -6.45998592E-43
   34.7500000       6.16571324E-44
   35.2500000      -5.60519386E-45
   35.7500000       0.00000000    
   36.2500000       0.00000000    
   36.7500000       0.00000000    
   37.2500000       0.00000000    
   37.7500000       0.00000000    
   38.2500000       0.00000000    
   38.7500000       0.00000000    
   39.2500000       0.00000000    
   39.7500000       0.00000000    
   40.2500000       0.00000000    
   40.7500000       0.00000000    
   41.2500000       0.00000000    
   41.7500000       0.00000000    
   42.2500000       0.00000000    
   42.7500000       0.00000000    
   43.2500000       0.00000000    
   43.7500000       0.00000000    
   44.2500000       0.00000000    
   44.7500000       0.00000000    
   45.2500000       0.00000000    
   45.7500000       0.00000000    
   46.2500000       0.00000000    
   46.7500000       0.00000000    
   47.2500000       0.00000000    
   47.7500000       0.00000000    
   48.2500000       0.00000000    
   48.7500000       0.00000000    
   49.2500000       0.00000000    
   49.7500000       0.00000000    
   50.2500000       0.00000000    
   50.7500000       0.00000000    
   51.2500000       0.00000000    
   51.7500000       0.00000000    
   52.2500000       0.00000000    
   52.7500000       0.00000000    
   53.2500000       0.00000000    
   53.7500000       0.00000000    
   54.2500000       0.00000000    
   54.7500000       0.00000000    
   55.2500000       0.00000000    
   55.7500000       0.00000000    
   56.2500000       0.00000000    
   56.7500000       0.00000000    
   57.2500000       0.00000000    
   57.7500000       0.00000000    
   58.2500000       0.00000000    
   58.7500000       0.00000000    
   59.2500000       0.00000000    
   59.7500000       0.00000000    
   60.2500000       0.00000000    
   60.7500000       0.00000000    
   61.2500000       0.00000000    
   61.7500000       0.00000000    
   62.2500000       0.00000000    
   62.7500000       0.00000000    
   63.2500000       0.00000000    
   63.7500000       0.00000000    
   64.2500000       0.00000000    
   64.7500000       0.00000000    
   65.2500000       0.00000000    
   65.7500000       0.00000000    
   66.2500000       0.00000000    
   66.7500000       0.00000000    
   67.2500000       0.00000000    
   67.7500000       0.00000000    
   68.2500000       0.00000000    
   68.7500000       0.00000000    
   69.2500000       0.00000000    
   69.7500000       0.00000000    
   70.2500000       0.00000000    
   70.7500000       0.00000000    
   71.2500000       0.00000000    
   71.7500000       0.00000000    
   72.2500000       0.00000000    
   72.7500000       0.00000000    
   73.2500000       0.00000000    
   73.7500000       0.00000000    
   74.2500000       0.00000000    
   74.7500000       0.00000000    
   75.2500000       0.00000000    
   75.7500000       0.00000000    
   76.2500000       0.00000000    
   76.7500000       0.00000000    
   77.2500000       0.00000000    
   77.7500000       0.00000000    
   78.2500000       0.00000000    
   78.7500000       0.00000000    
   79.2500000       0.00000000    
   79.7500000       0.00000000    
   80.2500000       0.00000000    
   80.7500000       0.00000000    
   81.2500000       0.00000000    
   81.7500000       0.00000000    
   82.2500000       0.00000000    
   82.7500000       0.00000000    
   83.2500000       0.00000000    
   83.7500000       0.00000000    
   84.2500000       0.00000000    
   84.7500000       0.00000000    
   85.2500000       0.00000000    
   85.7500000       0.00000000    
   86.2500000       0.00000000    
   86.7500000       0.00000000    
   87.2500000       0.00000000    
   87.7500000       0.00000000    
   88.2500000       0.00000000    
   88.7500000       0.00000000    
   89.2500000       0.00000000    
   89.7500000       0.00000000    
   90.2500000       0.00000000    
   90.7500000       0.00000000    
   91.2500000       0.00000000    
   91.7500000       0.00000000    
   92.2500000       0.00000000    
   92.7500000       0.00000000    
   93.2500000       0.00000000    
   93.7500000       0.00000000    
   94.2500000       0.00000000    
   94.7500000       0.00000000    
   95.2500000       0.00000000    
   95.7500000       0.00000000    
   96.2500000       0.00000000    
   96.7500000       0.00000000    
   97.2500000       0.00000000    
   97.7500000       0.00000000    
   98.2500000       0.00000000    
   98.7500000       0.00000000    
   99.2500000       0.00000000    
   99.7500000       0.00000000    
   100.250000       0.00000000    
