 -0.250000000      -7.46656497E-07
  0.250000000      -7.46656497E-07
  0.750000000      -5.54657845E-06
   1.25000000       5.47052832E-06
   1.75000000      -1.38135911E-05
   2.25000000       1.56257356E-05
   2.75000000      -2.44184121E-05
   3.25000000       2.38397952E-05
   3.75000000      -2.71254939E-05
   4.25000000       1.76240555E-05
   4.75000000      -1.03867105E-05
   5.25000000      -8.31231773E-06
   5.75000000       1.93231190E-05
   6.25000000      -3.35662480E-05
   6.75000000       2.96625949E-05
   7.25000000      -2.23885909E-05
   7.75000000      -2.33974356E-06
   8.25000000       1.86388825E-05
   8.75000000      -3.28449605E-05
   9.25000000       1.91279378E-05
   9.75000000       1.39531983E-06
   10.2500000      -3.14832578E-05
   10.7500000       2.98488339E-05
   11.2500000      -5.18166962E-06
   11.7500000      -4.72806569E-05
   12.2500000       6.67515342E-05
   12.7500000      -4.37595336E-05
   13.2500000      -2.50433277E-05
   13.7500000       4.48362807E-05
   14.2500000       1.14079467E-05
   14.7500000      -9.97039169E-05
   15.2500000       6.74908952E-05
   15.7500000       1.57582239E-04
   16.2500000       4.96895991E-05
   16.7500000       5.26228163E-04
   17.2500000       2.09694961E-03
   17.7500000       5.03187766E-03
   18.2500000       8.87243543E-03
   18.7500000       1.33971348E-02
   19.2500000       1.84541065E-02
   19.7500000       2.37790402E-02
   20.2500000       2.95314211E-02
   20.7500000       3.54347192E-02
   21.2500000       4.15697657E-02
   21.7500000       4.79395725E-02
   22.2500000       5.43088950E-02
   22.7500000       6.09587952E-02
   23.2500000       6.75806031E-02
   23.7500000       7.42931664E-02
   24.2500000       8.11701789E-02
   24.7500000       8.78788009E-02
   25.2500000       9.48365331E-02
   25.7500000      0.101652116    
   26.2500000      0.108435117    
   26.7500000      0.115419269    
   27.2500000      0.121975608    
   27.7500000      0.128821507    
   28.2500000      0.135554835    
   28.7500000      0.141580999    
   29.2500000      0.148690566    
   29.7500000      0.154519439    
   30.2500000      0.159546480    
   30.7500000      0.168346658    
   31.2500000      0.169813931    
   31.7500000      0.175765887    
   32.2500000      0.188311070    
   32.7500000      0.174603030    
   33.2500000      0.193866968    
   33.7500000      0.206304371    
   34.2500000      0.155162826    
   34.7500000      0.217436716    
   35.2500000      0.221787065    
   35.7500000       6.23775497E-02
   36.2500000       2.34984560E-03
   36.7500000      -3.89185589E-05
   37.2500000      -3.73831790E-06
   37.7500000      -7.18170195E-05
   38.2500000      -1.57288250E-05
   38.7500000       2.35071843E-06
   39.2500000       1.45474974E-06
   39.7500000       7.02897935E-08
   40.2500000      -8.49612647E-08
   40.7500000      -1.26690072E-08
   41.2500000       4.19196500E-09
   41.7500000       9.31216049E-10
   42.2500000      -2.05167244E-10
   42.7500000      -5.18534521E-11
   43.2500000       1.08061685E-11
   43.7500000       2.37840476E-12
   44.2500000      -5.98096496E-13
   44.7500000      -8.55360636E-14
   45.2500000       3.19849060E-14
   45.7500000       1.74652010E-15
   46.2500000      -1.51748705E-15
   46.7500000       5.04634701E-17
   47.2500000       5.83958940E-17
   47.7500000      -7.72717221E-18
   48.2500000      -1.51816697E-18
   48.7500000       4.68962190E-19
   49.2500000       3.51065145E-21
   49.7500000      -1.80516401E-20
   50.2500000       2.16715302E-21
   50.7500000       3.69168880E-22
   51.2500000      -1.27968562E-22
   51.7500000       5.08360387E-24
   52.2500000       3.69693431E-24
   52.7500000      -7.25766134E-25
   53.2500000      -1.34760862E-26
   53.7500000       2.62358651E-26
   54.2500000      -3.75457038E-27
   54.7500000      -2.37374982E-28
   55.2500000       1.59603764E-28
   55.7500000      -1.94816496E-29
   56.2500000      -1.64117142E-30
   56.7500000       8.88585896E-31
   57.2500000      -1.07108095E-31
   57.7500000      -7.66707374E-33
   58.2500000       4.60065750E-33
   58.7500000      -6.18870087E-34
   59.2500000      -1.99405197E-35
   59.7500000       2.17480747E-35
   60.2500000      -3.55759125E-36
   60.7500000       6.15414749E-38
   61.2500000       8.87832383E-38
   61.7500000      -1.90730089E-38
   62.2500000       1.28701977E-39
   62.7500000       2.70868191E-40
   63.2500000      -8.94574927E-41
   63.7500000       1.06764930E-41
   64.2500000       2.43825933E-43
   64.7500000      -3.36311631E-43
   65.2500000       6.58610278E-44
   65.7500000      -2.80259693E-45
   66.2500000      -1.40129846E-45
   66.7500000       0.00000000    
   67.2500000       0.00000000    
   67.7500000       0.00000000    
   68.2500000       0.00000000    
   68.7500000       0.00000000    
   69.2500000       0.00000000    
   69.7500000       0.00000000    
   70.2500000       0.00000000    
   70.7500000       0.00000000    
   71.2500000       0.00000000    
   71.7500000       0.00000000    
   72.2500000       0.00000000    
   72.7500000       0.00000000    
   73.2500000       0.00000000    
   73.7500000       0.00000000    
   74.2500000       0.00000000    
   74.7500000       0.00000000    
   75.2500000       0.00000000    
   75.7500000       0.00000000    
   76.2500000       0.00000000    
   76.7500000       0.00000000    
   77.2500000       0.00000000    
   77.7500000       0.00000000    
   78.2500000       0.00000000    
   78.7500000       0.00000000    
   79.2500000       0.00000000    
   79.7500000       0.00000000    
   80.2500000       0.00000000    
   80.7500000       0.00000000    
   81.2500000       0.00000000    
   81.7500000       0.00000000    
   82.2500000       0.00000000    
   82.7500000       0.00000000    
   83.2500000       0.00000000    
   83.7500000       0.00000000    
   84.2500000       0.00000000    
   84.7500000       0.00000000    
   85.2500000       0.00000000    
   85.7500000       0.00000000    
   86.2500000       0.00000000    
   86.7500000       0.00000000    
   87.2500000       0.00000000    
   87.7500000       0.00000000    
   88.2500000       0.00000000    
   88.7500000       0.00000000    
   89.2500000       0.00000000    
   89.7500000       0.00000000    
   90.2500000       0.00000000    
   90.7500000       0.00000000    
   91.2500000       0.00000000    
   91.7500000       0.00000000    
   92.2500000       0.00000000    
   92.7500000       0.00000000    
   93.2500000       0.00000000    
   93.7500000       0.00000000    
   94.2500000       0.00000000    
   94.7500000       0.00000000    
   95.2500000       0.00000000    
   95.7500000       0.00000000    
   96.2500000       0.00000000    
   96.7500000       0.00000000    
   97.2500000       0.00000000    
   97.7500000       0.00000000    
   98.2500000       0.00000000    
   98.7500000       0.00000000    
   99.2500000       0.00000000    
   99.7500000       0.00000000    
   100.250000       0.00000000    
