 -0.250000000      -6.96760981E-06
  0.250000000      -6.96760981E-06
  0.750000000      -3.82127364E-05
   1.25000000      -3.52309798E-05
   1.75000000       3.81412356E-05
   2.25000000       5.05994285E-05
   2.75000000      -9.70266701E-05
   3.25000000      -1.53633024E-04
   3.75000000       7.76050001E-05
   4.25000000       1.91636907E-04
   4.75000000      -8.37785265E-05
   5.25000000      -2.22072267E-04
   5.75000000      -1.93854939E-05
   6.25000000       7.29895910E-05
   6.75000000       1.22809884E-04
   7.25000000       5.45487637E-05
   7.75000000      -2.33221261E-04
   8.25000000      -1.26533734E-04
   8.75000000      -2.45159190E-05
   9.25000000       2.13545791E-04
   9.75000000       9.91784545E-05
   10.2500000      -1.28328038E-05
   10.7500000      -2.79162196E-04
   11.2500000      -1.51105865E-04
   11.7500000       2.97518018E-05
   12.2500000       1.63013538E-04
   12.7500000       2.52768601E-04
   13.2500000      -3.27091802E-05
   13.7500000      -2.87725969E-04
   14.2500000      -2.07575154E-04
   14.7500000      -8.00175112E-05
   15.2500000       8.66198752E-05
   15.7500000       3.15096549E-04
   16.2500000       2.46179639E-04
   16.7500000      -1.48359119E-04
   17.2500000      -3.80137004E-04
   17.7500000      -2.50818994E-04
   18.2500000      -3.49766233E-05
   18.7500000       1.14070193E-04
   19.2500000       2.71879748E-04
   19.7500000       3.40500177E-04
   20.2500000       9.81046906E-05
   20.7500000      -3.44932225E-04
   21.2500000      -5.53538383E-04
   21.7500000      -3.06105998E-04
   22.2500000       1.38376388E-04
   22.7500000       3.90328612E-04
   23.2500000       3.53931566E-04
   23.7500000       1.92773543E-04
   24.2500000       1.71463707E-05
   24.7500000      -2.08456535E-04
   25.2500000      -4.65611374E-04
   25.7500000      -5.56963671E-04
   26.2500000      -2.88375973E-04
   26.7500000       2.57561071E-04
   27.2500000       7.12212699E-04
   27.7500000       7.24363606E-04
   28.2500000       2.73498619E-04
   28.7500000      -3.22144188E-04
   29.2500000      -6.86777756E-04
   29.7500000      -6.69656787E-04
   30.2500000      -3.86842556E-04
   30.7500000      -4.89833328E-05
   31.2500000       2.25194352E-04
   31.7500000       4.36763978E-04
   32.2500000       5.96925034E-04
   32.7500000       6.30071387E-04
   33.2500000       4.11336630E-04
   33.7500000      -9.28221853E-05
   34.2500000      -7.20073003E-04
   34.7500000      -1.15708716E-03
   35.2500000      -1.12359959E-03
   35.7500000      -5.59508975E-04
   36.2500000       3.11188312E-04
   36.7500000       1.08966022E-03
   37.2500000       1.41826749E-03
   37.7500000       1.16860995E-03
   38.2500000       4.89037659E-04
   38.7500000      -3.04700981E-04
   39.2500000      -9.07755748E-04
   39.7500000      -1.16215856E-03
   40.2500000      -1.08552142E-03
   40.7500000      -8.01248942E-04
   41.2500000      -4.35261114E-04
   41.7500000      -4.76999667E-05
   42.2500000       3.64998705E-04
   42.7500000       8.09854886E-04
   43.2500000       1.23308646E-03
   43.7500000       1.49948697E-03
   44.2500000       1.43901492E-03
   44.7500000       9.38287296E-04
   45.2500000       2.59920416E-05
   45.7500000      -1.09932921E-03
   46.2500000      -2.11762870E-03
   46.7500000      -2.69548688E-03
   47.2500000      -2.60315672E-03
   47.7500000      -1.79987133E-03
   48.2500000      -4.57452668E-04
   48.7500000       1.08461606E-03
   49.2500000       2.42056535E-03
   49.7500000       3.20258271E-03
   50.2500000       3.24671599E-03
   50.7500000       2.58068577E-03
   51.2500000       1.41490658E-03
   51.7500000       5.94689154E-05
   52.2500000      -1.17994694E-03
   52.7500000      -2.08426476E-03
   53.2500000      -2.56078574E-03
   53.7500000      -2.63756141E-03
   54.2500000      -2.42423965E-03
   54.7500000      -2.05640099E-03
   55.2500000      -1.64243637E-03
   55.7500000      -1.22985092E-03
   56.2500000      -7.97722896E-04
   56.7500000      -2.77573738E-04
   57.2500000       4.08950087E-04
   57.7500000       1.30635896E-03
   58.2500000       2.39039748E-03
   58.7500000       3.55388178E-03
   59.2500000       4.61360952E-03
   59.7500000       5.34520671E-03
   60.2500000       5.53239184E-03
   60.7500000       5.02062961E-03
   61.2500000       3.76013177E-03
   61.7500000       1.82248163E-03
   62.2500000      -6.11429918E-04
   62.7500000      -3.28617636E-03
   63.2500000      -5.91800408E-03
   63.7500000      -8.23844504E-03
   64.2500000      -1.00255618E-02
   64.7500000      -1.11220451E-02
   65.2500000      -1.14405248E-02
   65.7500000      -1.09611852E-02
   66.2500000      -9.72551852E-03
   66.7500000      -7.82853458E-03
   67.2500000      -5.41013619E-03
   67.7500000      -2.64591165E-03
   68.2500000       2.66389106E-04
   68.7500000       3.12142540E-03
   69.2500000       5.72698656E-03
   69.7500000       7.92349968E-03
   70.2500000       9.60367266E-03
   70.7500000       1.07252328E-02
   71.2500000       1.13156019E-02
   71.7500000       1.14678945E-02
   72.2500000       1.13270944E-02
   72.7500000       1.10750888E-02
   73.2500000       1.09131094E-02
   73.7500000       1.10489558E-02
   74.2500000       1.16882967E-02
   74.7500000       1.30317686E-02
   75.2500000       1.52723556E-02
   75.7500000       1.85945183E-02
   76.2500000       2.31672414E-02
   76.7500000       2.91281398E-02
   77.2500000       3.65508161E-02
   77.7500000       4.53965999E-02
   78.2500000       5.54465279E-02
   78.7500000       6.62299544E-02
   79.2500000       7.69798160E-02
   79.7500000       8.66580531E-02
   80.2500000       9.40963179E-02
   80.7500000       9.82528478E-02
   81.2500000       9.85082686E-02
   81.7500000       9.48666930E-02
   82.2500000       8.79556984E-02
   82.7500000       7.88241923E-02
   83.2500000       6.86502531E-02
   83.7500000       5.84916957E-02
   84.2500000       4.91544493E-02
   84.7500000       4.11794968E-02
   85.2500000       3.49052288E-02
   85.7500000       3.05633862E-02
   86.2500000       2.83805076E-02
   86.7500000       2.86765117E-02
   87.2500000       3.19583379E-02
   87.7500000       3.90133001E-02
   88.2500000       5.09874113E-02
   88.7500000       6.94042444E-02
   89.2500000       9.59987789E-02
   89.7500000      0.132095784    
   90.2500000      0.177123651    
   90.7500000      0.226183295    
   91.2500000      0.268279821    
   91.7500000      0.289127380    
   92.2500000      0.279916435    
   92.7500000      0.244449645    
   93.2500000      0.195916131    
   93.7500000      0.147416547    
   94.2500000      0.106329843    
   94.7500000       7.46658742E-02
   95.2500000       5.15717529E-02
   95.7500000       3.52677219E-02
   96.2500000       2.39836071E-02
   96.7500000       1.62740983E-02
   97.2500000       1.10584116E-02
   97.7500000       7.56595470E-03
   98.2500000       5.26423566E-03
   98.7500000       3.79556208E-03
   99.2500000       2.92908074E-03
   99.7500000       2.52769864E-03
   100.250000       2.52769864E-03
