   0.00000000       0.00000000    
  0.500000000      -1.19004209E-04
   1.00000000      -2.23118113E-05
   1.50000000       1.10043577E-04
   2.00000000       4.31530389E-05
   2.50000000      -8.66496339E-05
   3.00000000      -5.83244364E-05
   3.50000000       3.82909056E-05
   4.00000000       5.44097311E-05
   4.50000000       3.28240640E-05
   5.00000000      -2.74340800E-05
   5.50000000      -1.09072236E-04
   6.00000000      -1.77257407E-05
   6.50000000       1.26040803E-04
   7.00000000       5.91554272E-05
   7.50000000      -3.28463539E-05
   8.00000000      -1.16157506E-04
   8.50000000      -7.85762531E-05
   9.00000000       7.76335073E-05
   9.50000000       1.23101592E-04
   10.0000000       6.59269572E-05
   10.5000000      -7.98232359E-05
   11.0000000      -1.67151389E-04
   11.5000000      -4.98383743E-05
   12.0000000       6.05066816E-05
   12.5000000       1.66882630E-04
   13.0000000       1.24574581E-04
   13.5000000      -9.11342067E-05
   14.0000000      -1.84344128E-04
   14.5000000      -1.18207259E-04
   15.0000000      -1.23227946E-05
   15.5000000       1.46050312E-04
   16.0000000       2.39268193E-04
   16.5000000       8.72345772E-05
   17.0000000      -1.69747451E-04
   17.5000000      -2.48222030E-04
   18.0000000      -1.33724738E-04
   18.5000000       1.50072156E-05
   19.0000000       1.47991581E-04
   19.5000000       2.53878650E-04
   20.0000000       2.11891107E-04
   20.5000000      -4.32395464E-05
   21.0000000      -3.24557128E-04
   21.5000000      -3.59992322E-04
   22.0000000      -1.15509712E-04
   22.5000000       1.79910858E-04
   23.0000000       3.10569187E-04
   23.5000000       2.62466085E-04
   24.0000000       1.30722343E-04
   24.5000000      -4.08590276E-05
   25.0000000      -2.47741584E-04
   25.5000000      -4.09216649E-04
   26.0000000      -3.70202761E-04
   26.5000000      -6.56506891E-05
   27.0000000       3.50996765E-04
   27.5000000       5.93215111E-04
   28.0000000       4.76724235E-04
   28.5000000       7.58131500E-05
   29.0000000      -3.46741523E-04
   29.5000000      -5.52878657E-04
   30.0000000      -4.84249264E-04
   30.5000000      -2.45099189E-04
   31.0000000       2.74725899E-05
   31.5000000       2.62450456E-04
   32.0000000       4.45605750E-04
   32.5000000       5.46820869E-04
   33.0000000       4.88475780E-04
   33.5000000       2.03448028E-04
   34.0000000      -2.67880998E-04
   34.5000000      -7.42343138E-04
   35.0000000      -9.70852852E-04
   35.5000000      -7.86584977E-04
   36.0000000      -2.22063798E-04
   36.5000000       4.88476944E-04
   37.0000000       1.02630595E-03
   37.5000000       1.15543162E-03
   38.0000000       8.38249573E-04
   38.5000000       2.35313986E-04
   39.0000000      -3.97542986E-04
   39.5000000      -8.41524510E-04
   40.0000000      -1.00016803E-03
   40.5000000      -9.01808788E-04
   41.0000000      -6.39610691E-04
   41.5000000      -2.99031206E-04
   42.0000000       7.91207567E-05
   42.5000000       4.84653108E-04
   43.0000000       8.91679141E-04
   43.5000000       1.22159789E-03
   44.0000000       1.34705799E-03
   44.5000000       1.14292465E-03
   45.0000000       5.59578417E-04
   45.5000000      -3.23307380E-04
   46.0000000      -1.29487668E-03
   46.5000000      -2.07122741E-03
   47.0000000      -2.38929177E-03
   47.5000000      -2.10094475E-03
   48.0000000      -1.22993474E-03
   48.5000000       2.58339569E-05
   49.0000000       1.34927616E-03
   49.5000000       2.39917869E-03
   50.0000000       2.91240914E-03
   50.5000000       2.77947681E-03
   51.0000000       2.06584041E-03
   51.5000000       9.76143405E-04
   52.0000000      -2.21303082E-04
   52.5000000      -1.27681275E-03
   53.0000000      -2.02225451E-03
   53.5000000      -2.39625154E-03
   54.0000000      -2.43445416E-03
   54.5000000      -2.23181047E-03
   55.0000000      -1.89594994E-03
   55.5000000      -1.50522008E-03
   56.0000000      -1.08557625E-03
   56.5000000      -6.11045398E-04
   57.0000000      -2.53015023E-05
   57.5000000       7.24128680E-04
   58.0000000       1.65004574E-03
   58.5000000       2.70077633E-03
   59.0000000       3.75408819E-03
   59.5000000       4.63100057E-03
   60.0000000       5.13110682E-03
   60.5000000       5.07695274E-03
   61.0000000       4.35805507E-03
   61.5000000       2.96167517E-03
   62.0000000       9.81046003E-04
   62.5000000      -1.39940716E-03
   63.0000000      -3.93688260E-03
   63.5000000      -6.36980496E-03
   64.0000000      -8.45475867E-03
   64.5000000      -9.99350660E-03
   65.0000000      -1.08488714E-02
   65.5000000      -1.09501686E-02
   66.0000000      -1.02915121E-02
   66.5000000      -8.92595854E-03
   67.0000000      -6.95772097E-03
   67.5000000      -4.53249738E-03
   68.0000000      -1.82639295E-03
   68.5000000       9.68603883E-04
   69.0000000       3.66075593E-03
   69.5000000       6.07732404E-03
   70.0000000       8.08260310E-03
   70.5000000       9.59346071E-03
   71.0000000       1.05888154E-02
   71.5000000       1.11109903E-02
   72.0000000       1.12601118E-02
   72.5000000       1.11825550E-02
   73.0000000       1.10560702E-02
   73.5000000       1.10759316E-02
   74.0000000       1.14434054E-02
   74.5000000       1.23581709E-02
   75.0000000       1.40138213E-02
   75.5000000       1.65940914E-02
   76.0000000       2.02670898E-02
   76.5000000       2.51737423E-02
   77.0000000       3.14052440E-02
   77.5000000       3.89683470E-02
   78.0000000       4.77377400E-02
   78.5000000       5.74020594E-02
   79.0000000       6.74214214E-02
   79.5000000       7.70240128E-02
   80.0000000       8.52717087E-02
   80.5000000       9.12080705E-02
   81.0000000       9.40682739E-02
   81.5000000       9.34797078E-02
   82.0000000       8.95702019E-02
   82.5000000       8.29322711E-02
   83.0000000       7.44615719E-02
   83.5000000       6.51458651E-02
   84.0000000       5.58860116E-02
   84.5000000       4.73985597E-02
   85.0000000       4.02007550E-02
   85.5000000       3.46572734E-02
   86.0000000       3.10580004E-02
   86.5000000       2.97065880E-02
   87.0000000       3.10085099E-02
   87.5000000       3.55510414E-02
   88.0000000       4.41608056E-02
   88.5000000       5.79056591E-02
   89.0000000       7.79677629E-02
   89.5000000      0.105262160    
   90.0000000      0.139653549    
   90.5000000      0.178766936    
   91.0000000      0.216911793    
   91.5000000      0.245446607    
   92.0000000      0.255874783    
   92.5000000      0.244579539    
   93.0000000      0.215210751    
   93.5000000      0.176255196    
   94.0000000      0.136295378    
   94.5000000      0.100933857    
   95.0000000       7.24469125E-02
   95.5000000       5.08663580E-02
   96.0000000       3.51656303E-02
   96.5000000       2.40388997E-02
   97.0000000       1.62803903E-02
   97.5000000       1.09139271E-02
   98.0000000       7.20036775E-03
   98.5000000       4.59838193E-03
   99.0000000       2.71471404E-03
   99.5000000       1.25805894E-03
   100.000000       0.00000000    
