 -0.250000000       1.03743550E-05
  0.250000000       1.03743550E-05
  0.750000000      -3.27638736E-05
   1.25000000       4.27830491E-05
   1.75000000      -4.54814035E-05
   2.25000000       3.12404118E-05
   2.75000000      -1.25227207E-05
   3.25000000      -1.06037151E-05
   3.75000000       1.73690769E-05
   4.25000000      -7.57571433E-06
   4.75000000      -2.56585354E-05
   5.25000000       5.51304547E-05
   5.75000000      -6.04722336E-05
   6.25000000       1.64012199E-05
   6.75000000       4.41499251E-05
   7.25000000      -6.05776004E-05
   7.75000000      -7.47411241E-06
   8.25000000       1.68265600E-04
   8.75000000       1.07167325E-04
   9.25000000       5.36452804E-04
   9.75000000       2.20556115E-03
   10.2500000       5.46042901E-03
   10.7500000       9.80832055E-03
   11.2500000       1.50871957E-02
   11.7500000       2.08867304E-02
   12.2500000       2.72696856E-02
   12.7500000       3.39791067E-02
   13.2500000       4.10611331E-02
   13.7500000       4.83982414E-02
   14.2500000       5.59159033E-02
   14.7500000       6.36790171E-02
   15.2500000       7.14614317E-02
   15.7500000       7.94725344E-02
   16.2500000       8.74140337E-02
   16.7500000       9.54957232E-02
   17.2500000      0.103518024    
   17.7500000      0.111505464    
   18.2500000      0.119507425    
   18.7500000      0.127272025    
   19.2500000      0.135087788    
   19.7500000      0.142538309    
   20.2500000      0.149932340    
   20.7500000      0.156958222    
   21.2500000      0.163660556    
   21.7500000      0.170041919    
   22.2500000      0.175756916    
   22.7500000      0.181106761    
   23.2500000      0.185365364    
   23.7500000      0.189159214    
   24.2500000      0.191024542    
   24.7500000      0.192070961    
   25.2500000      0.190751389    
   25.7500000      0.183693513    
   26.2500000      0.178869992    
   26.7500000      0.151396289    
   27.2500000       8.86610225E-02
   27.7500000       3.69183756E-02
   28.2500000       1.27996067E-02
   28.7500000       3.59423272E-03
   29.2500000       5.71485958E-04
   29.7500000      -6.11405630E-05
   30.2500000      -5.62886526E-05
   30.7500000      -8.20939113E-06
   31.2500000       2.19232720E-06
   31.7500000       7.75718036E-07
   32.2500000      -5.52696413E-08
   32.7500000      -4.56711007E-08
   33.2500000       1.36959999E-09
   33.7500000       2.28931940E-09
   34.2500000      -8.94651228E-11
   34.7500000      -1.02761494E-10
   35.2500000       8.50594074E-12
   35.7500000       3.91113097E-12
   36.2500000      -6.30659804E-13
   36.7500000      -1.05788560E-13
   37.2500000       3.45203128E-14
   37.7500000       5.17208058E-16
   38.2500000      -1.34230211E-15
   38.7500000       1.40140542E-16
   39.2500000       3.01048579E-17
   39.7500000      -8.85709266E-18
   40.2500000       1.99668682E-19
   40.7500000       2.67320398E-19
   41.2500000      -4.64821382E-20
   41.7500000      -1.44607206E-21
   42.2500000       1.70294698E-21
   42.7500000      -2.32751555E-22
   43.2500000      -1.33707632E-23
   43.7500000       9.32407479E-24
   44.2500000      -1.22802352E-24
   44.7500000      -5.57979314E-26
   45.2500000       4.57141813E-26
   45.7500000      -6.80627956E-27
   46.2500000      -2.26423880E-29
   46.7500000       1.94473003E-28
   47.2500000      -3.66623545E-29
   47.7500000       1.80451342E-30
   48.2500000       6.36216287E-31
   48.7500000      -1.74498104E-31
   49.2500000       1.81448279E-32
   49.7500000       9.00027260E-34
   50.2500000      -6.54675921E-34
   50.7500000       1.11683339E-34
   51.2500000      -6.50425762E-36
   51.7500000      -1.46016663E-36
   52.2500000       4.70502439E-37
   52.7500000      -6.35420919E-38
   53.2500000       1.97601440E-39
   53.7500000       1.12848247E-39
   54.2500000      -2.91755945E-40
   54.7500000       3.62277692E-41
   55.2500000      -9.40271270E-43
   55.7500000      -6.55807681E-43
   56.2500000       1.66754517E-43
   56.7500000      -2.10194770E-44
   57.2500000       1.40129846E-45
   57.7500000       0.00000000    
   58.2500000       0.00000000    
   58.7500000       0.00000000    
   59.2500000       0.00000000    
   59.7500000       0.00000000    
   60.2500000       0.00000000    
   60.7500000       0.00000000    
   61.2500000       0.00000000    
   61.7500000       0.00000000    
   62.2500000       0.00000000    
   62.7500000       0.00000000    
   63.2500000       0.00000000    
   63.7500000       0.00000000    
   64.2500000       0.00000000    
   64.7500000       0.00000000    
   65.2500000       0.00000000    
   65.7500000       0.00000000    
   66.2500000       0.00000000    
   66.7500000       0.00000000    
   67.2500000       0.00000000    
   67.7500000       0.00000000    
   68.2500000       0.00000000    
   68.7500000       0.00000000    
   69.2500000       0.00000000    
   69.7500000       0.00000000    
   70.2500000       0.00000000    
   70.7500000       0.00000000    
   71.2500000       0.00000000    
   71.7500000       0.00000000    
   72.2500000       0.00000000    
   72.7500000       0.00000000    
   73.2500000       0.00000000    
   73.7500000       0.00000000    
   74.2500000       0.00000000    
   74.7500000       0.00000000    
   75.2500000       0.00000000    
   75.7500000       0.00000000    
   76.2500000       0.00000000    
   76.7500000       0.00000000    
   77.2500000       0.00000000    
   77.7500000       0.00000000    
   78.2500000       0.00000000    
   78.7500000       0.00000000    
   79.2500000       0.00000000    
   79.7500000       0.00000000    
   80.2500000       0.00000000    
   80.7500000       0.00000000    
   81.2500000       0.00000000    
   81.7500000       0.00000000    
   82.2500000       0.00000000    
   82.7500000       0.00000000    
   83.2500000       0.00000000    
   83.7500000       0.00000000    
   84.2500000       0.00000000    
   84.7500000       0.00000000    
   85.2500000       0.00000000    
   85.7500000       0.00000000    
   86.2500000       0.00000000    
   86.7500000       0.00000000    
   87.2500000       0.00000000    
   87.7500000       0.00000000    
   88.2500000       0.00000000    
   88.7500000       0.00000000    
   89.2500000       0.00000000    
   89.7500000       0.00000000    
   90.2500000       0.00000000    
   90.7500000       0.00000000    
   91.2500000       0.00000000    
   91.7500000       0.00000000    
   92.2500000       0.00000000    
   92.7500000       0.00000000    
   93.2500000       0.00000000    
   93.7500000       0.00000000    
   94.2500000       0.00000000    
   94.7500000       0.00000000    
   95.2500000       0.00000000    
   95.7500000       0.00000000    
   96.2500000       0.00000000    
   96.7500000       0.00000000    
   97.2500000       0.00000000    
   97.7500000       0.00000000    
   98.2500000       0.00000000    
   98.7500000       0.00000000    
   99.2500000       0.00000000    
   99.7500000       0.00000000    
   100.250000       0.00000000    
