   0.00000000       0.00000000    
  0.500000000       2.18148471E-05
   1.00000000      -4.10456487E-05
   1.50000000       5.53062891E-05
   2.00000000      -5.88675903E-05
   2.50000000       4.91768187E-05
   3.00000000      -2.39178844E-05
   3.50000000      -9.56261920E-06
   4.00000000       4.01666766E-05
   4.50000000      -4.82947580E-05
   5.00000000       2.64168666E-05
   5.50000000       1.88684135E-05
   6.00000000      -5.01371542E-05
   6.50000000       3.16736587E-05
   7.00000000       4.34888934E-05
   7.50000000      -9.89561158E-05
   8.00000000       6.83037943E-05
   8.50000000       1.56088310E-04
   9.00000000       1.24921266E-04
   9.50000000       7.56447786E-04
   10.0000000       2.84245703E-03
   10.5000000       6.39982335E-03
   11.0000000       1.09816855E-02
   11.5000000       1.63769145E-02
   12.0000000       2.22348273E-02
   12.5000000       2.86456011E-02
   13.0000000       3.52866128E-02
   13.5000000       4.23244089E-02
   14.0000000       4.94850762E-02
   14.5000000       5.68767302E-02
   15.0000000       6.43849447E-02
   15.5000000       7.19380230E-02
   16.0000000       7.96483755E-02
   16.5000000       8.72407630E-02
   17.0000000       9.49925333E-02
   17.5000000      0.102557145    
   18.0000000      0.110172607    
   18.5000000      0.117652521    
   19.0000000      0.124968342    
   19.5000000      0.132255614    
   20.0000000      0.139156103    
   20.5000000      0.146049902    
   21.0000000      0.152445048    
   21.5000000      0.158670560    
   22.0000000      0.164404035    
   22.5000000      0.169646889    
   23.0000000      0.174401850    
   23.5000000      0.178186014    
   24.0000000      0.181563944    
   24.5000000      0.182782501    
   25.0000000      0.184042528    
   25.5000000      0.181508705    
   26.0000000      0.174958274    
   26.5000000      0.171052232    
   27.0000000      0.136535943    
   27.5000000       7.25148991E-02
   28.0000000       2.80020982E-02
   28.5000000       9.21283290E-03
   29.0000000       2.30692350E-03
   29.5000000       2.29616708E-04
   30.0000000      -9.36236611E-05
   30.5000000      -4.03423765E-05
   31.0000000      -1.93404276E-06
   31.5000000       2.28328531E-06
   32.0000000       3.82987992E-07
   32.5000000      -1.00613434E-07
   33.0000000      -2.61813273E-08
   33.5000000       4.59825333E-09
   34.0000000       1.32622557E-09
   34.5000000      -2.42772691E-10
   35.0000000      -5.31954689E-11
   35.5000000       1.34365626E-11
   36.0000000       1.45495953E-12
   36.5000000      -6.70677598E-13
   37.0000000      -1.45501626E-15
   37.5000000       2.66109935E-14
   38.0000000      -2.73925606E-15
   38.5000000      -6.87145208E-16
   39.0000000       1.83458800E-16
   39.5000000       1.10864867E-18
   40.0000000      -6.57842638E-18
   40.5000000       8.86418739E-19
   41.0000000       9.20527040E-20
   41.5000000      -4.32286882E-20
   42.0000000       3.75688026E-21
   42.5000000       7.77187531E-22
   43.0000000      -2.46071288E-22
   43.5000000       1.74695488E-23
   44.0000000       4.48630206E-24
   44.5000000      -1.31345518E-24
   45.0000000       1.02344848E-25
   45.5000000       1.97414629E-26
   46.0000000      -6.60550753E-27
   46.5000000       6.77899703E-28
   47.0000000       5.69004928E-29
   47.5000000      -2.98326639E-29
   48.0000000       4.25550208E-30
   48.5000000      -2.78135599E-32
   49.0000000      -1.09048072E-31
   49.5000000       2.27022607E-32
   50.0000000      -1.73687170E-33
   50.5000000      -2.37213979E-34
   51.0000000       9.40260540E-35
   51.5000000      -1.35087432E-35
   52.0000000       4.44812849E-37
   52.5000000       2.46596020E-37
   53.0000000      -6.36152733E-38
   53.5000000       7.51107888E-39
   54.0000000      -5.32913806E-41
   54.5000000      -1.71863651E-40
   55.0000000       3.87487051E-41
   55.5000000      -4.35103173E-42
   56.0000000       3.22298647E-44
   56.5000000       9.80908925E-44
   57.0000000      -2.24207754E-44
   57.5000000       2.80259693E-45
   58.0000000       0.00000000    
   58.5000000       0.00000000    
   59.0000000       0.00000000    
   59.5000000       0.00000000    
   60.0000000       0.00000000    
   60.5000000       0.00000000    
   61.0000000       0.00000000    
   61.5000000       0.00000000    
   62.0000000       0.00000000    
   62.5000000       0.00000000    
   63.0000000       0.00000000    
   63.5000000       0.00000000    
   64.0000000       0.00000000    
   64.5000000       0.00000000    
   65.0000000       0.00000000    
   65.5000000       0.00000000    
   66.0000000       0.00000000    
   66.5000000       0.00000000    
   67.0000000       0.00000000    
   67.5000000       0.00000000    
   68.0000000       0.00000000    
   68.5000000       0.00000000    
   69.0000000       0.00000000    
   69.5000000       0.00000000    
   70.0000000       0.00000000    
   70.5000000       0.00000000    
   71.0000000       0.00000000    
   71.5000000       0.00000000    
   72.0000000       0.00000000    
   72.5000000       0.00000000    
   73.0000000       0.00000000    
   73.5000000       0.00000000    
   74.0000000       0.00000000    
   74.5000000       0.00000000    
   75.0000000       0.00000000    
   75.5000000       0.00000000    
   76.0000000       0.00000000    
   76.5000000       0.00000000    
   77.0000000       0.00000000    
   77.5000000       0.00000000    
   78.0000000       0.00000000    
   78.5000000       0.00000000    
   79.0000000       0.00000000    
   79.5000000       0.00000000    
   80.0000000       0.00000000    
   80.5000000       0.00000000    
   81.0000000       0.00000000    
   81.5000000       0.00000000    
   82.0000000       0.00000000    
   82.5000000       0.00000000    
   83.0000000       0.00000000    
   83.5000000       0.00000000    
   84.0000000       0.00000000    
   84.5000000       0.00000000    
   85.0000000       0.00000000    
   85.5000000       0.00000000    
   86.0000000       0.00000000    
   86.5000000       0.00000000    
   87.0000000       0.00000000    
   87.5000000       0.00000000    
   88.0000000       0.00000000    
   88.5000000       0.00000000    
   89.0000000       0.00000000    
   89.5000000       0.00000000    
   90.0000000       0.00000000    
   90.5000000       0.00000000    
   91.0000000       0.00000000    
   91.5000000       0.00000000    
   92.0000000       0.00000000    
   92.5000000       0.00000000    
   93.0000000       0.00000000    
   93.5000000       0.00000000    
   94.0000000       0.00000000    
   94.5000000       0.00000000    
   95.0000000       0.00000000    
   95.5000000       0.00000000    
   96.0000000       0.00000000    
   96.5000000       0.00000000    
   97.0000000       0.00000000    
   97.5000000       0.00000000    
   98.0000000       0.00000000    
   98.5000000       0.00000000    
   99.0000000       0.00000000    
   99.5000000       0.00000000    
   100.000000       0.00000000    
