   0.00000000       0.00000000    
  0.500000000       4.90128150E-06
   1.00000000      -1.31671986E-05
   1.50000000       2.54008046E-05
   2.00000000      -3.58482284E-05
   2.50000000       3.64090411E-05
   3.00000000      -1.65205693E-05
   3.50000000      -2.19757567E-05
   4.00000000       6.57892888E-05
   4.50000000      -8.28912234E-05
   5.00000000       5.15613137E-05
   5.50000000       1.94001732E-05
   6.00000000      -5.70396769E-05
   6.50000000       1.44641599E-05
   7.00000000       1.94265973E-04
   7.50000000       1.04916428E-04
   8.00000000       7.86932243E-04
   8.50000000       2.85193091E-03
   9.00000000       6.53508212E-03
   9.50000000       1.12284319E-02
   10.0000000       1.68039296E-02
   10.5000000       2.28791833E-02
   11.0000000       2.94970721E-02
   11.5000000       3.64375301E-02
   12.0000000       4.36951183E-02
   12.5000000       5.11973500E-02
   13.0000000       5.88247105E-02
   13.5000000       6.66711256E-02
   14.0000000       7.44859427E-02
   14.5000000       8.24924558E-02
   15.0000000       9.03700739E-02
   15.5000000       9.83590186E-02
   16.0000000      0.106204152    
   16.5000000      0.114003472    
   17.0000000      0.121711783    
   17.5000000      0.129167601    
   18.0000000      0.136585802    
   18.5000000      0.143568128    
   19.0000000      0.150466353    
   19.5000000      0.156838983    
   20.0000000      0.162913263    
   20.5000000      0.168453038    
   21.0000000      0.173330769    
   21.5000000      0.177602351    
   22.0000000      0.180774793    
   22.5000000      0.183005288    
   23.0000000      0.183406472    
   23.5000000      0.182405517    
   24.0000000      0.177171677    
   24.5000000      0.169425532    
   25.0000000      0.152871773    
   25.5000000      0.109167367    
   26.0000000       5.75634167E-02
   26.5000000       2.46101767E-02
   27.0000000       8.82921088E-03
   27.5000000       2.27517448E-03
   28.0000000       2.30295467E-04
   28.5000000      -8.88244977E-05
   29.0000000      -3.72869436E-05
   29.5000000      -1.28614761E-06
   30.0000000       2.11284987E-06
   30.5000000       2.87911888E-07
   31.0000000      -9.76437633E-08
   31.5000000      -1.87064426E-08
   32.0000000       4.67639971E-09
   32.5000000       8.47635573E-10
   33.0000000      -2.40095888E-10
   33.5000000      -2.63999204E-11
   34.0000000       1.18679580E-11
   34.5000000       2.07564651E-13
   35.0000000      -4.92935011E-13
   35.5000000       3.97000819E-14
   36.0000000       1.44048066E-14
   36.5000000      -3.12337301E-15
   37.0000000      -1.32418461E-16
   37.5000000       1.26936305E-16
   38.0000000      -1.28889802E-17
   38.5000000      -2.41723951E-18
   39.0000000       7.85478819E-19
   39.5000000      -4.32396678E-20
   40.0000000      -1.80404117E-20
   40.5000000       4.30749861E-21
   41.0000000      -1.71216529E-22
   41.5000000      -1.00580043E-22
   42.0000000       2.27848809E-23
   42.5000000      -1.14007973E-24
   43.0000000      -4.50052936E-25
   43.5000000       1.16069333E-25
   44.0000000      -9.22831520E-27
   44.5000000      -1.45881740E-27
   45.0000000       5.36027855E-28
   45.5000000      -6.56383527E-29
   46.0000000      -1.34110251E-30
   46.5000000       2.01000619E-30
   47.0000000      -3.72340704E-31
   47.5000000       2.40098659E-32
   48.0000000       4.61596171E-33
   48.5000000      -1.57291007E-33
   49.0000000       2.13765370E-34
   49.5000000      -5.89212382E-36
   50.0000000      -4.04226635E-36
   50.5000000       1.01172601E-36
   51.0000000      -1.19880344E-37
   51.5000000       1.57975523E-39
   52.0000000       2.52955673E-39
   52.5000000      -5.93054733E-40
   53.0000000       7.11635412E-41
   53.5000000      -1.88054254E-42
   54.0000000      -1.23734654E-42
   54.5000000       3.19496050E-43
   55.0000000      -4.48415509E-44
   55.5000000       2.80259693E-45
   56.0000000       0.00000000    
   56.5000000       0.00000000    
   57.0000000       0.00000000    
   57.5000000       0.00000000    
   58.0000000       0.00000000    
   58.5000000       0.00000000    
   59.0000000       0.00000000    
   59.5000000       0.00000000    
   60.0000000       0.00000000    
   60.5000000       0.00000000    
   61.0000000       0.00000000    
   61.5000000       0.00000000    
   62.0000000       0.00000000    
   62.5000000       0.00000000    
   63.0000000       0.00000000    
   63.5000000       0.00000000    
   64.0000000       0.00000000    
   64.5000000       0.00000000    
   65.0000000       0.00000000    
   65.5000000       0.00000000    
   66.0000000       0.00000000    
   66.5000000       0.00000000    
   67.0000000       0.00000000    
   67.5000000       0.00000000    
   68.0000000       0.00000000    
   68.5000000       0.00000000    
   69.0000000       0.00000000    
   69.5000000       0.00000000    
   70.0000000       0.00000000    
   70.5000000       0.00000000    
   71.0000000       0.00000000    
   71.5000000       0.00000000    
   72.0000000       0.00000000    
   72.5000000       0.00000000    
   73.0000000       0.00000000    
   73.5000000       0.00000000    
   74.0000000       0.00000000    
   74.5000000       0.00000000    
   75.0000000       0.00000000    
   75.5000000       0.00000000    
   76.0000000       0.00000000    
   76.5000000       0.00000000    
   77.0000000       0.00000000    
   77.5000000       0.00000000    
   78.0000000       0.00000000    
   78.5000000       0.00000000    
   79.0000000       0.00000000    
   79.5000000       0.00000000    
   80.0000000       0.00000000    
   80.5000000       0.00000000    
   81.0000000       0.00000000    
   81.5000000       0.00000000    
   82.0000000       0.00000000    
   82.5000000       0.00000000    
   83.0000000       0.00000000    
   83.5000000       0.00000000    
   84.0000000       0.00000000    
   84.5000000       0.00000000    
   85.0000000       0.00000000    
   85.5000000       0.00000000    
   86.0000000       0.00000000    
   86.5000000       0.00000000    
   87.0000000       0.00000000    
   87.5000000       0.00000000    
   88.0000000       0.00000000    
   88.5000000       0.00000000    
   89.0000000       0.00000000    
   89.5000000       0.00000000    
   90.0000000       0.00000000    
   90.5000000       0.00000000    
   91.0000000       0.00000000    
   91.5000000       0.00000000    
   92.0000000       0.00000000    
   92.5000000       0.00000000    
   93.0000000       0.00000000    
   93.5000000       0.00000000    
   94.0000000       0.00000000    
   94.5000000       0.00000000    
   95.0000000       0.00000000    
   95.5000000       0.00000000    
   96.0000000       0.00000000    
   96.5000000       0.00000000    
   97.0000000       0.00000000    
   97.5000000       0.00000000    
   98.0000000       0.00000000    
   98.5000000       0.00000000    
   99.0000000       0.00000000    
   99.5000000       0.00000000    
   100.000000       0.00000000    
