 -0.250000000      -1.61791668E-05
  0.250000000      -1.61791668E-05
  0.750000000      -1.74584002E-05
   1.25000000      -1.69672749E-05
   1.75000000      -1.58517687E-05
   2.25000000      -1.68023380E-05
   2.75000000      -1.76887552E-05
   3.25000000      -1.61590469E-05
   3.75000000      -1.59113679E-05
   4.25000000      -1.76930389E-05
   4.75000000      -1.69787800E-05
   5.25000000      -1.56134920E-05
   5.75000000      -1.67521393E-05
   6.25000000      -1.77763759E-05
   6.75000000      -1.62614506E-05
   7.25000000      -1.58201055E-05
   7.75000000      -1.76781541E-05
   8.25000000      -1.75802688E-05
   8.75000000      -1.51972336E-05
   9.25000000      -1.63464483E-05
   9.75000000      -1.82317108E-05
   10.2500000      -1.68007173E-05
   10.7500000      -1.55055131E-05
   11.2500000      -1.69932318E-05
   11.7500000      -1.75771092E-05
   12.2500000      -1.65541915E-05
   12.7500000      -1.60549698E-05
   13.2500000      -1.69026935E-05
   13.7500000      -1.74069992E-05
   14.2500000      -1.69116865E-05
   14.7500000      -1.60285817E-05
   15.2500000      -1.63297445E-05
   15.7500000      -1.78551163E-05
   16.2500000      -1.70425337E-05
   16.7500000      -1.53244600E-05
   17.2500000      -1.69144532E-05
   17.7500000      -1.81057749E-05
   18.2500000      -1.65868860E-05
   18.7500000      -1.58462281E-05
   19.2500000      -1.69221930E-05
   19.7500000      -1.74933302E-05
   20.2500000      -1.73417448E-05
   20.7500000      -1.58102830E-05
   21.2500000      -1.61431344E-05
   21.7500000      -1.81126488E-05
   22.2500000      -1.73705375E-05
   22.7500000      -1.51947215E-05
   23.2500000      -1.65587608E-05
   23.7500000      -1.77121910E-05
   24.2500000      -1.71345746E-05
   24.7500000      -1.64331141E-05
   25.2500000      -1.58043204E-05
   25.7500000      -1.75057012E-05
   26.2500000      -1.83241882E-05
   26.7500000      -1.59943083E-05
   27.2500000      -1.57533414E-05
   27.7500000      -1.73993703E-05
   28.2500000      -1.78239661E-05
   28.7500000      -1.71129268E-05
   29.2500000      -1.55804555E-05
   29.7500000      -1.66675218E-05
   30.2500000      -1.82433214E-05
   30.7500000      -1.70105432E-05
   31.2500000      -1.61163498E-05
   31.7500000      -1.59934243E-05
   32.2500000      -1.74415745E-05
   32.7500000      -1.80172246E-05
   33.2500000      -1.65939455E-05
   33.7500000      -1.56946862E-05
   34.2500000      -1.71458778E-05
   34.7500000      -1.81416453E-05
   35.2500000      -1.75459154E-05
   35.7500000      -1.55620110E-05
   36.2500000      -1.62158049E-05
   36.7500000      -1.77878301E-05
   37.2500000      -1.82936437E-05
   37.7500000      -1.63329041E-05
   38.2500000      -1.57424965E-05
   38.7500000      -1.72071504E-05
   39.2500000      -1.83845132E-05
   39.7500000      -1.72614182E-05
   40.2500000      -1.61999342E-05
   40.7500000      -1.60021973E-05
   41.2500000      -1.76567082E-05
   41.7500000      -1.84512683E-05
   42.2500000      -1.65403580E-05
   42.7500000      -1.58563871E-05
   43.2500000      -1.67132366E-05
   43.7500000      -1.81516225E-05
   44.2500000      -1.79599392E-05
   44.7500000      -1.63375898E-05
   45.2500000      -1.58137263E-05
   45.7500000      -1.72548116E-05
   46.2500000      -1.86363322E-05
   46.7500000      -1.76944432E-05
   47.2500000      -1.59244846E-05
   47.7500000      -1.60275304E-05
   48.2500000      -1.78431528E-05
   48.7500000      -1.87941405E-05
   49.2500000      -1.72347191E-05
   49.7500000      -1.54542904E-05
   50.2500000      -1.65951078E-05
   50.7500000      -1.81550531E-05
   51.2500000      -1.84703949E-05
   51.7500000      -1.71208303E-05
   52.2500000      -1.57993672E-05
   52.7500000      -1.63137993E-05
   53.2500000      -1.85547178E-05
   53.7500000      -1.86481611E-05
   54.2500000      -1.69176801E-05
   54.7500000      -1.54560748E-05
   55.2500000      -1.67186481E-05
   55.7500000      -1.87633887E-05
   56.2500000      -1.84522341E-05
   56.7500000      -1.70760632E-05
   57.2500000      -1.54823319E-05
   57.7500000      -1.69956184E-05
   58.2500000      -1.85470035E-05
   58.7500000      -1.88812628E-05
   59.2500000      -1.70427738E-05
   59.7500000      -1.54471581E-05
   60.2500000      -1.68484439E-05
   60.7500000      -1.91003637E-05
   61.2500000      -1.86955622E-05
   61.7500000      -1.72389609E-05
   62.2500000      -1.55522412E-05
   62.7500000      -1.68814477E-05
   63.2500000      -1.86501384E-05
   63.7500000      -1.88610557E-05
   64.2500000      -1.76159156E-05
   64.7500000      -1.55190282E-05
   65.2500000      -1.65173678E-05
   65.7500000      -1.85663666E-05
   66.2500000      -1.91023591E-05
   66.7500000      -1.80366969E-05
   67.2500000      -1.60512227E-05
   67.7500000      -1.57734812E-05
   68.2500000      -1.83150096E-05
   68.7500000      -1.93616197E-05
   69.2500000      -1.80815387E-05
   69.7500000      -1.65596412E-05
   70.2500000      -1.57461964E-05
   70.7500000      -1.79267699E-05
   71.2500000      -1.93939832E-05
   71.7500000      -1.88701906E-05
   72.2500000      -1.70379990E-05
   72.7500000      -1.59316023E-05
   73.2500000      -1.65409147E-05
   73.7500000      -1.91842228E-05
   74.2500000      -1.99616788E-05
   74.7500000      -1.73310345E-05
   75.2500000      -1.59738083E-05
   75.7500000      -1.64692174E-05
   76.2500000      -1.81955565E-05
   76.7500000      -2.00495651E-05
   77.2500000      -1.89538441E-05
   77.7500000      -1.63061031E-05
   78.2500000      -1.60495656E-05
   78.7500000      -1.78048340E-05
   79.2500000      -1.93592696E-05
   79.7500000      -1.97213812E-05
   80.2500000      -1.79201634E-05
   80.7500000      -1.55880916E-05
   81.2500000      -1.63970617E-05
   81.7500000      -1.92751031E-05
   82.2500000      -2.00518753E-05
   82.7500000      -1.87709284E-05
   83.2500000      -1.71724823E-05
   83.7500000      -1.57859358E-05
   84.2500000      -1.71936699E-05
   84.7500000      -2.01639650E-05
   85.2500000      -2.05767083E-05
   85.7500000      -1.75742716E-05
   86.2500000      -1.61747921E-05
   86.7500000      -1.69625691E-05
   87.2500000      -1.81993037E-05
   87.7500000      -1.99946062E-05
   88.2500000      -2.01912208E-05
   88.7500000      -1.71804531E-05
   89.2500000      -1.54199697E-05
   89.7500000      -1.72905311E-05
   90.2500000      -1.99174410E-05
   90.7500000      -2.00342292E-05
   91.2500000      -1.88258091E-05
   91.7500000      -1.75890273E-05
   92.2500000      -1.56928909E-05
   92.7500000      -1.70679541E-05
   93.2500000      -2.06108252E-05
   93.7500000      -2.10757880E-05
   94.2500000      -1.77519196E-05
   94.7500000      -1.62295091E-05
   95.2500000      -1.69871219E-05
   95.7500000      -1.81178912E-05
   96.2500000      -1.99081642E-05
   96.7500000      -2.09220125E-05
   97.2500000      -1.88844951E-05
   97.7500000      -1.57668292E-05
   98.2500000      -1.58815401E-05
   98.7500000      -1.95048924E-05
   99.2500000      -2.09218306E-05
   99.7500000      -1.97506160E-05
   100.250000      -1.80997831E-05
   100.750000      -1.68311653E-05
   101.250000      -1.66474802E-05
   101.750000      -1.81209489E-05
   102.250000      -2.14691954E-05
   102.750000      -2.13245239E-05
   103.250000      -1.78290247E-05
   103.750000      -1.54421614E-05
   104.250000      -1.72014206E-05
   104.750000      -1.97037516E-05
   105.250000      -2.04643293E-05
   105.750000      -2.02388164E-05
   106.250000      -1.93281830E-05
   106.750000      -1.68727420E-05
   107.250000      -1.58368657E-05
   107.750000      -1.88789145E-05
   108.250000      -2.22996368E-05
   108.750000      -2.12040304E-05
   109.250000      -1.77854545E-05
   109.750000      -1.61857206E-05
   110.250000      -1.75555542E-05
   110.750000      -1.90692426E-05
   111.250000      -2.01204075E-05
   111.750000      -2.14404463E-05
   112.250000      -2.03399104E-05
   112.750000      -1.71073170E-05
   113.250000      -1.52145785E-05
   113.750000      -1.81945034E-05
   114.250000      -2.22568124E-05
   114.750000      -2.19472404E-05
   115.250000      -1.90851260E-05
   115.750000      -1.72563086E-05
   116.250000      -1.73039170E-05
   116.750000      -1.82207168E-05
   117.250000      -1.95739085E-05
   117.750000      -2.17202360E-05
   118.250000      -2.17552879E-05
   118.750000      -1.88858303E-05
   119.250000      -1.54951340E-05
   119.750000      -1.64664434E-05
   120.250000      -2.04083117E-05
   120.750000      -2.25109106E-05
   121.250000      -2.12355826E-05
   121.750000      -1.85825902E-05
   122.250000      -1.73519620E-05
   122.750000      -1.77618294E-05
   123.250000      -1.84742566E-05
   123.750000      -2.01054136E-05
   124.250000      -2.26284810E-05
   124.750000      -2.19654830E-05
   125.250000      -1.80243605E-05
   125.750000      -1.54324298E-05
   126.250000      -1.70131334E-05
   126.750000      -2.11769020E-05
   127.250000      -2.32553739E-05
   127.750000      -2.12255873E-05
   128.250000      -1.85333265E-05
   128.750000      -1.75528912E-05
   129.250000      -1.76902959E-05
   129.750000      -1.85560675E-05
   130.250000      -2.04095577E-05
   130.750000      -2.29013822E-05
   131.250000      -2.24981104E-05
   131.750000      -1.87567639E-05
   132.250000      -1.53190213E-05
   132.750000      -1.68241877E-05
   133.250000      -2.07925423E-05
   133.750000      -2.35398220E-05
   134.250000      -2.22605267E-05
   134.750000      -1.92396310E-05
   135.250000      -1.76015037E-05
   135.750000      -1.79401104E-05
   136.250000      -1.88006325E-05
   136.750000      -1.98161706E-05
   137.250000      -2.19234971E-05
   137.750000      -2.31729282E-05
   138.250000      -2.10989365E-05
   138.750000      -1.68033512E-05
   139.250000      -1.56738806E-05
   139.750000      -1.86496945E-05
   140.250000      -2.29111993E-05
   140.750000      -2.42161277E-05
   141.250000      -2.13419007E-05
   141.750000      -1.80248917E-05
   142.250000      -1.73752633E-05
   142.750000      -1.83284974E-05
   143.250000      -1.97763184E-05
   143.750000      -2.12556770E-05
   144.250000      -2.28118242E-05
   144.750000      -2.30149108E-05
   145.250000      -2.04516546E-05
   145.750000      -1.66628161E-05
   146.250000      -1.54453010E-05
   146.750000      -1.90946193E-05
   147.250000      -2.41026428E-05
   147.750000      -2.50486955E-05
   148.250000      -2.17809757E-05
   148.750000      -1.74724737E-05
   149.250000      -1.64611047E-05
   149.750000      -1.84796463E-05
   150.250000      -2.10877624E-05
   150.750000      -2.21497485E-05
   151.250000      -2.24327032E-05
   151.750000      -2.24740616E-05
   152.250000      -2.07394642E-05
   152.750000      -1.79090111E-05
   153.250000      -1.65057609E-05
   153.750000      -1.79815852E-05
   154.250000      -2.29248017E-05
   154.750000      -2.60154047E-05
   155.250000      -2.39413348E-05
   155.750000      -1.86446323E-05
   156.250000      -1.53000601E-05
   156.750000      -1.70339554E-05
   157.250000      -2.07242101E-05
   157.750000      -2.37070853E-05
   158.250000      -2.37502773E-05
   158.750000      -2.19516678E-05
   159.250000      -2.04686621E-05
   159.750000      -1.89166858E-05
   160.250000      -1.79914514E-05
   160.750000      -1.77033653E-05
   161.250000      -2.05326523E-05
   161.750000      -2.42156639E-05
   162.250000      -2.58433811E-05
   162.750000      -2.30839214E-05
   163.250000      -1.77593720E-05
   163.750000      -1.47211376E-05
   164.250000      -1.70511557E-05
   164.750000      -2.22622621E-05
   165.250000      -2.59185163E-05
   165.750000      -2.47562439E-05
   166.250000      -2.14077318E-05
   166.750000      -1.82360345E-05
   167.250000      -1.77610218E-05
   167.750000      -1.88080940E-05
   168.250000      -2.00926315E-05
   168.750000      -2.19164031E-05
   169.250000      -2.35260886E-05
   169.750000      -2.45762039E-05
   170.250000      -2.31191425E-05
   170.750000      -1.88502199E-05
   171.250000      -1.55458765E-05
   171.750000      -1.60808941E-05
   172.250000      -2.11670649E-05
   172.750000      -2.62527756E-05
   173.250000      -2.70491710E-05
   173.750000      -2.29339330E-05
   174.250000      -1.74984852E-05
   174.750000      -1.54998634E-05
   175.250000      -1.78948285E-05
   175.750000      -2.15701275E-05
   176.250000      -2.42492242E-05
   176.750000      -2.38995872E-05
   177.250000      -2.29853194E-05
   177.750000      -2.18082332E-05
   178.250000      -2.01894818E-05
   178.750000      -1.81163323E-05
   179.250000      -1.69989435E-05
   179.750000      -1.87095302E-05
   180.250000      -2.32061957E-05
   180.750000      -2.68886852E-05
   181.250000      -2.64934133E-05
   181.750000      -2.18399546E-05
   182.250000      -1.61463468E-05
   182.750000      -1.42680274E-05
   183.250000      -1.74222896E-05
   183.750000      -2.36707401E-05
   184.250000      -2.70301280E-05
   184.750000      -2.60672659E-05
   185.250000      -2.22304916E-05
   185.750000      -1.81617506E-05
   186.250000      -1.75340065E-05
   186.750000      -1.86103007E-05
   187.250000      -2.00145696E-05
   187.750000      -2.16346416E-05
   188.250000      -2.32835773E-05
   188.750000      -2.51071360E-05
   189.250000      -2.51282090E-05
   189.750000      -2.20936745E-05
   190.250000      -1.76882877E-05
   190.750000      -1.47502542E-05
   191.250000      -1.65316887E-05
   191.750000      -2.19264493E-05
   192.250000      -2.75414841E-05
   192.750000      -2.84798662E-05
   193.250000      -2.41770376E-05
   193.750000      -1.79447925E-05
   194.250000      -1.45337735E-05
   194.750000      -1.58111634E-05
   195.250000      -2.04200805E-05
   195.750000      -2.47227181E-05
   196.250000      -2.58580494E-05
   196.750000      -2.42318147E-05
   197.250000      -2.21901755E-05
   197.750000      -2.02605042E-05
   198.250000      -1.88392332E-05
   198.750000      -1.78363134E-05
   199.250000      -1.79469316E-05
   199.750000      -1.96746096E-05
   200.250000      -2.33663523E-05
   200.750000      -2.69946486E-05
   201.250000      -2.73180685E-05
   201.750000      -2.31975828E-05
   202.250000      -1.70096573E-05
   202.750000      -1.33522917E-05
   203.250000      -1.44102032E-05
   203.750000      -2.07471858E-05
   204.250000      -2.70945584E-05
   204.750000      -2.91130200E-05
   205.250000      -2.57788706E-05
   205.750000      -1.98616635E-05
   206.250000      -1.58555285E-05
   206.750000      -1.52516468E-05
   207.250000      -1.82937201E-05
   207.750000      -2.13669682E-05
   208.250000      -2.37335425E-05
   208.750000      -2.42640144E-05
   209.250000      -2.41207490E-05
   209.750000      -2.34201980E-05
   210.250000      -2.16001299E-05
   210.750000      -1.86875532E-05
   211.250000      -1.55840571E-05
   211.750000      -1.55019625E-05
   212.250000      -1.85991867E-05
   212.750000      -2.42336901E-05
   213.250000      -2.84852722E-05
   213.750000      -2.84142570E-05
   214.250000      -2.33980209E-05
   214.750000      -1.61007247E-05
   215.250000      -1.21650337E-05
   215.750000      -1.33149833E-05
   216.250000      -1.94729200E-05
   216.750000      -2.58700893E-05
   217.250000      -2.87307957E-05
   217.750000      -2.66179613E-05
   218.250000      -2.17908237E-05
   218.750000      -1.70600069E-05
   219.250000      -1.54798472E-05
   219.750000      -1.65985166E-05
   220.250000      -1.87853093E-05
   220.750000      -2.07580924E-05
   221.250000      -2.25135627E-05
   221.750000      -2.41094003E-05
   222.250000      -2.49628738E-05
   222.750000      -2.40756417E-05
   223.250000      -2.15018190E-05
   223.750000      -1.66896498E-05
   224.250000      -1.32540408E-05
   224.750000      -1.33378344E-05
   225.250000      -1.80193874E-05
   225.750000      -2.48207180E-05
   226.250000      -2.99496514E-05
   226.750000      -2.88951032E-05
   227.250000      -2.32383227E-05
   227.750000      -1.53489455E-05
   228.250000      -1.07025317E-05
   228.750000      -1.19459928E-05
   229.250000      -1.74253400E-05
   229.750000      -2.39704332E-05
   230.250000      -2.74733811E-05
   230.750000      -2.68147996E-05
   231.250000      -2.28151057E-05
   231.750000      -1.88009963E-05
   232.250000      -1.64005451E-05
   232.750000      -1.53965157E-05
   233.250000      -1.64150333E-05
   233.750000      -1.73855078E-05
   234.250000      -1.90467654E-05
   234.750000      -2.13396543E-05
   235.250000      -2.43193826E-05
   235.750000      -2.58886721E-05
   236.250000      -2.49507830E-05
   236.750000      -2.02199317E-05
   237.250000      -1.42340295E-05
   237.750000      -1.00374600E-05
   238.250000      -1.07673259E-05
   238.750000      -1.70318417E-05
   239.250000      -2.48159886E-05
   239.750000      -2.99941803E-05
   240.250000      -2.94116635E-05
   240.750000      -2.33254159E-05
   241.250000      -1.48569043E-05
   241.750000      -9.23348762E-06
   242.250000      -9.34250420E-06
   242.750000      -1.43018015E-05
   243.250000      -2.06276563E-05
   243.750000      -2.55028572E-05
   244.250000      -2.63548955E-05
   244.750000      -2.37894528E-05
   245.250000      -2.00806971E-05
   245.750000      -1.70711210E-05
   246.250000      -1.49641310E-05
   246.750000      -1.46049988E-05
   247.250000      -1.42791341E-05
   247.750000      -1.50456744E-05
   248.250000      -1.69026844E-05
   248.750000      -2.06026816E-05
   249.250000      -2.45034153E-05
   249.750000      -2.65056606E-05
   250.250000      -2.44114999E-05
   250.750000      -1.88587474E-05
   251.250000      -1.18105245E-05
   251.750000      -7.07364461E-06
   252.250000      -7.68624068E-06
   252.750000      -1.37017332E-05
   253.250000      -2.26464508E-05
   253.750000      -2.90202206E-05
   254.250000      -2.95967820E-05
   254.750000      -2.44171679E-05
   255.250000      -1.60434174E-05
   255.750000      -8.66963092E-06
   256.250000      -6.45381624E-06
   256.750000      -9.06342939E-06
   257.250000      -1.53313704E-05
   257.750000      -2.14729771E-05
   258.250000      -2.46238578E-05
   258.750000      -2.40930149E-05
   259.250000      -2.13163130E-05
   259.750000      -1.80973257E-05
   260.250000      -1.52284638E-05
   260.750000      -1.35169657E-05
   261.250000      -1.18652297E-05
   261.750000      -1.12107782E-05
   262.250000      -1.17537047E-05
   262.750000      -1.42148938E-05
   263.250000      -1.84093460E-05
   263.750000      -2.34403797E-05
   264.250000      -2.59598000E-05
   264.750000      -2.48750875E-05
   265.250000      -1.88229278E-05
   265.750000      -1.04600804E-05
   266.250000      -4.22129142E-06
   266.750000      -3.09708867E-06
   267.250000      -7.93060008E-06
   267.750000      -1.70477488E-05
   268.250000      -2.54792503E-05
   268.750000      -2.94917136E-05
   269.250000      -2.73114492E-05
   269.750000      -1.95176744E-05
   270.250000      -1.05585068E-05
   270.750000      -4.21939831E-06
   271.250000      -3.08705216E-06
   271.750000      -7.51452853E-06
   272.250000      -1.39554404E-05
   272.750000      -1.96903729E-05
   273.250000      -2.25345993E-05
   273.750000      -2.22591771E-05
   274.250000      -1.97518202E-05
   274.750000      -1.66660448E-05
   275.250000      -1.37484640E-05
   275.750000      -1.15640732E-05
   276.250000      -9.74037266E-06
   276.750000      -7.91418552E-06
   277.250000      -7.65252753E-06
   277.750000      -9.58586043E-06
   278.250000      -1.38804653E-05
   278.750000      -1.97348163E-05
   279.250000      -2.41916296E-05
   279.750000      -2.55172272E-05
   280.250000      -2.13311123E-05
   280.750000      -1.32998230E-05
   281.250000      -4.27873510E-06
   281.750000       1.47077958E-06
   282.250000       6.93211518E-07
   282.750000      -6.06271760E-06
   283.250000      -1.59130050E-05
   283.750000      -2.47921635E-05
   284.250000      -2.85438473E-05
   284.750000      -2.59449935E-05
   285.250000      -1.78625196E-05
   285.750000      -8.09269568E-06
   286.250000      -1.08053155E-06
   286.750000       7.85565874E-07
   287.250000      -2.61369632E-06
   287.750000      -8.86653925E-06
   288.250000      -1.54172794E-05
   288.750000      -1.93168125E-05
   289.250000      -2.04013595E-05
   289.750000      -1.89443217E-05
   290.250000      -1.64666562E-05
   290.750000      -1.35734172E-05
   291.250000      -1.07403821E-05
   291.750000      -7.99368991E-06
   292.250000      -5.22882056E-06
   292.750000      -3.64619291E-06
   293.250000      -3.34582205E-06
   293.750000      -5.93586765E-06
   294.250000      -1.14660652E-05
   294.750000      -1.86311008E-05
   295.250000      -2.37694330E-05
   295.750000      -2.48585930E-05
   296.250000      -2.06262339E-05
   296.750000      -1.13611131E-05
   297.250000      -1.53230337E-06
   297.750000       5.65706205E-06
   298.250000       6.70602640E-06
   298.750000       1.16589911E-06
   299.250000      -9.07305639E-06
   299.750000      -2.00128907E-05
   300.250000      -2.72453253E-05
   300.750000      -2.74098838E-05
   301.250000      -2.14057673E-05
   301.750000      -1.15809507E-05
   302.250000      -1.84658029E-06
   302.750000       3.92228731E-06
   303.250000       5.09369102E-06
   303.750000       3.51813071E-07
   304.250000      -6.28049975E-06
   304.750000      -1.24910794E-05
   305.250000      -1.70151088E-05
   305.750000      -1.82377989E-05
   306.250000      -1.74155721E-05
   306.750000      -1.49654506E-05
   307.250000      -1.23677246E-05
   307.750000      -9.26899338E-06
   308.250000      -6.08897290E-06
   308.750000      -2.59008334E-06
   309.250000       3.02256666E-07
   309.750000       2.08370443E-06
   310.250000       6.76702427E-07
   310.750000      -4.73808495E-06
   311.250000      -1.18713997E-05
   311.750000      -1.99958868E-05
   312.250000      -2.46317650E-05
   312.750000      -2.44907569E-05
   313.250000      -1.76496487E-05
   313.750000      -7.23593166E-06
   314.250000       4.05223864E-06
   314.750000       1.17047130E-05
   315.250000       1.27087915E-05
   315.750000       6.26950487E-06
   316.250000      -4.82316182E-06
   316.750000      -1.69079649E-05
   317.250000      -2.56985077E-05
   317.750000      -2.80919794E-05
   318.250000      -2.30914411E-05
   318.750000      -1.35165119E-05
   319.250000      -2.69384259E-06
   319.750000       6.06971480E-06
   320.250000       9.49459445E-06
   320.750000       7.83427367E-06
   321.250000       2.00888053E-06
   321.750000      -4.98535974E-06
   322.250000      -1.12062125E-05
   322.750000      -1.50503811E-05
   323.250000      -1.63759705E-05
   323.750000      -1.58302919E-05
   324.250000      -1.39665035E-05
   324.750000      -1.16282245E-05
   325.250000      -8.71229895E-06
   325.750000      -4.52349923E-06
   326.250000       5.41183169E-08
   326.750000       4.38674124E-06
   327.250000       7.30966894E-06
   327.750000       7.00960209E-06
   328.250000       2.46538684E-06
   328.750000      -5.53183281E-06
   329.250000      -1.50572032E-05
   329.750000      -2.35307489E-05
   330.250000      -2.69301017E-05
   330.750000      -2.37743534E-05
   331.250000      -1.45904032E-05
   331.750000      -1.84193425E-06
   332.250000       1.06624111E-05
   332.750000       1.82318054E-05
   333.250000       1.88022241E-05
   333.750000       1.15040602E-05
   334.250000      -8.13781980E-07
   334.750000      -1.42769859E-05
   335.250000      -2.49465975E-05
   335.750000      -2.89329437E-05
   336.250000      -2.58539367E-05
   336.750000      -1.70374242E-05
   337.250000      -5.26884014E-06
   337.750000       5.12437782E-06
   338.250000       1.18581775E-05
   338.750000       1.32584319E-05
   339.250000       9.91950219E-06
   339.750000       3.76252410E-06
   340.250000      -2.92124878E-06
   340.750000      -8.54833979E-06
   341.250000      -1.26013347E-05
   341.750000      -1.45505610E-05
   342.250000      -1.52779630E-05
   342.750000      -1.49894777E-05
   343.250000      -1.36490544E-05
   343.750000      -1.06965044E-05
   344.250000      -5.87776003E-06
   344.750000       3.53229439E-07
   345.250000       7.43297460E-06
   345.750000       1.27847270E-05
   346.250000       1.48480294E-05
   346.750000       1.20881014E-05
   347.250000       4.25668259E-06
   347.750000      -7.54969687E-06
   348.250000      -1.96572601E-05
   348.750000      -2.84251710E-05
   349.250000      -3.13073215E-05
   349.750000      -2.62150970E-05
   350.250000      -1.43902562E-05
   350.750000       5.17052797E-07
   351.250000       1.50792694E-05
   351.750000       2.45984647E-05
   352.250000       2.61401547E-05
   352.750000       1.96742512E-05
   353.250000       6.78032211E-06
   353.750000      -7.97973735E-06
   354.250000      -2.13137391E-05
   354.750000      -2.94117763E-05
   355.250000      -3.02006010E-05
   355.750000      -2.41938524E-05
   356.250000      -1.41682749E-05
   356.750000      -2.34392701E-06
   357.250000       7.49804485E-06
   357.750000       1.35723149E-05
   358.250000       1.55060479E-05
   358.750000       1.30273729E-05
   359.250000       8.70419444E-06
   359.750000       3.02706417E-06
   360.250000      -1.92102902E-06
   360.750000      -6.74977355E-06
   361.250000      -1.13580727E-05
   361.750000      -1.48029085E-05
   362.250000      -1.78651735E-05
   362.750000      -1.93602027E-05
   363.250000      -1.84757428E-05
   363.750000      -1.39653603E-05
   364.250000      -6.78141532E-06
   364.750000       3.46837646E-06
   365.250000       1.41349028E-05
   365.750000       2.20827424E-05
   366.250000       2.49698423E-05
   366.750000       2.17053257E-05
   367.250000       1.13022552E-05
   367.750000      -3.49920992E-06
   368.250000      -1.92391981E-05
   368.750000      -3.20690560E-05
   369.250000      -3.82135695E-05
   369.750000      -3.59250116E-05
   370.250000      -2.57102947E-05
   370.750000      -9.23611242E-06
   371.250000       8.49454682E-06
   371.750000       2.39719284E-05
   372.250000       3.26200716E-05
   372.750000       3.23868226E-05
   373.250000       2.46858363E-05
   373.750000       1.10662832E-05
   374.250000      -4.77218418E-06
   374.750000      -1.87409441E-05
   375.250000      -2.85226288E-05
   375.750000      -3.15075340E-05
   376.250000      -2.84448870E-05
   376.750000      -2.10967737E-05
   377.250000      -1.13509459E-05
   377.750000      -1.60145225E-06
   378.250000       6.40859253E-06
   378.750000       1.20315281E-05
   379.250000       1.46845250E-05
   379.750000       1.59420779E-05
   380.250000       1.48650533E-05
   380.750000       1.28372976E-05
   381.250000       9.20571529E-06
   381.750000       3.91322237E-06
   382.250000      -3.52565053E-06
   382.750000      -1.23543459E-05
   383.250000      -2.09417958E-05
   383.750000      -2.83566496E-05
   384.250000      -3.17315571E-05
   384.750000      -2.94810943E-05
   385.250000      -2.18151963E-05
   385.750000      -8.14009945E-06
   386.250000       7.98185920E-06
   386.750000       2.38777448E-05
   387.250000       3.59864462E-05
   387.750000       4.00516874E-05
   388.250000       3.58383295E-05
   388.750000       2.27146411E-05
   389.250000       4.19463322E-06
   389.750000      -1.64702305E-05
   390.250000      -3.45721746E-05
   390.750000      -4.58054710E-05
   391.250000      -4.85612982E-05
   391.750000      -4.15695613E-05
   392.250000      -2.68231706E-05
   392.750000      -7.25756081E-06
   393.250000       1.19508622E-05
   393.750000       2.76911560E-05
   394.250000       3.64678053E-05
   394.750000       3.78776749E-05
   395.250000       3.18296734E-05
   395.750000       2.07562061E-05
   396.250000       6.83310282E-06
   396.750000      -6.35976357E-06
   397.250000      -1.74216038E-05
   397.750000      -2.46222480E-05
   398.250000      -2.80086588E-05
   398.750000      -2.80447930E-05
   399.250000      -2.54942079E-05
   399.750000      -2.14538904E-05
   400.250000      -1.59035826E-05
   400.750000      -9.27411202E-06
   401.250000      -1.80815289E-06
   401.750000       7.15035731E-06
   402.250000       1.63224577E-05
   402.750000       2.47984717E-05
   403.250000       3.13477249E-05
   403.750000       3.38898935E-05
   404.250000       3.05610156E-05
   404.750000       2.13506974E-05
   405.250000       6.60409205E-06
   405.750000      -1.12334237E-05
   406.250000      -3.00855409E-05
   406.750000      -4.55278205E-05
   407.250000      -5.45309958E-05
   407.750000      -5.42504786E-05
   408.250000      -4.44225334E-05
   408.750000      -2.63238398E-05
   409.250000      -3.45092099E-06
   409.750000       2.11521237E-05
   410.250000       4.21346813E-05
   410.750000       5.55513434E-05
   411.250000       5.91290700E-05
   411.750000       5.23142044E-05
   412.250000       3.56978126E-05
   412.750000       1.37588249E-05
   413.250000      -9.96419749E-06
   413.750000      -3.18116763E-05
   414.250000      -4.72027205E-05
   414.750000      -5.46331466E-05
   415.250000      -5.34168066E-05
   415.750000      -4.47590683E-05
   416.250000      -3.06790171E-05
   416.750000      -1.42718027E-05
   417.250000       2.09182758E-06
   417.750000       1.56337355E-05
   418.250000       2.58337477E-05
   418.750000       3.21681400E-05
   419.250000       3.44468062E-05
   419.750000       3.36231024E-05
   420.250000       3.06489019E-05
   420.750000       2.55635259E-05
   421.250000       1.80788556E-05
   421.750000       9.62598915E-06
   422.250000      -1.50210269E-06
   422.750000      -1.39671147E-05
   423.250000      -2.73329442E-05
   423.750000      -4.01090583E-05
   424.250000      -4.95941204E-05
   424.750000      -5.45950825E-05
   425.250000      -5.29195786E-05
   425.750000      -4.34005960E-05
   426.250000      -2.65008712E-05
   426.750000      -4.09397717E-06
   427.250000       2.11946899E-05
   427.750000       4.55500522E-05
   428.250000       6.42137165E-05
   428.750000       7.46151054E-05
   429.250000       7.36111251E-05
   429.750000       6.17638798E-05
   430.250000       4.00122117E-05
   430.750000       1.12472362E-05
   431.250000      -1.96929414E-05
   431.750000      -4.87882207E-05
   432.250000      -7.05092825E-05
   432.750000      -8.24790550E-05
   433.250000      -8.29633209E-05
   433.750000      -7.22488257E-05
   434.250000      -5.24807947E-05
   434.750000      -2.66982897E-05
   435.250000       1.39916040E-06
   435.750000       2.66232528E-05
   436.250000       4.71305029E-05
   436.750000       6.01210959E-05
   437.250000       6.51660157E-05
   437.750000       6.27396876E-05
   438.250000       5.40017318E-05
   438.750000       4.07138141E-05
   439.250000       2.53723538E-05
   439.750000       9.20170623E-06
   440.250000      -5.94674793E-06
   440.750000      -1.99263377E-05
   441.250000      -3.23271488E-05
   441.750000      -4.31839399E-05
   442.250000      -5.18368288E-05
   442.750000      -5.79639272E-05
   443.250000      -6.09920717E-05
   443.750000      -5.98363440E-05
   444.250000      -5.33266975E-05
   444.750000      -4.06753934E-05
   445.250000      -2.22805647E-05
   445.750000       1.08777681E-06
   446.250000       2.70877645E-05
   446.750000       5.36111838E-05
   447.250000       7.65171935E-05
   447.750000       9.23219341E-05
   448.250000       9.86103842E-05
   448.750000       9.34175187E-05
   449.250000       7.60863477E-05
   449.750000       4.83025833E-05
   450.250000       1.28267002E-05
   450.750000      -2.57255160E-05
   451.250000      -6.30166905E-05
   451.750000      -9.40812606E-05
   452.250000      -1.15230672E-04
   452.750000      -1.22889818E-04
   453.250000      -1.17126481E-04
   453.750000      -9.79941251E-05
   454.250000      -6.83590915E-05
   454.750000      -3.19375176E-05
   455.250000       6.94521077E-06
   455.750000       4.34629947E-05
   456.250000       7.38277377E-05
   456.750000       9.53014242E-05
   457.250000       1.06211090E-04
   457.750000       1.06540654E-04
   458.250000       9.69662651E-05
   458.750000       8.03908479E-05
   459.250000       5.80718952E-05
   459.750000       3.36212652E-05
   460.250000       8.60721684E-06
   460.750000      -1.51761542E-05
   461.250000      -3.65071137E-05
   461.750000      -5.52413585E-05
   462.250000      -7.05780840E-05
   462.750000      -8.29910059E-05
   463.250000      -9.16556310E-05
   463.750000      -9.62000559E-05
   464.250000      -9.60629332E-05
   464.750000      -9.02255997E-05
   465.250000      -7.76871602E-05
   465.750000      -5.85499256E-05
   466.250000      -3.19626815E-05
   466.750000      -6.11037976E-08
   467.250000       3.57820682E-05
   467.750000       7.27766383E-05
   468.250000       1.07175598E-04
   468.750000       1.35296301E-04
   469.250000       1.53484725E-04
   469.750000       1.58993906E-04
   470.250000       1.49435611E-04
   470.750000       1.26202372E-04
   471.250000       8.85108457E-05
   471.750000       4.15008071E-05
   472.250000      -1.20539962E-05
   472.750000      -6.65078333E-05
   473.250000      -1.16137795E-04
   473.750000      -1.57090370E-04
   474.250000      -1.84632823E-04
   474.750000      -1.96453184E-04
   475.250000      -1.91327956E-04
   475.750000      -1.70517902E-04
   476.250000      -1.35878261E-04
   476.750000      -9.14275734E-05
   477.250000      -4.11742185E-05
   477.750000       1.02856902E-05
   478.250000       5.91558310E-05
   478.750000       1.01415251E-04
   479.250000       1.34434085E-04
   479.750000       1.57123737E-04
   480.250000       1.68596307E-04
   480.750000       1.70115294E-04
   481.250000       1.62301832E-04
   481.750000       1.46688486E-04
   482.250000       1.24933256E-04
   482.750000       9.86895320E-05
   483.250000       6.86946369E-05
   483.750000       3.60427221E-05
   484.250000       1.47668720E-06
   484.750000      -3.46351844E-05
   485.250000      -7.20063690E-05
   485.750000      -1.08481981E-04
   486.250000      -1.43688580E-04
   486.750000      -1.75243506E-04
   487.250000      -2.00982278E-04
   487.750000      -2.18138419E-04
   488.250000      -2.24498086E-04
   488.750000      -2.17779554E-04
   489.250000      -1.97073939E-04
   489.750000      -1.61351723E-04
   490.250000      -1.11454792E-04
   490.750000      -5.04996060E-05
   491.250000       1.88258800E-05
   491.750000       9.16314602E-05
   492.250000       1.62936689E-04
   492.750000       2.27498065E-04
   493.250000       2.80039560E-04
   493.750000       3.16053949E-04
   494.250000       3.32763098E-04
   494.750000       3.27829795E-04
   495.250000       3.01771564E-04
   495.750000       2.55777093E-04
   496.250000       1.93895190E-04
   496.750000       1.19885917E-04
   497.250000       3.90259156E-05
   497.750000      -4.38176576E-05
   498.250000      -1.22619342E-04
   498.750000      -1.93296844E-04
   499.250000      -2.52218917E-04
   499.750000      -2.96945800E-04
   500.250000      -3.25658300E-04
   500.750000      -3.38957150E-04
   501.250000      -3.37044534E-04
   501.750000      -3.21833708E-04
   502.250000      -2.94783851E-04
   502.750000      -2.58828659E-04
   503.250000      -2.14826388E-04
   503.750000      -1.65374993E-04
   504.250000      -1.11765446E-04
   504.750000      -5.47276104E-05
   505.250000       4.96087887E-06
   505.750000       6.63052706E-05
   506.250000       1.29398206E-04
   506.750000       1.91935367E-04
   507.250000       2.53485137E-04
   507.750000       3.12030024E-04
   508.250000       3.64743086E-04
   508.750000       4.09284374E-04
   509.250000       4.42852383E-04
   509.750000       4.61152813E-04
   510.250000       4.62194439E-04
   510.750000       4.43769473E-04
   511.250000       4.04486491E-04
   511.750000       3.43743595E-04
   512.250000       2.63526716E-04
   512.750000       1.65868623E-04
   513.250000       5.40279107E-05
   513.750000      -6.67305576E-05
   514.250000      -1.90773164E-04
   514.750000      -3.12634103E-04
   515.250000      -4.25940030E-04
   515.750000      -5.24643983E-04
   516.250000      -6.05418405E-04
   516.750000      -6.63168612E-04
   517.250000      -6.95578638E-04
   517.750000      -7.01736251E-04
   518.250000      -6.82035519E-04
   518.750000      -6.37540361E-04
   519.250000      -5.71111974E-04
   519.750000      -4.86449193E-04
   520.250000      -3.87572189E-04
   520.750000      -2.78768624E-04
   521.250000      -1.64138532E-04
   521.750000      -4.79674418E-05
   522.250000       6.68119246E-05
   522.750000       1.77010268E-04
   523.250000       2.80923297E-04
   523.750000       3.77069489E-04
   524.250000       4.65248711E-04
   524.750000       5.44894137E-04
   525.250000       6.15933270E-04
   525.750000       6.79210178E-04
   526.250000       7.33885448E-04
   526.750000       7.80284638E-04
   527.250000       8.17013963E-04
   527.750000       8.43043090E-04
   528.250000       8.56955070E-04
   528.750000       8.55734805E-04
   529.250000       8.38305627E-04
   529.750000       8.02117342E-04
   530.250000       7.44688208E-04
   530.750000       6.65522530E-04
   531.250000       5.63849171E-04
   531.750000       4.39289579E-04
   532.250000       2.94024328E-04
   532.750000       1.29924054E-04
   533.250000      -4.94372762E-05
   533.750000      -2.39372384E-04
   534.250000      -4.35710448E-04
   534.750000      -6.32580661E-04
   535.250000      -8.24613089E-04
   535.750000      -1.00686739E-03
   536.250000      -1.17373758E-03
   536.750000      -1.32100692E-03
   537.250000      -1.44583022E-03
   537.750000      -1.54520839E-03
   538.250000      -1.61811558E-03
   538.750000      -1.66345015E-03
   539.250000      -1.68300874E-03
   539.750000      -1.67729973E-03
   540.250000      -1.64991955E-03
   540.750000      -1.60312932E-03
   541.250000      -1.54090847E-03
   541.750000      -1.46603351E-03
   542.250000      -1.38193904E-03
   542.750000      -1.29221461E-03
   543.250000      -1.19892962E-03
   543.750000      -1.10374030E-03
   544.250000      -1.00747636E-03
   544.750000      -9.10344708E-04
   545.250000      -8.11235281E-04
   545.750000      -7.09238870E-04
   546.250000      -6.00851141E-04
   546.750000      -4.84009855E-04
   547.250000      -3.55200784E-04
   547.750000      -2.10538550E-04
   548.250000      -4.72093634E-05
   548.750000       1.37763185E-04
   549.250000       3.46843735E-04
   549.750000       5.82253328E-04
   550.250000       8.44134367E-04
   550.750000       1.13271479E-03
   551.250000       1.44713128E-03
   551.750000       1.78499823E-03
   552.250000       2.14291993E-03
   552.750000       2.51751300E-03
   553.250000       2.90311687E-03
   553.750000       3.29548703E-03
   554.250000       3.68799781E-03
   554.750000       4.07616841E-03
   555.250000       4.45482740E-03
   555.750000       4.81905509E-03
   556.250000       5.16575994E-03
   556.750000       5.49218617E-03
   557.250000       5.79708302E-03
   557.750000       6.08191872E-03
   558.250000       6.34738011E-03
   558.750000       6.59756968E-03
   559.250000       6.83658943E-03
   559.750000       7.07059307E-03
   560.250000       7.30593316E-03
   560.750000       7.54967518E-03
   561.250000       7.80922454E-03
   561.750000       8.09119735E-03
   562.250000       8.40194430E-03
   562.750000       8.74699280E-03
   563.250000       9.12990514E-03
   563.750000       9.55397543E-03
   564.250000       1.00190621E-02
   564.750000       1.05239535E-02
   565.250000       1.10646999E-02
   565.750000       1.16360448E-02
   566.250000       1.22305369E-02
   566.750000       1.28383609E-02
   567.250000       1.34485718E-02
   567.750000       1.40501596E-02
   568.250000       1.46310534E-02
   568.750000       1.51788732E-02
   569.250000       1.56832766E-02
   569.750000       1.61354337E-02
   570.250000       1.65286120E-02
   570.750000       1.68597512E-02
   571.250000       1.71280093E-02
   571.750000       1.73370242E-02
   572.250000       1.74938422E-02
   572.750000       1.76087003E-02
   573.250000       1.76949296E-02
   573.750000       1.77680589E-02
   574.250000       1.78460442E-02
   574.750000       1.79463271E-02
   575.250000       1.80887040E-02
   575.750000       1.82896890E-02
   576.250000       1.85658522E-02
   576.750000       1.89310387E-02
   577.250000       1.93961598E-02
   577.750000       1.99672617E-02
   578.250000       2.06467733E-02
   578.750000       2.14311946E-02
   579.250000       2.23117303E-02
   579.750000       2.32737139E-02
   580.250000       2.42956914E-02
   580.750000       2.53510773E-02
   581.250000       2.64079124E-02
   581.750000       2.74317078E-02
   582.250000       2.83844341E-02
   582.750000       2.92294212E-02
   583.250000       2.99330056E-02
   583.750000       3.04677058E-02
   584.250000       3.08128931E-02
   584.750000       3.09594553E-02
   585.250000       3.09098139E-02
   585.750000       3.06772515E-02
   586.250000       3.02884728E-02
   586.750000       2.97783054E-02
   587.250000       2.91902684E-02
   587.750000       2.85737775E-02
   588.250000       2.79806778E-02
   588.750000       2.74644773E-02
   589.250000       2.70770509E-02
   589.750000       2.68670749E-02
   590.250000       2.68782452E-02
   590.750000       2.71498822E-02
   591.250000       2.77135782E-02
   591.750000       2.85897031E-02
   592.250000       2.97906511E-02
   592.750000       3.13131623E-02
   593.250000       3.31380777E-02
   593.750000       3.52266617E-02
   594.250000       3.75179090E-02
   594.750000       3.99267711E-02
   595.250000       4.23461832E-02
   595.750000       4.46499325E-02
   596.250000       4.67009917E-02
   596.750000       4.83637601E-02
   597.250000       4.95162494E-02
   597.750000       5.00670448E-02
   598.250000       4.99656312E-02
   598.750000       4.92122360E-02
   599.250000       4.78561632E-02
   599.750000       4.59923521E-02
   600.250000       4.37480882E-02
   600.750000       4.12704647E-02
   601.250000       3.87122221E-02
   601.750000       3.62209380E-02
   602.250000       3.39321457E-02
   602.750000       3.19649354E-02
   603.250000       3.04224789E-02
   603.750000       2.93937754E-02
   604.250000       2.89576650E-02
   604.750000       2.91829463E-02
   605.250000       3.01336143E-02
   605.750000       3.18625867E-02
   606.250000       3.44108976E-02
   606.750000       3.77967954E-02
   607.250000       4.20008264E-02
   607.750000       4.69469503E-02
   608.250000       5.24810143E-02
   608.750000       5.83531000E-02
   609.250000       6.42081797E-02
   609.750000       6.96009099E-02
   610.250000       7.40375966E-02
   610.750000       7.70457238E-02
   611.250000       7.82650486E-02
   611.750000       7.75214061E-02
   612.250000       7.48705938E-02
   612.750000       7.05832392E-02
   613.250000       6.50838912E-02
   613.750000       5.88648282E-02
   614.250000       5.24055324E-02
   614.750000       4.61143889E-02
   615.250000       4.03038226E-02
   615.750000       3.51883732E-02
   616.250000       3.09042316E-02
   616.750000       2.75300704E-02
   617.250000       2.51152031E-02
   617.750000       2.36974191E-02
   618.250000       2.33237967E-02
   618.750000       2.40594391E-02
   619.250000       2.59976387E-02
   619.750000       2.92563047E-02
   620.250000       3.39697041E-02
   620.750000       4.02667001E-02
   621.250000       4.82259840E-02
   621.750000       5.78111000E-02
   622.250000       6.87822849E-02
   622.750000       8.05978328E-02
   623.250000       9.23475698E-02
   623.750000      0.102781668    
   624.250000      0.110491522    
   624.750000      0.114244185    
   625.250000      0.113364510    
   625.750000      0.107973807    
   626.250000       9.89409089E-02
   626.750000       8.75849724E-02
   627.250000       7.52911046E-02
   627.750000       6.32105470E-02
   628.250000       5.21312580E-02
   628.750000       4.24880758E-02
   629.250000       3.44405323E-02
   629.750000       2.79765632E-02
   630.250000       2.29956787E-02
   630.750000       1.93719938E-02
   631.250000       1.69940479E-02
   631.750000       1.57911014E-02
   632.250000       1.57500897E-02
   632.750000       1.69257335E-02
   633.250000       1.94486137E-02
   633.750000       2.35293135E-02
   634.250000       2.94551626E-02
   634.750000       3.75711620E-02
   635.250000       4.82303500E-02
   635.750000       6.16919138E-02
   636.250000       7.79417604E-02
   636.750000       9.64346603E-02
   637.250000      0.115809217    
   637.750000      0.133755431    
   638.250000      0.147294119    
   638.750000      0.153626055    
   639.250000      0.151268750    
   639.750000      0.140760452    
   640.250000      0.124395594    
   640.750000      0.105198085    
   641.250000       8.58650804E-02
   641.750000       6.82089031E-02
   642.250000       5.31263687E-02
   642.750000       4.08387855E-02
   643.250000       3.11773140E-02
   643.750000       2.38010716E-02
   644.250000       1.83343049E-02
   644.750000       1.44397132E-02
   645.250000       1.18509419E-02
   645.750000       1.03845987E-02
   646.250000       9.94706806E-03
   646.750000       1.05346031E-02
   647.250000       1.22413291E-02
   647.750000       1.52689461E-02
   648.250000       1.99391022E-02
   648.750000       2.67068204E-02
   649.250000       3.61587666E-02
   649.750000       4.89808321E-02
   650.250000       6.58418164E-02
   650.750000       8.71415734E-02
   651.250000      0.112540811    
   651.750000      0.140314743    
   652.250000      0.166822940    
   652.750000      0.186802104    
   653.250000      0.195099741    
   653.750000      0.189268544    
   654.250000      0.171032354    
   654.750000      0.145238295    
   655.250000      0.117299162    
   655.750000       9.12086815E-02
   656.250000       6.90102279E-02
   656.750000       5.12363836E-02
   657.250000       3.75741720E-02
   657.750000       2.73668971E-02
   658.250000       1.99060850E-02
   658.750000       1.45643391E-02
   659.250000       1.08392900E-02
   659.750000       8.35759193E-03
   660.250000       6.86389208E-03
   660.750000       6.20693667E-03
   661.250000       6.33203005E-03
   661.750000       7.27910362E-03
   662.250000       9.19186976E-03
   662.750000       1.23330411E-02
   663.250000       1.71145611E-02
   663.750000       2.41302494E-02
   664.250000       3.41882743E-02
   664.750000       4.83169220E-02
   665.250000       6.76847249E-02
   665.750000       9.33225676E-02
   666.250000      0.125475064    
   666.750000      0.162456110    
   667.250000      0.199344173    
   667.750000      0.227873683    
   668.250000      0.239295155    
   668.750000      0.229524925    
   669.250000      0.202069744    
   669.750000      0.165496826    
   670.250000      0.128263757    
   670.750000       9.55882072E-02
   671.250000       6.93725795E-02
   671.750000       4.94759716E-02
   672.250000       3.48950066E-02
   672.750000       2.44519822E-02
   673.250000       1.70922987E-02
   673.750000       1.19757438E-02
   674.250000       8.47463030E-03
   674.750000       6.14010496E-03
   675.250000       4.66650398E-03
   675.750000       3.86024476E-03
   676.250000       3.61993420E-03
   676.750000       3.92549392E-03
   677.250000       4.83798468E-03
   677.750000       6.51139580E-03
   678.250000       9.21504013E-03
   678.750000       1.33717796E-02
   679.250000       1.96124651E-02
   679.750000       2.88438462E-02
   680.250000       4.23146635E-02
   680.750000       6.16356172E-02
   681.250000       8.86351690E-02
   681.750000      0.124782994    
   682.250000      0.169789806    
   682.750000      0.219233468    
   683.250000      0.262639523    
   683.750000      0.285808176    
   684.250000      0.279243499    
   684.750000      0.245768651    
   685.250000      0.198128626    
   685.750000      0.149654344    
   686.250000      0.108174287    
   686.750000       7.60228485E-02
   687.250000       5.24980091E-02
   687.750000       3.58605385E-02
   688.250000       2.43349839E-02
   688.750000       1.64551828E-02
   689.250000       1.11176847E-02
   689.750000       7.53265386E-03
   690.250000       5.15121827E-03
   690.750000       3.60178808E-03
   691.250000       2.64003105E-03
   691.750000       2.11517117E-03
   692.250000       1.94723369E-03
   692.750000       2.11650599E-03
   693.250000       2.66102236E-03
   693.750000       3.68509069E-03
   694.250000       5.37928939E-03
   694.750000       8.05208832E-03
   695.250000       1.21837761E-02
   695.750000       1.85020547E-02
   696.250000       2.80865077E-02
   696.750000       4.24919203E-02
   697.250000       6.38509840E-02
   697.750000       9.48083326E-02
   698.250000      0.137906641    
   698.750000      0.193670586    
   699.250000      0.256748289    
   699.750000      0.312128723    
   700.250000      0.338611275    
   700.750000      0.323446244    
   701.250000      0.274137735    
   701.750000      0.211278036    
   702.250000      0.152517289    
   702.750000      0.105706573    
   703.250000       7.15214014E-02
   703.750000       4.77147326E-02
   704.250000       3.15683149E-02
   704.750000       2.07825378E-02
   705.250000       1.36429528E-02
   705.750000       8.94461200E-03
   706.250000       5.86680602E-03
   706.750000       3.86041380E-03
   707.250000       2.56270007E-03
   707.750000       1.73834001E-03
   708.250000       1.23658474E-03
   708.750000       9.66798398E-04
   709.250000       8.81610671E-04
   709.750000       9.68616980E-04
   710.250000       1.24917983E-03
   710.750000       1.78289728E-03
   711.250000       2.68164137E-03
   711.750000       4.13066288E-03
   712.250000       6.42642239E-03
   712.750000       1.00359675E-02
   713.250000       1.56848542E-02
   713.750000       2.44874042E-02
   714.250000       3.81266437E-02
   714.750000       5.90649843E-02
   715.250000       9.06768292E-02
   715.750000      0.136922687    
   716.250000      0.200528905    
   716.750000      0.278007507    
   717.250000      0.352344483    
   717.750000      0.393658042    
   718.250000      0.379762411    
   718.750000      0.318552077    
   719.250000      0.239529997    
   719.750000      0.167621061    
   720.250000      0.112512268    
   720.750000       7.38225803E-02
   721.250000       4.78413813E-02
   721.750000       3.07906549E-02
   722.250000       1.97380707E-02
   722.750000       1.26230288E-02
   723.250000       8.06118734E-03
   723.750000       5.14339283E-03
   724.250000       3.27989901E-03
   724.750000       2.09083804E-03
   725.250000       1.33255508E-03
   725.750000       8.49160249E-04
   726.250000       5.41072921E-04
   726.750000       3.44744883E-04
   727.250000       2.19646463E-04
   727.750000       1.39939715E-04
   728.250000       8.91561795E-05
   728.750000       5.68012620E-05
   729.250000       3.61877901E-05
   729.750000       2.30549686E-05
   730.250000       1.46881193E-05
   730.750000       9.35765729E-06
   731.250000       5.96166865E-06
   731.750000       3.79811672E-06
   732.250000       2.41973885E-06
   732.750000       1.54159068E-06
   733.250000       9.82130814E-07
   733.750000       6.25705354E-07
   734.250000       3.98630192E-07
   734.750000       2.53963151E-07
   735.250000       1.61797331E-07
   735.750000       1.03079415E-07
   736.250000       6.56708750E-08
   736.750000       4.18382626E-08
   737.250000       2.66547566E-08
   737.750000       1.69814918E-08
   738.250000       1.08187495E-08
   738.750000       6.89252477E-09
   739.250000       4.39116565E-09
   739.750000       2.79757240E-09
   740.250000       1.78230908E-09
   740.750000       1.13549403E-09
   741.250000       7.23413773E-10
   741.750000       4.60881028E-10
   742.250000       2.93623625E-10
   742.750000       1.87065349E-10
   743.250000       1.19177918E-10
   743.750000       7.59273686E-11
   744.250000       4.83727849E-11
   744.750000       3.08179697E-11
   745.250000       1.96339230E-11
   745.750000       1.25086469E-11
   746.250000       7.96918000E-12
   746.750000       5.07711755E-12
   747.250000       3.23460247E-12
   747.750000       2.06074741E-12
   748.250000       1.31289142E-12
   748.750000       8.36436606E-13
   749.250000       5.32889813E-13
   749.750000       3.39501783E-13
   750.250000       2.16295176E-13
   750.750000       1.37800822E-13
   751.250000       8.77924103E-14
   751.750000       5.59322655E-14
   752.250000       3.56342831E-14
   752.750000       2.27025125E-14
   753.250000       1.44637178E-14
   753.750000       9.21480875E-15
   754.250000       5.87073962E-15
   754.750000       3.74024084E-15
   755.250000       2.38290422E-15
   755.750000       1.51814721E-15
   756.250000       9.67211252E-16
   756.750000       6.16210752E-16
   757.250000       3.92588204E-16
   757.750000       2.50118400E-16
   758.250000       1.59350813E-16
   758.750000       1.01522709E-16
   759.250000       6.46803689E-17
   759.750000       4.12080470E-17
   760.250000       2.62537862E-17
   760.750000       1.67263877E-17
   761.250000       1.06564537E-17
   761.750000       6.78927761E-18
   762.250000       4.32548459E-18
   762.750000       2.75579171E-18
   763.250000       1.75573262E-18
   763.750000       1.11858952E-18
   764.250000       7.12661851E-19
   764.750000       4.54042695E-19
   765.250000       2.89274573E-19
   765.750000       1.84299563E-19
   766.250000       1.17419115E-19
   766.750000       7.48089868E-20
   767.250000       4.76616590E-20
   767.750000       3.03658294E-20
   768.250000       1.93464621E-20
   768.750000       1.23258950E-20
   769.250000       7.85300878E-21
   769.750000       5.00327302E-21
   770.250000       3.18766630E-21
   770.750000       2.03091743E-21
   771.250000       1.29393434E-21
   771.750000       8.24390393E-22
   772.250000       5.25235809E-22
   772.750000       3.34639037E-22
   773.250000       2.13206055E-22
   773.750000       1.35838667E-22
   774.250000       8.65462391E-23
   774.750000       5.51408976E-23
   775.250000       3.51318194E-23
   775.750000       2.23835243E-23
   776.250000       1.42612452E-23
   776.750000       9.08631527E-24
   777.250000       5.78921234E-24
   777.750000       3.68852387E-24
   778.250000       2.35010558E-24
   778.750000       1.49735187E-24
   779.250000       9.54030531E-25
   779.750000       6.07858891E-25
   780.250000       3.87298263E-25
   780.750000       2.46769151E-25
   781.250000       1.57231294E-25
   781.750000       1.00182106E-25
   782.250000       6.38329235E-26
   782.750000       4.06727130E-26
   783.250000       2.59158680E-26
   783.750000       1.65132654E-26
   784.250000       1.05221727E-26
   784.750000       6.70476765E-27
   785.250000       4.27236743E-27
   785.750000       2.72245490E-27
   786.250000       1.73484649E-27
   786.750000       1.10552982E-27
   787.250000       7.04514996E-28
   787.750000       4.48974233E-28
   788.250000       2.86131560E-28
   788.750000       1.82357880E-28
   789.250000       1.16225057E-28
   789.750000       7.40787106E-29
   790.250000       4.72180275E-29
   790.750000       3.00985505E-29
   791.250000       1.91871072E-29
   791.750000       1.22321566E-29
   792.250000       7.79883514E-30
   792.750000       4.97271726E-30
   793.250000       3.17102560E-30
   793.750000       2.02233440E-30
   794.250000       1.28990964E-30
   794.750000       8.22858365E-31
   795.250000       5.24998253E-31
   795.750000       3.35016102E-31
   796.250000       2.13824609E-31
   796.750000       1.36503588E-31
   797.250000       8.71637877E-32
   797.750000       5.56732462E-32
   798.250000       3.55704355E-32
   798.750000       2.27342018E-32
   799.250000       1.45356709E-32
   799.750000       9.29767689E-33
   800.250000       5.95002253E-33
   800.750000       3.80969748E-33
   801.250000       2.44070537E-33
   801.750000       1.56466233E-33
   802.250000       1.00377520E-33
   802.750000       6.44459084E-34
   803.250000       4.14125925E-34
   803.750000       2.66370326E-34
   804.250000       1.71512673E-34
   804.750000       1.10562315E-34
   805.250000       7.13615988E-35
   805.750000       4.61229430E-35
   806.250000       2.98548818E-35
   806.750000       1.93558461E-35
   807.250000       1.25707727E-35
   807.750000       8.17937008E-36
   808.250000       5.33263113E-36
   808.750000       3.48403425E-36
   809.250000       2.28137578E-36
   809.750000       1.49739758E-36
   810.250000       9.85264654E-37
   810.750000       6.49964648E-37
   811.250000       4.29921015E-37
   811.750000       2.85157579E-37
   812.250000       1.89673841E-37
   812.750000       1.26525368E-37
   813.250000       8.46466052E-38
   813.750000       5.67948173E-38
   814.250000       3.82184062E-38
   814.750000       2.57923163E-38
   815.250000       1.74559007E-38
   815.750000       1.18468393E-38
   816.250000       8.06187185E-39
   816.750000       5.50050986E-39
   817.250000       3.76233223E-39
   817.750000       2.57957607E-39
   818.250000       1.77265237E-39
   818.750000       1.22072574E-39
   819.250000       8.42338724E-40
   819.750000       5.82319386E-40
   820.250000       4.03253060E-40
   820.750000       2.79693568E-40
   821.250000       1.94269013E-40
   821.750000       1.35124408E-40
   822.250000       9.40859815E-41
   822.750000       6.55891759E-41
   823.250000       4.57664078E-41
   823.750000       3.19510063E-41
   824.250000       2.23282897E-41
   824.750000       1.56160701E-41
   825.250000       1.09217202E-41
   825.750000       7.63707663E-42
   826.250000       5.34875624E-42
   826.750000       3.74707209E-42
   827.250000       2.61622423E-42
   827.750000       1.83429969E-42
   828.250000       1.28639199E-42
   828.750000       9.03837509E-43
   829.250000       6.26380414E-43
   829.750000       4.34402524E-43
   830.250000       3.05483065E-43
   830.750000       2.08793471E-43
   831.250000       1.44333742E-43
   831.750000       1.00893489E-43
   832.250000       6.44597294E-44
   832.750000       4.62428493E-44
   833.250000       3.08285662E-44
   833.750000       1.68155816E-44
   834.250000       1.12103877E-44
   834.750000       4.20389539E-45
   835.250000       1.40129846E-45
   835.750000       0.00000000    
   836.250000       0.00000000    
   836.750000       0.00000000    
   837.250000       0.00000000    
   837.750000       0.00000000    
   838.250000       0.00000000    
   838.750000       0.00000000    
   839.250000       0.00000000    
   839.750000       0.00000000    
   840.250000       0.00000000    
   840.750000       0.00000000    
   841.250000       0.00000000    
   841.750000       0.00000000    
   842.250000       0.00000000    
   842.750000       0.00000000    
   843.250000       0.00000000    
   843.750000       0.00000000    
   844.250000       0.00000000    
   844.750000       0.00000000    
   845.250000       0.00000000    
   845.750000       0.00000000    
   846.250000       0.00000000    
   846.750000       0.00000000    
   847.250000       0.00000000    
   847.750000       0.00000000    
   848.250000       0.00000000    
   848.750000       0.00000000    
   849.250000       0.00000000    
   849.750000       0.00000000    
   850.250000       0.00000000    
   850.750000       0.00000000    
   851.250000       0.00000000    
   851.750000       0.00000000    
   852.250000       0.00000000    
   852.750000       0.00000000    
   853.250000       0.00000000    
   853.750000       0.00000000    
   854.250000       0.00000000    
   854.750000       0.00000000    
   855.250000       0.00000000    
   855.750000       0.00000000    
   856.250000       0.00000000    
   856.750000       0.00000000    
   857.250000       0.00000000    
   857.750000       0.00000000    
   858.250000       0.00000000    
   858.750000       0.00000000    
   859.250000       0.00000000    
   859.750000       0.00000000    
   860.250000       0.00000000    
   860.750000       0.00000000    
   861.250000       0.00000000    
   861.750000       0.00000000    
   862.250000       0.00000000    
   862.750000       0.00000000    
   863.250000       0.00000000    
   863.750000       0.00000000    
   864.250000       0.00000000    
   864.750000       0.00000000    
   865.250000       0.00000000    
   865.750000       0.00000000    
   866.250000       0.00000000    
   866.750000       0.00000000    
   867.250000       0.00000000    
   867.750000       0.00000000    
   868.250000       0.00000000    
   868.750000       0.00000000    
   869.250000       0.00000000    
   869.750000       0.00000000    
   870.250000       0.00000000    
   870.750000       0.00000000    
   871.250000       0.00000000    
   871.750000       0.00000000    
   872.250000       0.00000000    
   872.750000       0.00000000    
   873.250000       0.00000000    
   873.750000       0.00000000    
   874.250000       0.00000000    
   874.750000       0.00000000    
   875.250000       0.00000000    
   875.750000       0.00000000    
   876.250000       0.00000000    
   876.750000       0.00000000    
   877.250000       0.00000000    
   877.750000       0.00000000    
   878.250000       0.00000000    
   878.750000       0.00000000    
   879.250000       0.00000000    
   879.750000       0.00000000    
   880.250000       0.00000000    
   880.750000       0.00000000    
   881.250000       0.00000000    
   881.750000       0.00000000    
   882.250000       0.00000000    
   882.750000       0.00000000    
   883.250000       0.00000000    
   883.750000       0.00000000    
   884.250000       0.00000000    
   884.750000       0.00000000    
   885.250000       0.00000000    
   885.750000       0.00000000    
   886.250000       0.00000000    
   886.750000       0.00000000    
   887.250000       0.00000000    
   887.750000       0.00000000    
   888.250000       0.00000000    
   888.750000       0.00000000    
   889.250000       0.00000000    
   889.750000       0.00000000    
   890.250000       0.00000000    
   890.750000       0.00000000    
   891.250000       0.00000000    
   891.750000       0.00000000    
   892.250000       0.00000000    
   892.750000       0.00000000    
   893.250000       0.00000000    
   893.750000       0.00000000    
   894.250000       0.00000000    
   894.750000       0.00000000    
   895.250000       0.00000000    
   895.750000       0.00000000    
   896.250000       0.00000000    
   896.750000       0.00000000    
   897.250000       0.00000000    
   897.750000       0.00000000    
   898.250000       0.00000000    
   898.750000       0.00000000    
   899.250000       0.00000000    
   899.750000       0.00000000    
   900.250000       0.00000000    
   900.750000       0.00000000    
   901.250000       0.00000000    
   901.750000       0.00000000    
   902.250000       0.00000000    
   902.750000       0.00000000    
   903.250000       0.00000000    
   903.750000       0.00000000    
   904.250000       0.00000000    
   904.750000       0.00000000    
   905.250000       0.00000000    
   905.750000       0.00000000    
   906.250000       0.00000000    
   906.750000       0.00000000    
   907.250000       0.00000000    
   907.750000       0.00000000    
   908.250000       0.00000000    
   908.750000       0.00000000    
   909.250000       0.00000000    
   909.750000       0.00000000    
   910.250000       0.00000000    
   910.750000       0.00000000    
   911.250000       0.00000000    
   911.750000       0.00000000    
   912.250000       0.00000000    
   912.750000       0.00000000    
   913.250000       0.00000000    
   913.750000       0.00000000    
   914.250000       0.00000000    
   914.750000       0.00000000    
   915.250000       0.00000000    
   915.750000       0.00000000    
   916.250000       0.00000000    
   916.750000       0.00000000    
   917.250000       0.00000000    
   917.750000       0.00000000    
   918.250000       0.00000000    
   918.750000       0.00000000    
   919.250000       0.00000000    
   919.750000       0.00000000    
   920.250000       0.00000000    
   920.750000       0.00000000    
   921.250000       0.00000000    
   921.750000       0.00000000    
   922.250000       0.00000000    
   922.750000       0.00000000    
   923.250000       0.00000000    
   923.750000       0.00000000    
   924.250000       0.00000000    
   924.750000       0.00000000    
   925.250000       0.00000000    
   925.750000       0.00000000    
   926.250000       0.00000000    
   926.750000       0.00000000    
   927.250000       0.00000000    
   927.750000       0.00000000    
   928.250000       0.00000000    
   928.750000       0.00000000    
   929.250000       0.00000000    
   929.750000       0.00000000    
   930.250000       0.00000000    
   930.750000       0.00000000    
   931.250000       0.00000000    
   931.750000       0.00000000    
   932.250000       0.00000000    
   932.750000       0.00000000    
   933.250000       0.00000000    
   933.750000       0.00000000    
   934.250000       0.00000000    
   934.750000       0.00000000    
   935.250000       0.00000000    
   935.750000       0.00000000    
   936.250000       0.00000000    
   936.750000       0.00000000    
   937.250000       0.00000000    
   937.750000       0.00000000    
   938.250000       0.00000000    
   938.750000       0.00000000    
   939.250000       0.00000000    
   939.750000       0.00000000    
   940.250000       0.00000000    
   940.750000       0.00000000    
   941.250000       0.00000000    
   941.750000       0.00000000    
   942.250000       0.00000000    
   942.750000       0.00000000    
   943.250000       0.00000000    
   943.750000       0.00000000    
   944.250000       0.00000000    
   944.750000       0.00000000    
   945.250000       0.00000000    
   945.750000       0.00000000    
   946.250000       0.00000000    
   946.750000       0.00000000    
   947.250000       0.00000000    
   947.750000       0.00000000    
   948.250000       0.00000000    
   948.750000       0.00000000    
   949.250000       0.00000000    
   949.750000       0.00000000    
   950.250000       0.00000000    
   950.750000       0.00000000    
   951.250000       0.00000000    
   951.750000       0.00000000    
   952.250000       0.00000000    
   952.750000       0.00000000    
   953.250000       0.00000000    
   953.750000       0.00000000    
   954.250000       0.00000000    
   954.750000       0.00000000    
   955.250000       0.00000000    
   955.750000       0.00000000    
   956.250000       0.00000000    
   956.750000       0.00000000    
   957.250000       0.00000000    
   957.750000       0.00000000    
   958.250000       0.00000000    
   958.750000       0.00000000    
   959.250000       0.00000000    
   959.750000       0.00000000    
   960.250000       0.00000000    
   960.750000       0.00000000    
   961.250000       0.00000000    
   961.750000       0.00000000    
   962.250000       0.00000000    
   962.750000       0.00000000    
   963.250000       0.00000000    
   963.750000       0.00000000    
   964.250000       0.00000000    
   964.750000       0.00000000    
   965.250000       0.00000000    
   965.750000       0.00000000    
   966.250000       0.00000000    
   966.750000       0.00000000    
   967.250000       0.00000000    
   967.750000       0.00000000    
   968.250000       0.00000000    
   968.750000       0.00000000    
   969.250000       0.00000000    
   969.750000       0.00000000    
   970.250000       0.00000000    
   970.750000       0.00000000    
   971.250000       0.00000000    
   971.750000       0.00000000    
   972.250000       0.00000000    
   972.750000       0.00000000    
   973.250000       0.00000000    
   973.750000       0.00000000    
   974.250000       0.00000000    
   974.750000       0.00000000    
   975.250000       0.00000000    
   975.750000       0.00000000    
   976.250000       0.00000000    
   976.750000       0.00000000    
   977.250000       0.00000000    
   977.750000       0.00000000    
   978.250000       0.00000000    
   978.750000       0.00000000    
   979.250000       0.00000000    
   979.750000       0.00000000    
   980.250000       0.00000000    
   980.750000       0.00000000    
   981.250000       0.00000000    
   981.750000       0.00000000    
   982.250000       0.00000000    
   982.750000       0.00000000    
   983.250000       0.00000000    
   983.750000       0.00000000    
   984.250000       0.00000000    
   984.750000       0.00000000    
   985.250000       0.00000000    
   985.750000       0.00000000    
   986.250000       0.00000000    
   986.750000       0.00000000    
   987.250000       0.00000000    
   987.750000       0.00000000    
   988.250000       0.00000000    
   988.750000       0.00000000    
   989.250000       0.00000000    
   989.750000       0.00000000    
   990.250000       0.00000000    
   990.750000       0.00000000    
   991.250000       0.00000000    
   991.750000       0.00000000    
   992.250000       0.00000000    
   992.750000       0.00000000    
   993.250000       0.00000000    
   993.750000       0.00000000    
   994.250000       0.00000000    
   994.750000       0.00000000    
   995.250000       0.00000000    
   995.750000       0.00000000    
   996.250000       0.00000000    
   996.750000       0.00000000    
   997.250000       0.00000000    
   997.750000       0.00000000    
   998.250000       0.00000000    
   998.750000       0.00000000    
   999.250000       0.00000000    
   999.750000       0.00000000    
   1000.25000       0.00000000    
