   0.00000000       0.00000000    
  0.500000000      -4.61519420E-07
   1.00000000       1.89782497E-07
   1.50000000       3.37077978E-07
   2.00000000      -5.88066257E-07
   2.50000000      -4.62905689E-07
   3.00000000       1.79601017E-07
   3.50000000      -2.72422767E-07
   4.00000000      -8.25684992E-07
   4.50000000      -4.45662124E-07
   5.00000000      -8.96989789E-08
   5.50000000      -6.00238081E-07
   6.00000000      -8.59433726E-07
   6.50000000      -5.21115055E-07
   7.00000000      -3.61591020E-07
   7.50000000      -6.47403454E-07
   8.00000000      -8.37779737E-07
   8.50000000      -8.27319184E-07
   9.00000000      -5.56100474E-07
   9.50000000      -6.76288209E-07
   10.0000000      -1.20665845E-06
   10.5000000      -1.00060856E-06
   11.0000000      -3.33324323E-07
   11.5000000      -9.39159293E-07
   12.0000000      -1.63904781E-06
   12.5000000      -9.57919156E-07
   13.0000000      -4.28401620E-07
   13.5000000      -1.57841350E-06
   14.0000000      -1.74036893E-06
   14.5000000      -7.02278896E-07
   15.0000000      -9.60859893E-07
   15.5000000      -1.74274828E-06
   16.0000000      -1.48898039E-06
   16.5000000      -1.13823762E-06
   17.0000000      -1.04417131E-06
   17.5000000      -1.52612824E-06
   18.0000000      -1.92980838E-06
   18.5000000      -1.24447956E-06
   19.0000000      -7.86357532E-07
   19.5000000      -1.99078204E-06
   20.0000000      -2.21474306E-06
   20.5000000      -1.36002302E-06
   21.0000000      -1.19467131E-06
   21.5000000      -1.98645580E-06
   22.0000000      -2.37591712E-06
   22.5000000      -1.88887248E-06
   23.0000000      -1.32151376E-06
   23.5000000      -1.80531629E-06
   24.0000000      -2.76537139E-06
   24.5000000      -1.97435247E-06
   25.0000000      -1.40949476E-06
   25.5000000      -2.13314843E-06
   26.0000000      -2.66230882E-06
   26.5000000      -2.43386717E-06
   27.0000000      -1.81134260E-06
   27.5000000      -1.83982479E-06
   28.0000000      -2.95610084E-06
   28.5000000      -2.96101439E-06
   29.0000000      -2.04772914E-06
   29.5000000      -2.06329310E-06
   30.0000000      -2.78414291E-06
   30.5000000      -3.33708886E-06
   31.0000000      -2.50435005E-06
   31.5000000      -1.97733175E-06
   32.0000000      -2.53364328E-06
   32.5000000      -3.34962238E-06
   33.0000000      -2.97003521E-06
   33.5000000      -2.15233968E-06
   34.0000000      -2.23534130E-06
   34.5000000      -3.37709798E-06
   35.0000000      -3.61474554E-06
   35.5000000      -2.80823269E-06
   36.0000000      -2.29645730E-06
   36.5000000      -2.93637436E-06
   37.0000000      -3.87075215E-06
   37.5000000      -3.41463806E-06
   38.0000000      -2.46681498E-06
   38.5000000      -2.64083997E-06
   39.0000000      -3.61323464E-06
   39.5000000      -3.96469613E-06
   40.0000000      -3.22043502E-06
   40.5000000      -2.62154163E-06
   41.0000000      -3.35897494E-06
   41.5000000      -4.15775776E-06
   42.0000000      -3.98686643E-06
   42.5000000      -3.08104154E-06
   43.0000000      -2.82903534E-06
   43.5000000      -3.87974296E-06
   44.0000000      -4.48277069E-06
   44.5000000      -3.93438859E-06
   45.0000000      -3.05795470E-06
   45.5000000      -3.34069182E-06
   46.0000000      -4.28805288E-06
   46.5000000      -4.64571303E-06
   47.0000000      -3.81973496E-06
   47.5000000      -3.15271336E-06
   48.0000000      -3.67563939E-06
   48.5000000      -4.79310802E-06
   49.0000000      -4.85085866E-06
   49.5000000      -3.79672042E-06
   50.0000000      -3.32187824E-06
   50.5000000      -4.15197383E-06
   51.0000000      -4.92939125E-06
   51.5000000      -4.94807455E-06
   52.0000000      -3.92915399E-06
   52.5000000      -3.48048798E-06
   53.0000000      -4.28678413E-06
   53.5000000      -5.41547570E-06
   54.0000000      -5.08551648E-06
   54.5000000      -3.86007287E-06
   55.0000000      -3.56593182E-06
   55.5000000      -4.83126087E-06
   56.0000000      -5.70172006E-06
   56.5000000      -5.18877459E-06
   57.0000000      -4.21446975E-06
   57.5000000      -3.88197805E-06
   58.0000000      -5.00192255E-06
   58.5000000      -5.95908887E-06
   59.0000000      -5.58773263E-06
   59.5000000      -4.31801072E-06
   60.0000000      -4.00792760E-06
   60.5000000      -5.21535094E-06
   61.0000000      -6.08499067E-06
   61.5000000      -5.76617595E-06
   62.0000000      -4.39098358E-06
   62.5000000      -4.17022602E-06
   63.0000000      -5.34802894E-06
   63.5000000      -6.35766628E-06
   64.0000000      -6.06118510E-06
   64.5000000      -4.89139711E-06
   65.0000000      -4.43230419E-06
   65.5000000      -5.27072689E-06
   66.0000000      -6.31583680E-06
   66.5000000      -6.28882071E-06
   67.0000000      -5.41947247E-06
   67.5000000      -4.40906342E-06
   68.0000000      -5.32059130E-06
   68.5000000      -6.73645036E-06
   69.0000000      -6.71931411E-06
   69.5000000      -5.80530013E-06
   70.0000000      -4.70157693E-06
   70.5000000      -5.02501734E-06
   71.0000000      -6.51528535E-06
   71.5000000      -7.16852492E-06
   72.0000000      -6.42675559E-06
   72.5000000      -5.40000610E-06
   73.0000000      -5.07030154E-06
   73.5000000      -6.00581188E-06
   74.0000000      -7.43930195E-06
   74.5000000      -7.16940940E-06
   75.0000000      -5.63197591E-06
   75.5000000      -5.18957995E-06
   76.0000000      -5.78058598E-06
   76.5000000      -7.13370355E-06
   77.0000000      -7.86033070E-06
   77.5000000      -6.39568316E-06
   78.0000000      -5.29892350E-06
   78.5000000      -5.85989710E-06
   79.0000000      -6.86114254E-06
   79.5000000      -7.88075977E-06
   80.0000000      -7.67321126E-06
   80.5000000      -6.16130092E-06
   81.0000000      -5.24145526E-06
   81.5000000      -6.49515414E-06
   82.0000000      -8.07162178E-06
   82.5000000      -7.85294924E-06
   83.0000000      -7.15552005E-06
   83.5000000      -6.19906223E-06
   84.0000000      -5.83912060E-06
   84.5000000      -7.32758463E-06
   85.0000000      -8.90775209E-06
   85.5000000      -8.01202805E-06
   86.0000000      -6.39832751E-06
   86.5000000      -6.12095073E-06
   87.0000000      -6.84944644E-06
   87.5000000      -7.90082049E-06
   88.0000000      -8.93453489E-06
   88.5000000      -8.04223055E-06
   89.0000000      -6.43078465E-06
   89.5000000      -6.06075582E-06
   90.0000000      -7.59553586E-06
   90.5000000      -8.78639639E-06
   91.0000000      -8.66115624E-06
   91.5000000      -7.96491804E-06
   92.0000000      -6.61576996E-06
   92.5000000      -6.23408505E-06
   93.0000000      -7.85874181E-06
   93.5000000      -9.61803198E-06
   94.0000000      -8.96414986E-06
   94.5000000      -7.22771119E-06
   95.0000000      -6.64015170E-06
   95.5000000      -7.28633313E-06
   96.0000000      -8.36576146E-06
   96.5000000      -9.57524207E-06
   97.0000000      -9.43957639E-06
   97.5000000      -7.52159485E-06
   98.0000000      -6.23992264E-06
   98.5000000      -7.44619501E-06
   99.0000000      -9.41916642E-06
   99.5000000      -9.87646854E-06
   100.000000      -8.96492656E-06
   100.500000      -7.95299366E-06
   101.000000      -7.04638978E-06
   101.500000      -7.26231428E-06
   102.000000      -9.24997403E-06
   102.500000      -1.07357646E-05
   103.000000      -9.76543652E-06
   103.500000      -7.44507452E-06
   104.000000      -6.90298020E-06
   104.500000      -8.41179917E-06
   105.000000      -9.72806720E-06
   105.500000      -1.02597742E-05
   106.000000      -9.75863077E-06
   106.500000      -8.52624180E-06
   107.000000      -7.14894350E-06
   107.500000      -7.69702183E-06
   108.000000      -1.01928417E-05
   108.500000      -1.14184013E-05
   109.000000      -1.00204179E-05
   109.500000      -8.04928277E-06
   110.000000      -7.60907960E-06
   110.500000      -8.60588443E-06
   111.000000      -9.80750701E-06
   111.500000      -1.06957932E-05
   112.000000      -1.10530500E-05
   112.500000      -9.47154967E-06
   113.000000      -7.36375114E-06
   113.500000      -7.57762427E-06
   114.000000      -1.00553480E-05
   114.500000      -1.19377173E-05
   115.000000      -1.10045985E-05
   115.500000      -9.17638135E-06
   116.000000      -8.22088896E-06
   116.500000      -8.65470065E-06
   117.000000      -9.47579247E-06
   117.500000      -1.08428885E-05
   118.000000      -1.18303706E-05
   118.500000      -1.09581515E-05
   119.000000      -8.63972582E-06
   119.500000      -7.30659303E-06
   120.000000      -9.01892599E-06
   120.500000      -1.17504360E-05
   121.000000      -1.21714702E-05
   121.500000      -1.09085258E-05
   122.000000      -9.50025333E-06
   122.500000      -8.90852880E-06
   123.000000      -8.97016798E-06
   123.500000      -1.00243233E-05
   124.000000      -1.16186147E-05
   124.500000      -1.27077501E-05
   125.000000      -1.14295626E-05
   125.500000      -8.81513188E-06
   126.000000      -7.98036035E-06
   126.500000      -9.88423744E-06
   127.000000      -1.23781792E-05
   127.500000      -1.29439168E-05
   128.000000      -1.14070790E-05
   128.500000      -9.81920584E-06
   129.000000      -9.23764310E-06
   129.500000      -9.57721204E-06
   130.000000      -1.05854224E-05
   130.500000      -1.23563304E-05
   131.000000      -1.34589509E-05
   131.500000      -1.22108295E-05
   132.000000      -9.28573172E-06
   132.500000      -8.10704205E-06
   133.000000      -9.93423237E-06
   133.500000      -1.28015363E-05
   134.000000      -1.37326670E-05
   134.500000      -1.24036451E-05
   135.000000      -1.04898818E-05
   135.500000      -9.72890211E-06
   136.000000      -9.92425248E-06
   136.500000      -1.06617636E-05
   137.000000      -1.22204956E-05
   137.500000      -1.36056478E-05
   138.000000      -1.34098273E-05
   138.500000      -1.11918362E-05
   139.000000      -8.79847630E-06
   139.500000      -8.93790275E-06
   140.000000      -1.17826403E-05
   140.500000      -1.43633360E-05
   141.000000      -1.43451571E-05
   141.500000      -1.19378401E-05
   142.000000      -9.87902422E-06
   142.500000      -9.81709945E-06
   143.000000      -1.08163640E-05
   143.500000      -1.20441891E-05
   144.000000      -1.34144429E-05
   144.500000      -1.42809113E-05
   145.000000      -1.34517750E-05
   145.500000      -1.10801475E-05
   146.000000      -8.94781351E-06
   146.500000      -9.51883521E-06
   147.000000      -1.27433277E-05
   147.500000      -1.54608915E-05
   148.000000      -1.50892938E-05
   148.500000      -1.23557938E-05
   149.000000      -9.92944842E-06
   149.500000      -9.87332896E-06
   150.000000      -1.15421681E-05
   150.500000      -1.32115629E-05
   151.000000      -1.40873026E-05
   151.500000      -1.42802201E-05
   152.000000      -1.36459976E-05
   152.500000      -1.21146222E-05
   153.000000      -1.00341531E-05
   153.500000      -9.92799869E-06
   154.000000      -1.22026640E-05
   154.500000      -1.54299032E-05
   155.000000      -1.64563917E-05
   155.500000      -1.41200508E-05
   156.000000      -1.05853742E-05
   156.500000      -9.39123584E-06
   157.000000      -1.11813588E-05
   157.500000      -1.38979767E-05
   158.000000      -1.54198679E-05
   158.500000      -1.48617546E-05
   159.000000      -1.38301612E-05
   159.500000      -1.26804325E-05
   160.000000      -1.14546583E-05
   160.500000      -1.08803506E-05
   161.000000      -1.17476502E-05
   161.500000      -1.40919947E-05
   162.000000      -1.63923614E-05
   162.500000      -1.64307712E-05
   163.000000      -1.35504761E-05
   163.500000      -1.01805008E-05
   164.000000      -9.31460545E-06
   164.500000      -1.19105571E-05
   165.000000      -1.56335918E-05
   165.500000      -1.71102747E-05
   166.000000      -1.57288760E-05
   166.500000      -1.31575125E-05
   167.000000      -1.14412233E-05
   167.500000      -1.13225869E-05
   168.000000      -1.21955354E-05
   168.500000      -1.33868161E-05
   169.000000      -1.49658081E-05
   169.500000      -1.63292661E-05
   170.000000      -1.63275326E-05
   170.500000      -1.43067064E-05
   171.000000      -1.13197621E-05
   171.500000      -9.75195144E-06
   172.000000      -1.14573777E-05
   172.500000      -1.54021745E-05
   173.000000      -1.83518805E-05
   173.500000      -1.76771227E-05
   174.000000      -1.41828077E-05
   174.500000      -1.07824817E-05
   175.000000      -1.01036740E-05
   175.500000      -1.24660119E-05
   176.000000      -1.49970565E-05
   176.500000      -1.64782359E-05
   177.000000      -1.62994165E-05
   177.500000      -1.54994341E-05
   178.000000      -1.43519619E-05
   178.500000      -1.29260288E-05
   179.000000      -1.14875656E-05
   179.500000      -1.14349732E-05
   180.000000      -1.35526598E-05
   180.500000      -1.70804851E-05
   181.000000      -1.89549301E-05
   181.500000      -1.72649998E-05
   182.000000      -1.32494542E-05
   182.500000      -9.97749430E-06
   183.000000      -9.77366290E-06
   183.500000      -1.32827763E-05
   184.000000      -1.72949567E-05
   184.500000      -1.88570975E-05
   185.000000      -1.73901226E-05
   185.500000      -1.43810375E-05
   186.000000      -1.22685115E-05
   186.500000      -1.18850176E-05
   187.000000      -1.27260664E-05
   187.500000      -1.39976246E-05
   188.000000      -1.53685214E-05
   188.500000      -1.68673614E-05
   189.000000      -1.77802904E-05
   189.500000      -1.68382703E-05
   190.000000      -1.41170758E-05
   190.500000      -1.10964411E-05
   191.000000      -9.94215043E-06
   191.500000      -1.24320241E-05
   192.000000      -1.68100505E-05
   192.500000      -2.01511230E-05
   193.000000      -1.95477733E-05
   193.500000      -1.54803965E-05
   194.000000      -1.15145149E-05
   194.500000      -1.00143307E-05
   195.000000      -1.16770825E-05
   195.500000      -1.52474731E-05
   196.000000      -1.78660739E-05
   196.500000      -1.81739415E-05
   197.000000      -1.70218664E-05
   197.500000      -1.53501478E-05
   198.000000      -1.37793495E-05
   198.500000      -1.26698551E-05
   199.000000      -1.21774992E-05
   199.500000      -1.25242750E-05
   200.000000      -1.49057878E-05
   200.500000      -1.79683884E-05
   201.000000      -1.98293237E-05
   201.500000      -1.87411533E-05
   202.000000      -1.49998850E-05
   202.500000      -1.06010448E-05
   203.000000      -9.16925364E-06
   203.500000      -1.15034418E-05
   204.000000      -1.63700315E-05
   204.500000      -2.03426807E-05
   205.000000      -2.06922614E-05
   205.500000      -1.72875880E-05
   206.000000      -1.31049601E-05
   206.500000      -1.06990656E-05
   207.000000      -1.11308264E-05
   207.500000      -1.35145519E-05
   208.000000      -1.59367864E-05
   208.500000      -1.73528533E-05
   209.000000      -1.78800110E-05
   209.500000      -1.77037418E-05
   210.000000      -1.65525271E-05
   210.500000      -1.48109993E-05
   211.000000      -1.21865305E-05
   211.500000      -1.06872694E-05
   212.000000      -1.13691240E-05
   212.500000      -1.48085310E-05
   213.000000      -1.90205992E-05
   213.500000      -2.13971380E-05
   214.000000      -1.97518239E-05
   214.500000      -1.50378446E-05
   215.000000      -1.01817432E-05
   215.500000      -8.25810275E-06
   216.000000      -1.07587603E-05
   216.500000      -1.55353137E-05
   217.000000      -1.99109054E-05
   217.500000      -2.09067748E-05
   218.000000      -1.85572935E-05
   218.500000      -1.48212384E-05
   219.000000      -1.19324814E-05
   219.500000      -1.11141517E-05
   220.000000      -1.20742161E-05
   220.500000      -1.38090991E-05
   221.000000      -1.55100970E-05
   221.500000      -1.70207531E-05
   222.000000      -1.82335061E-05
   222.500000      -1.86707966E-05
   223.000000      -1.72714645E-05
   223.500000      -1.43736370E-05
   224.000000      -1.08413133E-05
   224.500000      -9.06709829E-06
   225.000000      -1.04798019E-05
   225.500000      -1.48907857E-05
   226.000000      -1.99981951E-05
   226.500000      -2.23271782E-05
   227.000000      -2.02319225E-05
   227.500000      -1.50571941E-05
   228.000000      -9.84317285E-06
   228.500000      -7.46889054E-06
   229.000000      -9.30843544E-06
   229.500000      -1.41301880E-05
   230.000000      -1.87343812E-05
   230.500000      -2.06838067E-05
   231.000000      -1.94426120E-05
   231.500000      -1.62314627E-05
   232.000000      -1.31062197E-05
   232.500000      -1.14682816E-05
   233.000000      -1.09691282E-05
   233.500000      -1.18015987E-05
   234.000000      -1.28563088E-05
   234.500000      -1.45552731E-05
   235.000000      -1.68638780E-05
   235.500000      -1.88928716E-05
   236.000000      -1.92976440E-05
   236.500000      -1.73014723E-05
   237.000000      -1.30061835E-05
   237.500000      -8.79813342E-06
   238.000000      -6.71448470E-06
   238.500000      -8.73208774E-06
   239.000000      -1.43798616E-05
   239.500000      -1.99314600E-05
   240.000000      -2.27121236E-05
   240.500000      -2.08882448E-05
   241.000000      -1.53051442E-05
   241.500000      -9.34631953E-06
   242.000000      -6.12818485E-06
   242.500000      -7.21284596E-06
   243.000000      -1.16521614E-05
   243.500000      -1.64267858E-05
   244.000000      -1.95036773E-05
   244.500000      -1.94201821E-05
   245.000000      -1.73017979E-05
   245.500000      -1.43754214E-05
   246.000000      -1.19393462E-05
   246.500000      -1.03431466E-05
   247.000000      -9.83971313E-06
   247.500000      -1.01094956E-05
   248.000000      -1.11498985E-05
   248.500000      -1.36263225E-05
   249.000000      -1.66019418E-05
   249.500000      -1.92438802E-05
   250.000000      -1.95787416E-05
   250.500000      -1.70367020E-05
   251.000000      -1.17693844E-05
   251.500000      -6.59663283E-06
   252.000000      -4.27090481E-06
   252.500000      -6.30600880E-06
   253.000000      -1.20290433E-05
   253.500000      -1.86237994E-05
   254.000000      -2.26006978E-05
   254.500000      -2.16000299E-05
   255.000000      -1.64446574E-05
   255.500000      -9.74300747E-06
   256.000000      -4.89072181E-06
   256.500000      -4.22804851E-06
   257.000000      -7.30305146E-06
   257.500000      -1.22800147E-05
   258.000000      -1.65873116E-05
   258.500000      -1.83875600E-05
   259.000000      -1.77059628E-05
   259.500000      -1.54595782E-05
   260.000000      -1.27291851E-05
   260.500000      -1.05353274E-05
   261.000000      -8.76730519E-06
   261.500000      -7.60186413E-06
   262.000000      -7.28544001E-06
   262.500000      -8.38831329E-06
   263.000000      -1.12570033E-05
   263.500000      -1.51886479E-05
   264.000000      -1.86992202E-05
   264.500000      -1.95331941E-05
   265.000000      -1.70116145E-05
   265.500000      -1.13421775E-05
   266.000000      -5.02125022E-06
   266.500000      -1.17569175E-06
   267.000000      -1.88344166E-06
   267.500000      -7.17442254E-06
   268.000000      -1.44493933E-05
   268.500000      -2.03603922E-05
   269.000000      -2.21329537E-05
   269.500000      -1.89278780E-05
   270.000000      -1.21916182E-05
   270.500000      -5.49702327E-06
   271.000000      -1.51521340E-06
   271.500000      -1.80959796E-06
   272.000000      -5.69046097E-06
   272.500000      -1.09692310E-05
   273.000000      -1.51715813E-05
   273.500000      -1.69737614E-05
   274.000000      -1.63483746E-05
   274.500000      -1.42096906E-05
   275.000000      -1.14814684E-05
   275.500000      -8.99710085E-06
   276.000000      -7.01077079E-06
   276.500000      -5.23918470E-06
   277.000000      -4.32768320E-06
   277.500000      -4.80273638E-06
   278.000000      -7.26231337E-06
   278.500000      -1.14550276E-05
   279.000000      -1.61051539E-05
   279.500000      -1.88862323E-05
   280.000000      -1.83724405E-05
   280.500000      -1.36583421E-05
   281.000000      -6.55049553E-06
   281.500000       1.92693278E-07
   282.000000       3.12472548E-06
   282.500000       9.64968876E-07
   283.000000      -5.56880150E-06
   283.500000      -1.36165963E-05
   284.000000      -1.99290498E-05
   284.500000      -2.12488903E-05
   285.000000      -1.76895446E-05
   285.500000      -1.04656410E-05
   286.000000      -3.00410829E-06
   286.500000       1.71961892E-06
   287.000000       2.08899382E-06
   287.500000      -1.42819044E-06
   288.000000      -6.76816671E-06
   288.500000      -1.16960136E-05
   289.000000      -1.45472150E-05
   289.500000      -1.50795313E-05
   290.000000      -1.35971468E-05
   290.500000      -1.13057049E-05
   291.000000      -8.65390302E-06
   291.500000      -6.01152033E-06
   292.000000      -3.45202989E-06
   292.500000      -1.23826044E-06
   293.000000      -1.21960525E-07
   293.500000      -1.05723973E-06
   294.000000      -4.36078335E-06
   294.500000      -9.68116456E-06
   295.000000      -1.52152697E-05
   295.500000      -1.84499459E-05
   296.000000      -1.76860103E-05
   296.500000      -1.26765699E-05
   297.000000      -4.69894530E-06
   297.500000       3.10723021E-06
   298.000000       7.45369971E-06
   298.500000       6.80222456E-06
   299.000000       5.37649839E-07
   299.500000      -8.30762110E-06
   300.000000      -1.66185964E-05
   300.500000      -2.09659429E-05
   301.000000      -1.95438406E-05
   301.500000      -1.35306118E-05
   302.000000      -5.11622966E-06
   302.500000       2.29086072E-06
   303.000000       6.05637888E-06
   303.500000       5.65451592E-06
   304.000000       1.36707968E-06
   304.500000      -4.30925411E-06
   305.000000      -9.39460097E-06
   305.500000      -1.24423086E-05
   306.000000      -1.31445177E-05
   306.500000      -1.23400332E-05
   307.000000      -1.00894804E-05
   307.500000      -7.61040656E-06
   308.000000      -4.58851810E-06
   308.500000      -1.45763954E-06
   309.000000       1.49820119E-06
   309.500000       3.67620896E-06
   310.000000       4.12035297E-06
   310.500000       1.64073390E-06
   311.000000      -3.53036216E-06
   311.500000      -1.01754194E-05
   312.000000      -1.62794495E-05
   312.500000      -1.87830374E-05
   313.000000      -1.67995750E-05
   313.500000      -9.72135058E-06
   314.000000      -6.24381528E-07
   314.500000       8.18684293E-06
   315.000000       1.30368035E-05
   315.500000       1.18705284E-05
   316.000000       5.16575619E-06
   316.500000      -4.70421901E-06
   317.000000      -1.44261994E-05
   317.500000      -2.03364871E-05
   318.000000      -2.05698325E-05
   318.500000      -1.50854476E-05
   319.000000      -6.54438190E-06
   319.500000       2.31376885E-06
   320.000000       8.51050299E-06
   320.500000       1.04490937E-05
   321.000000       8.16767897E-06
   321.500000       2.94727988E-06
   322.000000      -2.97632505E-06
   322.500000      -8.01682108E-06
   323.000000      -1.09409257E-05
   323.500000      -1.19644674E-05
   324.000000      -1.11685486E-05
   324.500000      -9.47173794E-06
   325.000000      -6.92519507E-06
   325.500000      -3.80357142E-06
   326.000000       6.29473789E-08
   326.500000       4.35199217E-06
   327.000000       7.84702752E-06
   327.500000       9.38594530E-06
   328.000000       7.58001443E-06
   328.500000       2.49497543E-06
   329.000000      -5.09028177E-06
   329.500000      -1.32211444E-05
   330.000000      -1.88237882E-05
   330.500000      -2.01114945E-05
   331.000000      -1.58031671E-05
   331.500000      -6.67506083E-06
   332.000000       4.40975100E-06
   332.500000       1.40501434E-05
   333.000000       1.89116417E-05
   333.500000       1.72689797E-05
   334.000000       9.65784693E-06
   334.500000      -1.65438996E-06
   335.000000      -1.26669620E-05
   335.500000      -2.03049349E-05
   336.000000      -2.20760776E-05
   336.500000      -1.80066309E-05
   337.000000      -9.56199347E-06
   337.500000       4.18329364E-07
   338.000000       8.62477646E-06
   338.500000       1.34265974E-05
   339.000000       1.36576573E-05
   339.500000       1.02130944E-05
   340.000000       4.96058374E-06
   340.500000      -8.57824716E-07
   341.000000      -5.82150506E-06
   341.500000      -9.14612065E-06
   342.000000      -1.08958975E-05
   342.500000      -1.15588646E-05
   343.000000      -1.08718086E-05
   343.500000      -9.05179786E-06
   344.000000      -5.64361744E-06
   344.500000      -6.61322474E-07
   345.000000       5.30928446E-06
   345.500000       1.12144198E-05
   346.000000       1.50664700E-05
   346.500000       1.53317778E-05
   347.000000       1.11460104E-05
   347.500000       2.88435649E-06
   348.000000      -7.64857577E-06
   348.500000      -1.72704113E-05
   349.000000      -2.34335057E-05
   349.500000      -2.36835858E-05
   350.000000      -1.74379893E-05
   350.500000      -6.18908598E-06
   351.000000       7.08560992E-06
   351.500000       1.85179051E-05
   352.000000       2.48302476E-05
   352.500000       2.42158058E-05
   353.000000       1.68093484E-05
   353.500000       4.96849680E-06
   354.000000      -7.81426024E-06
   354.500000      -1.82950407E-05
   355.000000      -2.35927473E-05
   355.500000      -2.29163270E-05
   356.000000      -1.66332211E-05
   356.500000      -7.36325319E-06
   357.000000       2.35317248E-06
   357.500000       1.04720220E-05
   358.000000       1.51508484E-05
   358.500000       1.60607360E-05
   359.000000       1.38061041E-05
   359.500000       9.65596519E-06
   360.000000       4.55381178E-06
   360.500000      -3.21624611E-07
   361.000000      -4.84888096E-06
   361.500000      -8.91219770E-06
   362.000000      -1.22641031E-05
   362.500000      -1.45447993E-05
   363.000000      -1.50412307E-05
   363.500000      -1.30507906E-05
   364.000000      -7.92694846E-06
   364.500000      -1.76850335E-07
   365.000000       9.07342474E-06
   365.500000       1.77015463E-05
   366.000000       2.35196894E-05
   366.500000       2.42163514E-05
   367.000000       1.91477520E-05
   367.500000       8.50260767E-06
   368.000000      -4.97153087E-06
   368.500000      -1.84216042E-05
   369.000000      -2.80996119E-05
   369.500000      -3.13557430E-05
   370.000000      -2.71560693E-05
   370.500000      -1.61748758E-05
   371.000000      -9.56609256E-07
   371.500000       1.43718553E-05
   372.000000       2.61870864E-05
   372.500000       3.17517370E-05
   373.000000       2.98903997E-05
   373.500000       2.15006003E-05
   374.000000       8.71941575E-06
   374.500000      -5.16792579E-06
   375.000000      -1.67541330E-05
   375.500000      -2.38602152E-05
   376.000000      -2.53729668E-05
   376.500000      -2.17716843E-05
   377.000000      -1.46986540E-05
   377.500000      -5.96226346E-06
   378.000000       2.60410684E-06
   378.500000       9.52141636E-06
   379.000000       1.41392939E-05
   379.500000       1.66248810E-05
   380.000000       1.73975568E-05
   380.500000       1.63439508E-05
   381.000000       1.38468749E-05
   381.500000       9.69353187E-06
   382.000000       3.85718886E-06
   382.500000      -3.47481296E-06
   383.000000      -1.16572264E-05
   383.500000      -1.93714477E-05
   384.000000      -2.48482338E-05
   384.500000      -2.60841916E-05
   385.000000      -2.24044325E-05
   385.500000      -1.34977981E-05
   386.000000      -3.44979981E-07
   386.500000       1.44496489E-05
   387.000000       2.76694172E-05
   387.500000       3.62794926E-05
   388.000000       3.79255725E-05
   388.500000       3.15370817E-05
   389.000000       1.81561518E-05
   389.500000       6.30545401E-07
   390.000000      -1.74409597E-05
   390.500000      -3.20369545E-05
   391.000000      -4.00982717E-05
   391.500000      -3.99231903E-05
   392.000000      -3.16396581E-05
   392.500000      -1.71566553E-05
   393.000000       3.74779120E-07
   393.500000       1.70282419E-05
   394.000000       2.96558701E-05
   394.500000       3.62067949E-05
   395.000000       3.56816308E-05
   395.500000       2.92537934E-05
   396.000000       1.83819539E-05
   396.500000       5.99642544E-06
   397.000000      -5.86102806E-06
   397.500000      -1.48855725E-05
   398.000000      -2.12300711E-05
   398.500000      -2.39408764E-05
   399.000000      -2.36235592E-05
   399.500000      -2.09312420E-05
   400.000000      -1.67404287E-05
   400.500000      -1.10511628E-05
   401.000000      -4.28073054E-06
   401.500000       3.30077410E-06
   402.000000       1.18704938E-05
   402.500000       2.04570970E-05
   403.000000       2.77197996E-05
   403.500000       3.23787499E-05
   404.000000       3.29067334E-05
   404.500000       2.79680298E-05
   405.000000       1.77950897E-05
   405.500000       3.25251813E-06
   406.000000      -1.37249499E-05
   406.500000      -3.02204171E-05
   407.000000      -4.23829588E-05
   407.500000      -4.80303606E-05
   408.000000      -4.51648848E-05
   408.500000      -3.40013139E-05
   409.000000      -1.58466028E-05
   409.500000       5.84556074E-06
   410.000000       2.73248133E-05
   410.500000       4.46148479E-05
   411.000000       5.44066861E-05
   411.500000       5.48780154E-05
   412.000000       4.62435819E-05
   412.500000       2.96984381E-05
   413.000000       9.11954521E-06
   413.500000      -1.23939126E-05
   414.000000      -3.07659175E-05
   414.500000      -4.32430425E-05
   415.000000      -4.81209900E-05
   415.500000      -4.53688845E-05
   416.000000      -3.63392792E-05
   416.500000      -2.28006666E-05
   417.000000      -7.63623757E-06
   417.500000       6.99887369E-06
   418.000000       1.89742805E-05
   418.500000       2.78382722E-05
   419.000000       3.29874783E-05
   419.500000       3.48806570E-05
   420.000000       3.37407073E-05
   420.500000       3.02553963E-05
   421.000000       2.48643883E-05
   421.500000       1.75025998E-05
   422.000000       8.01275837E-06
   422.500000      -3.05419098E-06
   423.000000      -1.53217534E-05
   423.500000      -2.77943163E-05
   424.000000      -3.87293403E-05
   424.500000      -4.62696953E-05
   425.000000      -4.88213409E-05
   425.500000      -4.47356033E-05
   426.000000      -3.35927143E-05
   426.500000      -1.59842475E-05
   427.000000       5.69700387E-06
   427.500000       2.89417385E-05
   428.000000       4.97063229E-05
   428.500000       6.49569192E-05
   429.000000       7.13994086E-05
   429.500000       6.75873598E-05
   430.000000       5.39255780E-05
   430.500000       3.16417427E-05
   431.000000       4.31797980E-06
   431.500000      -2.39288092E-05
   432.000000      -4.89470258E-05
   432.500000      -6.69089495E-05
   433.000000      -7.52666529E-05
   433.500000      -7.29265739E-05
   434.000000      -6.07425245E-05
   434.500000      -4.10172506E-05
   435.000000      -1.64707508E-05
   435.500000       8.98066173E-06
   436.000000       3.16945952E-05
   436.500000       4.92190993E-05
   437.000000       5.98006118E-05
   437.500000       6.30653594E-05
   438.000000       5.94994490E-05
   438.500000       5.03696210E-05
   439.000000       3.75554228E-05
   439.500000       2.28175195E-05
   440.000000       7.79063703E-06
   440.500000      -6.79837058E-06
   441.000000      -2.01914627E-05
   441.500000      -3.18730235E-05
   442.000000      -4.21225996E-05
   442.500000      -4.99389571E-05
   443.000000      -5.48418575E-05
   443.500000      -5.64099610E-05
   444.000000      -5.33780985E-05
   444.500000      -4.53012435E-05
   445.000000      -3.14494901E-05
   445.500000      -1.22653919E-05
   446.000000       1.09293596E-05
   446.500000       3.58369798E-05
   447.000000       5.96047175E-05
   447.500000       7.90641716E-05
   448.000000       9.13273470E-05
   448.500000       9.37241857E-05
   449.000000       8.52972516E-05
   449.500000       6.62554521E-05
   450.000000       3.77352844E-05
   450.500000       3.53103314E-06
   451.000000      -3.25544715E-05
   451.500000      -6.59488505E-05
   452.000000      -9.25670829E-05
   452.500000      -1.09049884E-04
   453.000000      -1.12869122E-04
   453.500000      -1.04023769E-04
   454.000000      -8.34168386E-05
   454.500000      -5.38638415E-05
   455.000000      -1.90675364E-05
   455.500000       1.70037074E-05
   456.000000       5.01584036E-05
   456.500000       7.69658509E-05
   457.000000       9.49495952E-05
   457.500000       1.02905622E-04
   458.000000       1.01246558E-04
   458.500000       9.08662259E-05
   459.000000       7.38470626E-05
   459.500000       5.24177376E-05
   460.000000       2.87527637E-05
   460.500000       4.89445756E-06
   461.000000      -1.76940302E-05
   461.500000      -3.80542115E-05
   462.000000      -5.56135128E-05
   462.500000      -7.01198223E-05
   463.000000      -8.12972430E-05
   463.500000      -8.86376583E-05
   464.000000      -9.17145662E-05
   464.500000      -8.97286227E-05
   465.000000      -8.19199558E-05
   465.500000      -6.76250056E-05
   466.000000      -4.66344136E-05
   466.500000      -1.95557986E-05
   467.000000       1.24520302E-05
   467.500000       4.72371321E-05
   468.000000       8.18960179E-05
   468.500000       1.12986832E-04
   469.000000       1.36874194E-04
   469.500000       1.50375854E-04
   470.000000       1.51358036E-04
   470.500000       1.38292031E-04
   471.000000       1.11916343E-04
   471.500000       7.36062502E-05
   472.000000       2.67264786E-05
   472.500000      -2.43407449E-05
   473.000000      -7.50601321E-05
   473.500000      -1.20501012E-04
   474.000000      -1.55753587E-04
   474.500000      -1.78215705E-04
   475.000000      -1.85241530E-04
   475.500000      -1.76591202E-04
   476.000000      -1.53520115E-04
   476.500000      -1.18000891E-04
   477.000000      -7.39734678E-05
   477.500000      -2.55960931E-05
   478.000000       2.33311421E-05
   478.500000       6.87262072E-05
   479.000000       1.07319822E-04
   479.500000       1.36835370E-04
   480.000000       1.56505455E-04
   480.500000       1.65590362E-04
   481.000000       1.65088262E-04
   481.500000       1.55856920E-04
   482.000000       1.39450829E-04
   482.500000       1.17333424E-04
   483.000000       9.07117283E-05
   483.500000       6.06314788E-05
   484.000000       2.79961514E-05
   484.500000      -6.74492549E-06
   485.000000      -4.26347542E-05
   485.500000      -7.90696868E-05
   486.000000      -1.14624592E-04
   486.500000      -1.47778570E-04
   487.000000      -1.76741552E-04
   487.500000      -1.99169590E-04
   488.000000      -2.12465166E-04
   488.500000      -2.14648273E-04
   489.000000      -2.03779709E-04
   489.500000      -1.78976436E-04
   490.000000      -1.40419215E-04
   490.500000      -8.90618830E-05
   491.000000      -2.75436796E-05
   491.500000       4.04080711E-05
   492.000000       1.10426394E-04
   492.500000       1.77512440E-04
   493.000000       2.36270906E-04
   493.500000       2.82518304E-04
   494.000000       3.11971933E-04
   494.500000       3.22329637E-04
   495.000000       3.12153716E-04
   495.500000       2.81904271E-04
   496.000000       2.33708357E-04
   496.500000       1.70768675E-04
   497.000000       9.74060968E-05
   497.500000       1.86793222E-05
   498.000000      -6.04383822E-05
   498.500000      -1.34870876E-04
   499.000000      -2.00740047E-04
   499.500000      -2.54771265E-04
   500.000000      -2.94690748E-04
   500.500000      -3.19544255E-04
   501.000000      -3.29098722E-04
   501.500000      -3.24604189E-04
   502.000000      -3.07284849E-04
   502.500000      -2.79142783E-04
   503.000000      -2.41961112E-04
   503.500000      -1.97607718E-04
   504.000000      -1.47834595E-04
   504.500000      -9.38963130E-05
   505.000000      -3.69227964E-05
   505.500000       2.29268935E-05
   506.000000       8.40514258E-05
   506.500000       1.46197403E-04
   507.000000       2.08008481E-04
   507.500000       2.67856347E-04
   508.000000       3.23531654E-04
   508.500000       3.72970244E-04
   509.000000       4.13195899E-04
   509.500000       4.41158802E-04
   510.000000       4.53814195E-04
   510.500000       4.48918814E-04
   511.000000       4.24732600E-04
   511.500000       3.79968609E-04
   512.000000       3.15164274E-04
   512.500000       2.31519778E-04
   513.000000       1.32172529E-04
   513.500000       2.07862031E-05
   514.000000      -9.79281322E-05
   514.500000      -2.18544694E-04
   515.000000      -3.35183402E-04
   515.500000      -4.42249671E-04
   516.000000      -5.34249237E-04
   516.500000      -6.06950314E-04
   517.000000      -6.57114899E-04
   517.500000      -6.82402344E-04
   518.000000      -6.82061887E-04
   518.500000      -6.56688644E-04
   519.000000      -6.08129427E-04
   519.500000      -5.38882276E-04
   520.000000      -4.52606357E-04
   520.500000      -3.53349431E-04
   521.000000      -2.45333620E-04
   521.500000      -1.32284025E-04
   522.000000      -1.82704171E-05
   522.500000       9.38661979E-05
   523.000000       2.01276212E-04
   523.500000       3.02677741E-04
   524.000000       3.96313408E-04
   524.500000       4.82000643E-04
   525.000000       5.59493958E-04
   525.500000       6.28470909E-04
   526.000000       6.89614913E-04
   526.500000       7.42048316E-04
   527.000000       7.85305165E-04
   527.500000       8.18829983E-04
   528.000000       8.40797729E-04
   528.500000       8.49896285E-04
   529.000000       8.43860791E-04
   529.500000       8.20518064E-04
   530.000000       7.78144575E-04
   530.500000       7.14831462E-04
   531.000000       6.29671151E-04
   531.500000       5.22404502E-04
   532.000000       3.93409748E-04
   532.500000       2.44743103E-04
   533.000000       7.86594610E-05
   533.500000      -1.01151942E-04
   534.000000      -2.90478638E-04
   534.500000      -4.84267657E-04
   535.000000      -6.77199219E-04
   535.500000      -8.63939524E-04
   536.000000      -1.03976065E-03
   536.500000      -1.19978806E-03
   537.000000      -1.33983628E-03
   537.500000      -1.45686849E-03
   538.000000      -1.54888898E-03
   538.500000      -1.61455153E-03
   539.000000      -1.65382761E-03
   539.500000      -1.66778173E-03
   540.000000      -1.65808108E-03
   540.500000      -1.62737095E-03
   541.000000      -1.57822075E-03
   541.500000      -1.51431689E-03
   542.000000      -1.43894460E-03
   542.500000      -1.35509029E-03
   543.000000      -1.26560812E-03
   543.500000      -1.17259508E-03
   544.000000      -1.07747701E-03
   544.500000      -9.81117948E-04
   545.000000      -8.83063010E-04
   545.500000      -7.82382849E-04
   546.000000      -6.77411328E-04
   546.500000      -5.65657916E-04
   547.000000      -4.44022706E-04
   547.500000      -3.09338182E-04
   548.000000      -1.58619965E-04
   548.500000       1.16878073E-05
   549.000000       2.03994365E-04
   549.500000       4.20513970E-04
   550.000000       6.62858714E-04
   550.500000       9.31238057E-04
   551.000000       1.22555322E-03
   551.500000       1.54437602E-03
   552.000000       1.88516045E-03
   552.500000       2.24477984E-03
   553.000000       2.61916616E-03
   553.500000       3.00330203E-03
   554.000000       3.39208543E-03
   554.500000       3.78016313E-03
   555.000000       4.16248152E-03
   555.500000       4.53428505E-03
   556.000000       4.89155157E-03
   556.500000       5.23083890E-03
   557.000000       5.55059034E-03
   557.500000       5.85003383E-03
   558.000000       6.12984318E-03
   558.500000       6.39234390E-03
   559.000000       6.64126407E-03
   559.500000       6.88137161E-03
   560.000000       7.11813523E-03
   560.500000       7.35835312E-03
   561.000000       7.60867726E-03
   561.500000       7.87616987E-03
   562.000000       8.16728175E-03
   562.500000       8.48797616E-03
   563.000000       8.84299353E-03
   563.500000       9.23564285E-03
   564.000000       9.66792274E-03
   564.500000       1.01394923E-02
   565.000000       1.06486343E-02
   565.500000       1.11910105E-02
   566.000000       1.17609240E-02
   566.500000       1.23499371E-02
   567.000000       1.29487785E-02
   567.500000       1.35469306E-02
   568.000000       1.41329141E-02
   568.500000       1.46951014E-02
   569.000000       1.52227869E-02
   569.500000       1.57060120E-02
   570.000000       1.61368512E-02
   570.500000       1.65099297E-02
   571.000000       1.68227032E-02
   571.500000       1.70761682E-02
   572.000000       1.72744691E-02
   572.500000       1.74249317E-02
   573.000000       1.75386425E-02
   573.500000       1.76290926E-02
   574.000000       1.77119356E-02
   574.500000       1.78040694E-02
   575.000000       1.79235563E-02
   575.500000       1.80880465E-02
   576.000000       1.83138866E-02
   576.500000       1.86162405E-02
   577.000000       1.90075543E-02
   577.500000       1.94971412E-02
   578.000000       2.00895704E-02
   578.500000       2.07853429E-02
   579.000000       2.15796139E-02
   579.500000       2.24618334E-02
   580.000000       2.34158095E-02
   580.500000       2.44191885E-02
   581.000000       2.54451521E-02
   581.500000       2.64619607E-02
   582.000000       2.74354909E-02
   582.500000       2.83301640E-02
   583.000000       2.91122086E-02
   583.500000       2.97510698E-02
   584.000000       3.02227344E-02
   584.500000       3.05109061E-02
   585.000000       3.06101535E-02
   585.500000       3.05252168E-02
   586.000000       3.02725043E-02
   586.500000       2.98789870E-02
   587.000000       2.93803737E-02
   587.500000       2.88194157E-02
   588.000000       2.82444488E-02
   588.500000       2.77060661E-02
   589.000000       2.72548888E-02
   589.500000       2.69407276E-02
   590.000000       2.68099476E-02
   590.500000       2.69036926E-02
   591.000000       2.72571165E-02
   591.500000       2.78980676E-02
   592.000000       2.88439877E-02
   592.500000       3.01004723E-02
   593.000000       3.16590220E-02
   593.500000       3.34939547E-02
   594.000000       3.55595350E-02
   594.500000       3.77899334E-02
   595.000000       4.00969572E-02
   595.500000       4.23736535E-02
   596.000000       4.44985665E-02
   596.500000       4.63447459E-02
   597.000000       4.77902256E-02
   597.500000       4.87314053E-02
   598.000000       4.90946285E-02
   598.500000       4.88459021E-02
   599.000000       4.79966141E-02
   599.500000       4.66018505E-02
   600.000000       4.47553135E-02
   600.500000       4.25787903E-02
   601.000000       4.02105823E-02
   601.500000       3.77934277E-02
   602.000000       3.54657173E-02
   602.500000       3.33551317E-02
   603.000000       3.15760374E-02
   603.500000       3.02279331E-02
   604.000000       2.93981023E-02
   604.500000       2.91632637E-02
   605.000000       2.95902491E-02
   605.500000       3.07368450E-02
   606.000000       3.26485112E-02
   606.500000       3.53517979E-02
   607.000000       3.88444066E-02
   607.500000       4.30805273E-02
   608.000000       4.79538701E-02
   608.500000       5.32813631E-02
   609.000000       5.87934107E-02
   609.500000       6.41357675E-02
   610.000000       6.88922033E-02
   610.500000       7.26306364E-02
   611.000000       7.49659762E-02
   611.500000       7.56280050E-02
   612.000000       7.45170340E-02
   612.500000       7.17238113E-02
   613.000000       6.75097704E-02
   613.500000       6.22562431E-02
   614.000000       5.63954860E-02
   614.500000       5.03473505E-02
   615.000000       4.44748811E-02
   615.500000       3.90617587E-02
   616.000000       3.43114287E-02
   616.500000       3.03598158E-02
   617.000000       2.72941664E-02
   617.500000       2.51747146E-02
   618.000000       2.40528043E-02
   618.500000       2.39857398E-02
   619.000000       2.50472296E-02
   619.500000       2.73300875E-02
   620.000000       3.09417099E-02
   620.500000       3.59894298E-02
   621.000000       4.25502323E-02
   621.500000       5.06241918E-02
   622.000000       6.00704253E-02
   622.500000       7.05350041E-02
   623.000000       8.13912973E-02
   623.500000       9.17283669E-02
   624.000000      0.100432344    
   624.500000      0.106373087    
   625.000000      0.108671270    
   625.500000      0.106946312    
   626.000000      0.101433039    
   626.500000       9.29077864E-02
   627.000000       8.24598894E-02
   627.500000       7.12204874E-02
   628.000000       6.01505823E-02
   628.500000       4.99356762E-02
   629.000000       4.09814604E-02
   629.500000       3.34652513E-02
   630.000000       2.74112280E-02
   630.500000       2.27585658E-02
   631.000000       1.94182377E-02
   631.500000       1.73113532E-02
   632.000000       1.63943861E-02
   632.500000       1.66780315E-02
   633.000000       1.82366632E-02
   633.500000       2.12138426E-02
   634.000000       2.58208737E-02
   634.500000       3.23220566E-02
   635.000000       4.09991480E-02
   635.500000       5.20787202E-02
   636.000000       6.56143874E-02
   636.500000       8.13151449E-02
   637.000000       9.83535498E-02
   637.500000      0.115233086    
   638.000000      0.129852682    
   638.500000      0.139890507    
   639.000000      0.143476844    
   639.500000      0.139879167    
   640.000000      0.129799813    
   640.500000      0.115087382    
   641.000000       9.80567187E-02
   641.500000       8.08105096E-02
   642.000000       6.48494661E-02
   642.500000       5.10023385E-02
   643.000000       3.95561680E-02
   643.500000       3.04483045E-02
   644.000000       2.34376825E-02
   644.500000       1.82267074E-02
   645.000000       1.45334685E-02
   645.500000       1.21319424E-02
   646.000000       1.08708199E-02
   646.500000       1.06827877E-02
   647.000000       1.15913255E-02
   647.500000       1.37174204E-02
   648.000000       1.72881335E-02
   648.500000       2.26418655E-02
   649.000000       3.02256588E-02
   649.500000       4.05663811E-02
   650.000000       5.41893020E-02
   650.500000       7.14517087E-02
   651.000000       9.22584981E-02
   651.500000      0.115673415    
   652.000000      0.139559209    
   652.500000      0.160541043    
   653.000000      0.174650311    
   653.500000      0.178686485    
   654.000000      0.171650141    
   654.500000      0.155240864    
   655.000000      0.133022472    
   655.500000      0.108908594    
   656.000000       8.59638378E-02
   656.500000       6.59689084E-02
   657.000000       4.95831668E-02
   657.500000       3.67339589E-02
   658.000000       2.69832276E-02
   658.500000       1.97775457E-02
   659.000000       1.45873483E-02
   659.500000       1.09697878E-02
   660.000000       8.58838297E-03
   660.500000       7.21329404E-03
   661.000000       6.71542948E-03
   661.500000       7.06353504E-03
   662.000000       8.32558610E-03
   662.500000       1.06787290E-02
   663.000000       1.44264977E-02
   663.500000       2.00189278E-02
   664.000000       2.80710980E-02
   664.500000       3.93577069E-02
   665.000000       5.47485650E-02
   665.500000       7.50228018E-02
   666.000000      0.100485474    
   666.500000      0.130342126    
   667.000000      0.161967605    
   667.500000      0.190561131    
   668.000000      0.209977508    
   668.500000      0.215061784    
   669.000000      0.204330146    
   669.500000      0.180840597    
   670.000000      0.150443867    
   670.500000      0.118991621    
   671.000000       9.05072242E-02
   671.500000       6.68706596E-02
   672.000000       4.83863316E-02
   672.500000       3.45106386E-02
   673.000000       2.43906267E-02
   673.500000       1.71669386E-02
   674.000000       1.21047609E-02
   674.500000       8.63039121E-03
   675.000000       6.32337341E-03
   675.500000       4.89416160E-03
   676.000000       4.16282378E-03
   676.500000       4.04234463E-03
   677.000000       4.53249924E-03
   677.500000       5.72201470E-03
   678.000000       7.80284218E-03
   678.500000       1.10952798E-02
   679.000000       1.60837136E-02
   679.500000       2.34604925E-02
   680.000000       3.41611654E-02
   680.500000       4.93588299E-02
   681.000000       7.03428537E-02
   681.500000       9.81603712E-02
   682.000000      0.132866368    
   682.500000      0.172361806    
   683.000000      0.211279750    
   683.500000      0.241191447    
   684.000000      0.253488064    
   684.500000      0.244092762    
   685.000000      0.216146395    
   685.500000      0.177914977    
   686.000000      0.138089150    
   686.500000      0.102520093    
   687.000000       7.37031996E-02
   687.500000       5.18024676E-02
   688.000000       3.58502157E-02
   688.500000       2.45576389E-02
   689.000000       1.67188402E-02
   689.500000       1.13550285E-02
   690.000000       7.73056317E-03
   690.500000       5.31858625E-03
   691.000000       3.75558459E-03
   691.500000       2.80185533E-03
   692.000000       2.31106835E-03
   692.500000       2.21132510E-03
   693.000000       2.49569537E-03
   693.500000       3.22304666E-03
   694.000000       4.52905102E-03
   694.500000       6.64980663E-03
   695.000000       9.95871797E-03
   695.500000       1.50201479E-02
   696.000000       2.26578787E-02
   696.500000       3.40258069E-02
   697.000000       5.06427363E-02
   697.500000       7.42984638E-02
   698.000000      0.106644884    
   698.500000      0.148206592    
   699.000000      0.196651831    
   699.500000      0.244906306    
   700.000000      0.281197220    
   700.500000      0.293550044    
   701.000000      0.277278960    
   701.500000      0.238490731    
   702.000000      0.189575553    
   702.500000      0.141796559    
   703.000000      0.101482078    
   703.500000       7.04334900E-02
   704.000000       4.78768647E-02
   704.500000       3.20953950E-02
   705.000000       2.13212296E-02
   705.500000       1.40829263E-02
   706.000000       9.27276351E-03
   706.500000       6.10203808E-03
   707.000000       4.02828958E-03
   707.500000       2.68689403E-03
   708.000000       1.83855218E-03
   708.500000       1.33082992E-03
   709.000000       1.07293681E-03
   709.500000       1.02052954E-03
   710.000000       1.16832869E-03
   710.500000       1.54997408E-03
   711.000000       2.24592444E-03
   711.500000       3.39937583E-03
   712.000000       5.24398172E-03
   712.500000       8.14793445E-03
   713.000000       1.26780998E-02
   713.500000       1.96891166E-02
   714.000000       3.04317921E-02
   714.500000       4.66539674E-02
   715.000000       7.06037804E-02
   715.500000      0.104725644    
   716.000000      0.150664628    
   716.500000      0.207135499    
   717.000000      0.266912252    
   717.500000      0.315439671    
   718.000000      0.335653812    
   718.500000      0.319065779    
   719.000000      0.272700936    
   719.500000      0.213297650    
   720.000000      0.156029180    
   720.500000      0.108875483    
   721.000000       7.35887289E-02
   721.500000       4.87044193E-02
   722.000000       3.17975618E-02
   722.500000       2.05775537E-02
   723.000000       1.32415229E-02
   723.500000       8.49005021E-03
   724.000000       5.43097826E-03
   724.500000       3.46900360E-03
   725.000000       2.21371953E-03
   725.500000       1.41182134E-03
   726.000000       9.00058541E-04
   726.500000       5.73661819E-04
   727.000000       3.65572632E-04
   727.500000       2.32942359E-04
   728.000000       1.48421197E-04
   728.500000       9.45640277E-05
   729.000000       6.02483233E-05
   729.500000       3.83845982E-05
   730.000000       2.44548246E-05
   730.500000       1.55800662E-05
   731.000000       9.92595415E-06
   731.500000       6.32374258E-06
   732.000000       4.02879778E-06
   732.500000       2.56670705E-06
   733.000000       1.63522282E-06
   733.500000       1.04178355E-06
   734.000000       6.63709386E-07
   734.500000       4.22842305E-07
   735.000000       2.69388437E-07
   735.500000       1.71624592E-07
   736.000000       1.09340277E-07
   736.500000       6.96595919E-08
   737.000000       4.43794335E-08
   737.500000       2.82737034E-08
   738.000000       1.80129049E-08
   738.500000       1.14758514E-08
   739.000000       7.31115746E-09
   739.500000       4.65787142E-09
   740.000000       2.96748803E-09
   740.500000       1.89056060E-09
   741.000000       1.20445987E-09
   741.500000       7.67351238E-10
   742.000000       4.88873109E-10
   742.500000       3.11457082E-10
   743.000000       1.98426872E-10
   743.500000       1.26416239E-10
   744.000000       8.05388325E-11
   744.500000       5.13107057E-11
   745.000000       3.26896878E-11
   745.500000       2.08263788E-11
   746.000000       1.32683482E-11
   746.500000       8.45318000E-12
   747.000000       5.38546898E-12
   747.500000       3.43105058E-12
   748.000000       2.18590293E-12
   748.500000       1.39262701E-12
   749.000000       8.87235489E-13
   749.500000       5.65253465E-13
   750.000000       3.60120354E-13
   750.500000       2.29431112E-13
   751.000000       1.46169643E-13
   751.500000       9.31241304E-14
   752.000000       5.93290675E-14
   752.500000       3.77983608E-14
   753.000000       2.40812314E-14
   753.500000       1.53420943E-14
   754.000000       9.77441462E-15
   754.500000       6.22726171E-15
   755.000000       3.96737951E-15
   755.500000       2.52761323E-15
   756.000000       1.61034050E-15
   756.500000       1.02594738E-15
   757.000000       6.53631079E-16
   757.500000       4.16428687E-16
   758.000000       2.65307051E-16
   758.500000       1.69027450E-16
   759.000000       1.07687679E-16
   759.500000       6.86080475E-17
   760.000000       4.37103643E-17
   760.500000       2.78480048E-17
   761.000000       1.77420613E-17
   761.500000       1.13035380E-17
   762.000000       7.20153450E-18
   762.500000       4.58813346E-18
   763.000000       2.92312538E-18
   763.500000       1.86234090E-18
   764.000000       1.18650963E-18
   764.500000       7.55933840E-19
   765.000000       4.81611333E-19
   765.500000       3.06838616E-19
   766.000000       1.95489649E-19
   766.500000       1.24548352E-19
   767.000000       7.93510355E-20
   767.500000       5.05554211E-20
   768.000000       3.22094502E-20
   768.500000       2.05210440E-20
   769.000000       1.30742277E-20
   769.500000       8.32977501E-21
   770.000000       5.30702319E-21
   770.500000       3.38118820E-21
   771.000000       2.15421136E-21
   771.500000       1.37248590E-21
   772.000000       8.74436233E-22
   772.500000       5.57120481E-22
   773.000000       3.54953000E-22
   773.500000       2.26148322E-22
   774.000000       1.44084321E-22
   774.500000       9.17996299E-23
   775.000000       5.84879019E-23
   775.500000       3.72642304E-23
   776.000000       2.37421132E-23
   776.500000       1.51268228E-23
   777.000000       9.63778662E-24
   777.500000       6.14056271E-24
   778.000000       3.91237499E-24
   778.500000       2.49272453E-24
   779.000000       1.58821672E-24
   779.500000       1.01192227E-24
   780.000000       6.44742772E-25
   780.500000       4.10797714E-25
   781.000000       2.61741115E-25
   781.500000       1.66770224E-25
   782.000000       1.06259564E-25
   782.500000       6.77050102E-26
   783.000000       4.31397060E-26
   783.500000       2.74876456E-26
   784.000000       1.75146842E-26
   784.500000       1.11602017E-26
   785.000000       7.11127214E-27
   785.500000       4.53136187E-27
   786.000000       2.88746722E-27
   786.500000       1.83998012E-27
   787.000000       1.17251347E-27
   787.500000       7.47192111E-28
   788.000000       4.76165138E-28
   788.500000       3.03455613E-28
   789.000000       1.93395578E-28
   789.500000       1.23257506E-28
   790.000000       7.85593023E-29
   790.500000       5.00727461E-29
   791.000000       3.19173777E-29
   791.500000       2.03459422E-29
   792.000000       1.29704852E-29
   792.500000       8.26924729E-30
   793.000000       5.27243183E-30
   793.500000       3.36198343E-30
   794.000000       2.14399957E-30
   794.500000       1.36742615E-30
   795.000000       8.72246713E-31
   795.500000       5.56465108E-31
   796.000000       3.55064628E-31
   796.500000       2.26598189E-31
   797.000000       1.44642041E-31
   797.500000       9.23490814E-32
   798.000000       5.89769613E-32
   798.500000       3.76753492E-32
   799.000000       2.40753189E-32
   799.500000       1.53901510E-32
   800.000000       9.84210122E-33
   800.500000       6.29690063E-33
   801.000000       4.03071135E-33
   801.500000       2.58152592E-33
   802.000000       1.65438855E-33
   802.500000       1.06094638E-33
   803.000000       6.80887746E-34
   803.500000       4.37338403E-34
   804.000000       2.81161764E-34
   804.500000       1.80938381E-34
   805.000000       1.16569011E-34
   805.500000       7.51896467E-35
   806.000000       4.85626965E-35
   806.500000       3.14099265E-35
   807.000000       2.03470840E-35
   807.500000       1.32026784E-35
   808.000000       8.58225096E-36
   808.500000       5.58952801E-36
   809.000000       3.64787057E-36
   809.500000       2.38588153E-36
   810.000000       1.56407240E-36
   810.500000       1.02781364E-36
   811.000000       6.77125444E-37
   811.500000       4.47264516E-37
   812.000000       2.96236468E-37
   812.500000       1.96753986E-37
   813.000000       1.31052358E-37
   813.500000       8.75427472E-38
   814.000000       5.86488417E-38
   814.500000       3.94061748E-38
   815.000000       2.65538800E-38
   815.500000       1.79446694E-38
   816.000000       1.21608492E-38
   816.500000       8.26385782E-39
   817.000000       5.63060640E-39
   817.500000       3.84625600E-39
   818.000000       2.63379652E-39
   818.500000       1.80774368E-39
   819.000000       1.24349684E-39
   819.500000       8.57137837E-40
   820.000000       5.91960319E-40
   820.500000       4.09550496E-40
   821.000000       2.83817590E-40
   821.500000       1.96986130E-40
   822.000000       1.36905459E-40
   822.500000       9.52700787E-41
   823.000000       6.63682979E-41
   823.500000       4.62820857E-41
   824.000000       3.23027322E-41
   824.500000       2.25623066E-41
   825.000000       1.57688116E-41
   825.500000       1.10254163E-41
   826.000000       7.71134545E-42
   826.500000       5.39780168E-42
   827.000000       3.77649936E-42
   827.500000       2.64284890E-42
   828.000000       1.84971397E-42
   828.500000       1.29479978E-42
   829.000000       9.06640106E-43
   829.500000       6.31985607E-43
   830.000000       4.38606419E-43
   830.500000       3.06884364E-43
   831.000000       2.11596068E-43
   831.500000       1.44333742E-43
   832.000000       1.00893489E-43
   832.500000       6.58610278E-44
   833.000000       4.48415509E-44
   833.500000       2.80259693E-44
   834.000000       1.68155816E-44
   834.500000       9.80908925E-45
   835.000000       5.60519386E-45
   835.500000       1.40129846E-45
   836.000000       0.00000000    
   836.500000       0.00000000    
   837.000000       0.00000000    
   837.500000       0.00000000    
   838.000000       0.00000000    
   838.500000       0.00000000    
   839.000000       0.00000000    
   839.500000       0.00000000    
   840.000000       0.00000000    
   840.500000       0.00000000    
   841.000000       0.00000000    
   841.500000       0.00000000    
   842.000000       0.00000000    
   842.500000       0.00000000    
   843.000000       0.00000000    
   843.500000       0.00000000    
   844.000000       0.00000000    
   844.500000       0.00000000    
   845.000000       0.00000000    
   845.500000       0.00000000    
   846.000000       0.00000000    
   846.500000       0.00000000    
   847.000000       0.00000000    
   847.500000       0.00000000    
   848.000000       0.00000000    
   848.500000       0.00000000    
   849.000000       0.00000000    
   849.500000       0.00000000    
   850.000000       0.00000000    
   850.500000       0.00000000    
   851.000000       0.00000000    
   851.500000       0.00000000    
   852.000000       0.00000000    
   852.500000       0.00000000    
   853.000000       0.00000000    
   853.500000       0.00000000    
   854.000000       0.00000000    
   854.500000       0.00000000    
   855.000000       0.00000000    
   855.500000       0.00000000    
   856.000000       0.00000000    
   856.500000       0.00000000    
   857.000000       0.00000000    
   857.500000       0.00000000    
   858.000000       0.00000000    
   858.500000       0.00000000    
   859.000000       0.00000000    
   859.500000       0.00000000    
   860.000000       0.00000000    
   860.500000       0.00000000    
   861.000000       0.00000000    
   861.500000       0.00000000    
   862.000000       0.00000000    
   862.500000       0.00000000    
   863.000000       0.00000000    
   863.500000       0.00000000    
   864.000000       0.00000000    
   864.500000       0.00000000    
   865.000000       0.00000000    
   865.500000       0.00000000    
   866.000000       0.00000000    
   866.500000       0.00000000    
   867.000000       0.00000000    
   867.500000       0.00000000    
   868.000000       0.00000000    
   868.500000       0.00000000    
   869.000000       0.00000000    
   869.500000       0.00000000    
   870.000000       0.00000000    
   870.500000       0.00000000    
   871.000000       0.00000000    
   871.500000       0.00000000    
   872.000000       0.00000000    
   872.500000       0.00000000    
   873.000000       0.00000000    
   873.500000       0.00000000    
   874.000000       0.00000000    
   874.500000       0.00000000    
   875.000000       0.00000000    
   875.500000       0.00000000    
   876.000000       0.00000000    
   876.500000       0.00000000    
   877.000000       0.00000000    
   877.500000       0.00000000    
   878.000000       0.00000000    
   878.500000       0.00000000    
   879.000000       0.00000000    
   879.500000       0.00000000    
   880.000000       0.00000000    
   880.500000       0.00000000    
   881.000000       0.00000000    
   881.500000       0.00000000    
   882.000000       0.00000000    
   882.500000       0.00000000    
   883.000000       0.00000000    
   883.500000       0.00000000    
   884.000000       0.00000000    
   884.500000       0.00000000    
   885.000000       0.00000000    
   885.500000       0.00000000    
   886.000000       0.00000000    
   886.500000       0.00000000    
   887.000000       0.00000000    
   887.500000       0.00000000    
   888.000000       0.00000000    
   888.500000       0.00000000    
   889.000000       0.00000000    
   889.500000       0.00000000    
   890.000000       0.00000000    
   890.500000       0.00000000    
   891.000000       0.00000000    
   891.500000       0.00000000    
   892.000000       0.00000000    
   892.500000       0.00000000    
   893.000000       0.00000000    
   893.500000       0.00000000    
   894.000000       0.00000000    
   894.500000       0.00000000    
   895.000000       0.00000000    
   895.500000       0.00000000    
   896.000000       0.00000000    
   896.500000       0.00000000    
   897.000000       0.00000000    
   897.500000       0.00000000    
   898.000000       0.00000000    
   898.500000       0.00000000    
   899.000000       0.00000000    
   899.500000       0.00000000    
   900.000000       0.00000000    
   900.500000       0.00000000    
   901.000000       0.00000000    
   901.500000       0.00000000    
   902.000000       0.00000000    
   902.500000       0.00000000    
   903.000000       0.00000000    
   903.500000       0.00000000    
   904.000000       0.00000000    
   904.500000       0.00000000    
   905.000000       0.00000000    
   905.500000       0.00000000    
   906.000000       0.00000000    
   906.500000       0.00000000    
   907.000000       0.00000000    
   907.500000       0.00000000    
   908.000000       0.00000000    
   908.500000       0.00000000    
   909.000000       0.00000000    
   909.500000       0.00000000    
   910.000000       0.00000000    
   910.500000       0.00000000    
   911.000000       0.00000000    
   911.500000       0.00000000    
   912.000000       0.00000000    
   912.500000       0.00000000    
   913.000000       0.00000000    
   913.500000       0.00000000    
   914.000000       0.00000000    
   914.500000       0.00000000    
   915.000000       0.00000000    
   915.500000       0.00000000    
   916.000000       0.00000000    
   916.500000       0.00000000    
   917.000000       0.00000000    
   917.500000       0.00000000    
   918.000000       0.00000000    
   918.500000       0.00000000    
   919.000000       0.00000000    
   919.500000       0.00000000    
   920.000000       0.00000000    
   920.500000       0.00000000    
   921.000000       0.00000000    
   921.500000       0.00000000    
   922.000000       0.00000000    
   922.500000       0.00000000    
   923.000000       0.00000000    
   923.500000       0.00000000    
   924.000000       0.00000000    
   924.500000       0.00000000    
   925.000000       0.00000000    
   925.500000       0.00000000    
   926.000000       0.00000000    
   926.500000       0.00000000    
   927.000000       0.00000000    
   927.500000       0.00000000    
   928.000000       0.00000000    
   928.500000       0.00000000    
   929.000000       0.00000000    
   929.500000       0.00000000    
   930.000000       0.00000000    
   930.500000       0.00000000    
   931.000000       0.00000000    
   931.500000       0.00000000    
   932.000000       0.00000000    
   932.500000       0.00000000    
   933.000000       0.00000000    
   933.500000       0.00000000    
   934.000000       0.00000000    
   934.500000       0.00000000    
   935.000000       0.00000000    
   935.500000       0.00000000    
   936.000000       0.00000000    
   936.500000       0.00000000    
   937.000000       0.00000000    
   937.500000       0.00000000    
   938.000000       0.00000000    
   938.500000       0.00000000    
   939.000000       0.00000000    
   939.500000       0.00000000    
   940.000000       0.00000000    
   940.500000       0.00000000    
   941.000000       0.00000000    
   941.500000       0.00000000    
   942.000000       0.00000000    
   942.500000       0.00000000    
   943.000000       0.00000000    
   943.500000       0.00000000    
   944.000000       0.00000000    
   944.500000       0.00000000    
   945.000000       0.00000000    
   945.500000       0.00000000    
   946.000000       0.00000000    
   946.500000       0.00000000    
   947.000000       0.00000000    
   947.500000       0.00000000    
   948.000000       0.00000000    
   948.500000       0.00000000    
   949.000000       0.00000000    
   949.500000       0.00000000    
   950.000000       0.00000000    
   950.500000       0.00000000    
   951.000000       0.00000000    
   951.500000       0.00000000    
   952.000000       0.00000000    
   952.500000       0.00000000    
   953.000000       0.00000000    
   953.500000       0.00000000    
   954.000000       0.00000000    
   954.500000       0.00000000    
   955.000000       0.00000000    
   955.500000       0.00000000    
   956.000000       0.00000000    
   956.500000       0.00000000    
   957.000000       0.00000000    
   957.500000       0.00000000    
   958.000000       0.00000000    
   958.500000       0.00000000    
   959.000000       0.00000000    
   959.500000       0.00000000    
   960.000000       0.00000000    
   960.500000       0.00000000    
   961.000000       0.00000000    
   961.500000       0.00000000    
   962.000000       0.00000000    
   962.500000       0.00000000    
   963.000000       0.00000000    
   963.500000       0.00000000    
   964.000000       0.00000000    
   964.500000       0.00000000    
   965.000000       0.00000000    
   965.500000       0.00000000    
   966.000000       0.00000000    
   966.500000       0.00000000    
   967.000000       0.00000000    
   967.500000       0.00000000    
   968.000000       0.00000000    
   968.500000       0.00000000    
   969.000000       0.00000000    
   969.500000       0.00000000    
   970.000000       0.00000000    
   970.500000       0.00000000    
   971.000000       0.00000000    
   971.500000       0.00000000    
   972.000000       0.00000000    
   972.500000       0.00000000    
   973.000000       0.00000000    
   973.500000       0.00000000    
   974.000000       0.00000000    
   974.500000       0.00000000    
   975.000000       0.00000000    
   975.500000       0.00000000    
   976.000000       0.00000000    
   976.500000       0.00000000    
   977.000000       0.00000000    
   977.500000       0.00000000    
   978.000000       0.00000000    
   978.500000       0.00000000    
   979.000000       0.00000000    
   979.500000       0.00000000    
   980.000000       0.00000000    
   980.500000       0.00000000    
   981.000000       0.00000000    
   981.500000       0.00000000    
   982.000000       0.00000000    
   982.500000       0.00000000    
   983.000000       0.00000000    
   983.500000       0.00000000    
   984.000000       0.00000000    
   984.500000       0.00000000    
   985.000000       0.00000000    
   985.500000       0.00000000    
   986.000000       0.00000000    
   986.500000       0.00000000    
   987.000000       0.00000000    
   987.500000       0.00000000    
   988.000000       0.00000000    
   988.500000       0.00000000    
   989.000000       0.00000000    
   989.500000       0.00000000    
   990.000000       0.00000000    
   990.500000       0.00000000    
   991.000000       0.00000000    
   991.500000       0.00000000    
   992.000000       0.00000000    
   992.500000       0.00000000    
   993.000000       0.00000000    
   993.500000       0.00000000    
   994.000000       0.00000000    
   994.500000       0.00000000    
   995.000000       0.00000000    
   995.500000       0.00000000    
   996.000000       0.00000000    
   996.500000       0.00000000    
   997.000000       0.00000000    
   997.500000       0.00000000    
   998.000000       0.00000000    
   998.500000       0.00000000    
   999.000000       0.00000000    
   999.500000       0.00000000    
   1000.00000       0.00000000    
