   0.00000000       0.00000000    
  0.500000000      -1.87154201E-05
   1.00000000       3.56871678E-05
   1.50000000      -4.84893644E-05
   2.00000000       5.49810939E-05
   2.50000000      -5.12204060E-05
   3.00000000       3.72566174E-05
   3.50000000      -1.30795788E-05
   4.00000000      -1.26862360E-05
   4.50000000       3.25097644E-05
   5.00000000      -3.29551440E-05
   5.50000000       1.32463210E-05
   6.00000000       2.19462454E-05
   6.50000000      -4.62729986E-05
   7.00000000       4.02311489E-05
   7.50000000       6.49379581E-06
   8.00000000      -5.65715964E-05
   8.50000000       6.02690452E-05
   9.00000000       1.55403468E-05
   9.50000000      -9.60648322E-05
   10.0000000       9.10264571E-05
   10.5000000       1.40825039E-04
   11.0000000       1.27951003E-04
   11.5000000       7.28221028E-04
   12.0000000       2.83373799E-03
   12.5000000       6.21053111E-03
   13.0000000       1.07028782E-02
   13.5000000       1.58054009E-02
   14.0000000       2.14797482E-02
   14.5000000       2.75508631E-02
   15.0000000       3.39057967E-02
   15.5000000       4.06121016E-02
   16.0000000       4.73968089E-02
   16.5000000       5.44835292E-02
   17.0000000       6.15714006E-02
   17.5000000       6.88238814E-02
   18.0000000       7.61362985E-02
   18.5000000       8.34040120E-02
   19.0000000       9.08294991E-02
   19.5000000       9.80528295E-02
   20.0000000      0.105417468    
   20.5000000      0.112592824    
   21.0000000      0.119711041    
   21.5000000      0.126794010    
   22.0000000      0.133548439    
   22.5000000      0.140383229    
   23.0000000      0.146720558    
   23.5000000      0.153061703    
   24.0000000      0.158923149    
   24.5000000      0.164417833    
   25.0000000      0.169799402    
   25.5000000      0.173770800    
   26.0000000      0.178610012    
   26.5000000      0.180834442    
   27.0000000      0.182365716    
   27.5000000      0.186451048    
   28.0000000      0.177486390    
   28.5000000      0.179168269    
   29.0000000      0.177874595    
   29.5000000      0.108213022    
   30.0000000       3.67645845E-02
   30.5000000       9.72685311E-03
   31.0000000       2.29949690E-03
   31.5000000       2.29188576E-04
   32.0000000      -9.99697368E-05
   32.5000000      -4.43889257E-05
   33.0000000      -2.83311260E-06
   33.5000000       2.48668721E-06
   34.0000000       5.18483773E-07
   34.5000000      -9.92581164E-08
   35.0000000      -3.69323416E-08
   35.5000000       3.88176691E-09
   36.0000000       2.03195660E-09
   36.5000000      -1.96338307E-10
   37.0000000      -9.57828816E-11
   37.5000000       1.24364651E-11
   38.0000000       3.77090329E-12
   38.5000000      -7.75591505E-13
   39.0000000      -1.05772718E-13
   39.5000000       4.09722881E-14
   40.0000000       5.25018338E-16
   40.5000000      -1.67138786E-15
   41.0000000       1.61227600E-16
   41.5000000       4.43074564E-17
   42.0000000      -1.13900884E-17
   42.5000000      -1.29504689E-19
   43.0000000       4.20991350E-19
   43.5000000      -5.46763735E-20
   44.0000000      -6.40655464E-21
   44.5000000       2.79854528E-21
   45.0000000      -2.22239535E-22
   45.5000000      -5.55140604E-23
   46.0000000       1.61621838E-23
   46.5000000      -9.46901299E-25
   47.0000000      -3.40810591E-25
   47.5000000       8.81892936E-26
   48.0000000      -5.28173499E-27
   48.5000000      -1.68366741E-27
   49.0000000       4.63004103E-28
   49.5000000      -3.66677381E-29
   50.0000000      -6.45366636E-30
   50.5000000       2.27077071E-30
   51.0000000      -2.54905104E-31
   51.5000000      -1.37250089E-32
   52.0000000       9.73071358E-33
   52.5000000      -1.55658301E-33
   53.0000000       4.86153641E-35
   53.5000000       3.18940689E-35
   54.0000000      -7.79322693E-36
   54.5000000       7.61839833E-37
   55.0000000       4.56508175E-38
   55.5000000      -2.92367472E-38
   56.0000000       4.96730878E-39
   56.5000000      -3.05352744E-40
   57.0000000      -6.05683235E-41
   57.5000000       2.06116991E-41
   58.0000000      -2.92731249E-42
   58.5000000       1.21912966E-43
   59.0000000       4.48415509E-44
   59.5000000      -1.54142831E-44
   60.0000000       0.00000000    
   60.5000000       0.00000000    
   61.0000000       0.00000000    
   61.5000000       0.00000000    
   62.0000000       0.00000000    
   62.5000000       0.00000000    
   63.0000000       0.00000000    
   63.5000000       0.00000000    
   64.0000000       0.00000000    
   64.5000000       0.00000000    
   65.0000000       0.00000000    
   65.5000000       0.00000000    
   66.0000000       0.00000000    
   66.5000000       0.00000000    
   67.0000000       0.00000000    
   67.5000000       0.00000000    
   68.0000000       0.00000000    
   68.5000000       0.00000000    
   69.0000000       0.00000000    
   69.5000000       0.00000000    
   70.0000000       0.00000000    
   70.5000000       0.00000000    
   71.0000000       0.00000000    
   71.5000000       0.00000000    
   72.0000000       0.00000000    
   72.5000000       0.00000000    
   73.0000000       0.00000000    
   73.5000000       0.00000000    
   74.0000000       0.00000000    
   74.5000000       0.00000000    
   75.0000000       0.00000000    
   75.5000000       0.00000000    
   76.0000000       0.00000000    
   76.5000000       0.00000000    
   77.0000000       0.00000000    
   77.5000000       0.00000000    
   78.0000000       0.00000000    
   78.5000000       0.00000000    
   79.0000000       0.00000000    
   79.5000000       0.00000000    
   80.0000000       0.00000000    
   80.5000000       0.00000000    
   81.0000000       0.00000000    
   81.5000000       0.00000000    
   82.0000000       0.00000000    
   82.5000000       0.00000000    
   83.0000000       0.00000000    
   83.5000000       0.00000000    
   84.0000000       0.00000000    
   84.5000000       0.00000000    
   85.0000000       0.00000000    
   85.5000000       0.00000000    
   86.0000000       0.00000000    
   86.5000000       0.00000000    
   87.0000000       0.00000000    
   87.5000000       0.00000000    
   88.0000000       0.00000000    
   88.5000000       0.00000000    
   89.0000000       0.00000000    
   89.5000000       0.00000000    
   90.0000000       0.00000000    
   90.5000000       0.00000000    
   91.0000000       0.00000000    
   91.5000000       0.00000000    
   92.0000000       0.00000000    
   92.5000000       0.00000000    
   93.0000000       0.00000000    
   93.5000000       0.00000000    
   94.0000000       0.00000000    
   94.5000000       0.00000000    
   95.0000000       0.00000000    
   95.5000000       0.00000000    
   96.0000000       0.00000000    
   96.5000000       0.00000000    
   97.0000000       0.00000000    
   97.5000000       0.00000000    
   98.0000000       0.00000000    
   98.5000000       0.00000000    
   99.0000000       0.00000000    
   99.5000000       0.00000000    
   100.000000       0.00000000    
