 -0.250000000      -5.26385065E-06
  0.250000000      -5.26385065E-06
  0.750000000      -1.52011353E-05
   1.25000000       4.36109440E-06
   1.75000000      -2.43939248E-05
   2.25000000       1.23677137E-05
   2.75000000      -3.17413542E-05
   3.25000000       1.77568927E-05
   3.75000000      -3.57085628E-05
   4.25000000       1.86753441E-05
   4.75000000      -3.48911090E-05
   5.25000000       1.38733130E-05
   5.75000000      -2.84620728E-05
   6.25000000       4.04588991E-06
   6.75000000      -1.86638608E-05
   7.25000000      -7.41677468E-06
   7.75000000      -1.03546372E-05
   8.25000000      -1.46086286E-05
   8.75000000      -9.65817617E-06
   9.25000000      -1.20806753E-05
   9.75000000      -1.96770197E-05
   10.2500000      -4.25858275E-07
   10.7500000      -3.54687254E-05
   11.2500000       1.08342801E-05
   11.7500000      -4.41761076E-05
   12.2500000       8.00826911E-06
   12.7500000      -3.45494227E-05
   13.2500000      -1.38156875E-05
   13.7500000      -1.16565079E-05
   14.2500000      -3.92029287E-05
   14.7500000       2.08518259E-06
   15.2500000      -4.42943638E-05
   15.7500000      -1.03477532E-05
   16.2500000      -2.72264424E-05
   16.7500000      -3.19604806E-05
   17.2500000      -2.02586180E-05
   17.7500000      -2.70062956E-05
   18.2500000      -4.51114356E-05
   18.7500000      -2.34098570E-06
   19.2500000      -6.29968345E-05
   19.7500000      -1.44989990E-05
   20.2500000      -2.86240138E-05
   20.7500000      -6.71961679E-05
   21.2500000       6.64226945E-06
   21.7500000      -7.24585043E-05
   22.2500000      -3.13043238E-05
   22.7500000      -2.31480662E-05
   23.2500000      -6.64027757E-05
   23.7500000      -3.48823960E-05
   24.2500000      -2.95375285E-05
   24.7500000      -6.34332609E-05
   25.2500000      -5.50152145E-05
   25.7500000      -3.70889870E-06
   26.2500000      -9.56686999E-05
   26.7500000      -4.85196579E-05
   27.2500000       7.98051315E-06
   27.7500000      -1.19378732E-04
   28.2500000      -4.44364705E-05
   28.7500000       2.90386151E-06
   29.2500000      -9.53463459E-05
   29.7500000      -8.61104854E-05
   30.2500000      -1.41054124E-05
   30.7500000      -4.32716024E-06
   31.2500000      -1.44869831E-04
   31.7500000      -1.09175424E-04
   32.2500000       1.23054459E-04
   32.7500000       2.92279201E-05
   33.2500000      -7.34707282E-05
   33.7500000       4.68877523E-04
   34.2500000       1.84763339E-03
   34.7500000       4.22654999E-03
   35.2500000       7.33069889E-03
   35.7500000       1.07395193E-02
   36.2500000       1.45866117E-02
   36.7500000       1.86853390E-02
   37.2500000       2.28027999E-02
   37.7500000       2.72477325E-02
   38.2500000       3.17804404E-02
   38.7500000       3.62949409E-02
   39.2500000       4.11035046E-02
   39.7500000       4.58028540E-02
   40.2500000       5.07046878E-02
   40.7500000       5.57119139E-02
   41.2500000       6.02350459E-02
   41.7500000       6.59170225E-02
   42.2500000       7.08267167E-02
   42.7500000       7.44386539E-02
   43.2500000       8.22192281E-02
   43.7500000       8.64209011E-02
   44.2500000       8.71809795E-02
   44.7500000      0.100334369    
   45.2500000      0.103219770    
   45.7500000       9.59806442E-02
   46.2500000      0.120747067    
   46.7500000      0.124107487    
   47.2500000       9.72230434E-02
   47.7500000      0.140763178    
   48.2500000      0.155566514    
   48.7500000       9.00474936E-02
   49.2500000      0.149079040    
   49.7500000      0.204794183    
   50.2500000       8.50711465E-02
   50.7500000      0.127050817    
   51.2500000      0.265958399    
   51.7500000      0.107167609    
   52.2500000       7.34732226E-02
   52.7500000      0.300036371    
   53.2500000      0.179239213    
   53.7500000       2.92912070E-02
   54.2500000      0.259593755    
   54.7500000      0.279698372    
   55.2500000       2.29460709E-02
   55.7500000      -6.89424248E-03
   56.2500000       6.77245669E-04
   56.7500000       6.40331273E-05
   57.2500000      -2.93607827E-05
   57.7500000       3.41303416E-06
   58.2500000       1.66348897E-07
   58.7500000      -1.18119729E-07
   59.2500000       1.74175661E-08
   59.7500000       2.20018004E-10
   60.2500000      -5.82115911E-10
   60.7500000       7.89836391E-11
   61.2500000       6.73347966E-12
   61.7500000      -2.16781801E-12
   62.2500000      -6.55634265E-14
   62.7500000       8.87577873E-15
   63.2500000       1.27715484E-14
   63.7500000       6.43047932E-16
   64.2500000      -1.06612225E-15
   64.7500000       1.78709592E-17
   65.2500000       5.78172911E-17
   65.7500000      -4.06161769E-18
   66.2500000      -2.60706195E-18
   66.7500000       3.36275337E-19
   67.2500000       1.03242241E-19
   67.7500000      -2.20960476E-20
   68.2500000      -3.25639782E-21
   68.7500000       1.24614800E-21
   69.2500000       4.72461923E-23
   69.7500000      -5.92263073E-23
   70.2500000       3.27984363E-24
   70.7500000       2.23692495E-24
   71.2500000      -3.62091987E-25
   71.7500000      -5.59248702E-26
   72.2500000       2.09927704E-26
   72.7500000      -7.45114369E-29
   73.2500000      -8.35791388E-28
   73.7500000       1.02815650E-28
   74.2500000       2.01709986E-29
   74.7500000      -6.53740444E-30
   75.2500000       7.28589736E-32
   75.7500000       2.38398577E-31
   76.2500000      -3.50661485E-32
   76.7500000      -3.99849987E-33
   77.2500000       1.85408318E-33
   77.7500000      -1.21383820E-34
   78.2500000      -4.90338700E-35
   78.7500000       1.16414492E-35
   79.2500000      -2.93191996E-38
   79.7500000      -4.03397551E-37
   80.2500000       6.39730136E-38
   80.7500000       3.76180254E-39
   81.2500000      -2.78639231E-39
   81.7500000       3.25255387E-40
   82.2500000       4.00435049E-41
   82.7500000      -1.74840009E-41
   83.2500000       1.61849973E-42
   83.7500000       2.99877871E-43
   84.2500000      -1.00893489E-43
   84.7500000       9.80908925E-45
   85.2500000       2.80259693E-45
   85.7500000       0.00000000    
   86.2500000       0.00000000    
   86.7500000       0.00000000    
   87.2500000       0.00000000    
   87.7500000       0.00000000    
   88.2500000       0.00000000    
   88.7500000       0.00000000    
   89.2500000       0.00000000    
   89.7500000       0.00000000    
   90.2500000       0.00000000    
   90.7500000       0.00000000    
   91.2500000       0.00000000    
   91.7500000       0.00000000    
   92.2500000       0.00000000    
   92.7500000       0.00000000    
   93.2500000       0.00000000    
   93.7500000       0.00000000    
   94.2500000       0.00000000    
   94.7500000       0.00000000    
   95.2500000       0.00000000    
   95.7500000       0.00000000    
   96.2500000       0.00000000    
   96.7500000       0.00000000    
   97.2500000       0.00000000    
   97.7500000       0.00000000    
   98.2500000       0.00000000    
   98.7500000       0.00000000    
   99.2500000       0.00000000    
   99.7500000       0.00000000    
   100.250000       0.00000000    
