   0.00000000       0.00000000    
  0.500000000       2.74843251E-06
   1.00000000      -3.91460708E-06
   1.50000000       8.56898987E-06
   2.00000000      -8.64355570E-06
   2.50000000       1.57069444E-05
   3.00000000      -1.46321872E-05
   3.50000000       2.37580916E-05
   4.00000000      -2.06579298E-05
   4.50000000       3.07740083E-05
   5.00000000      -2.42043825E-05
   5.50000000       3.37867459E-05
   6.00000000      -2.19234771E-05
   6.50000000       3.00501924E-05
   7.00000000      -1.22315087E-05
   7.50000000       1.98116395E-05
   8.00000000       2.14627926E-06
   8.50000000       7.92356877E-06
   9.00000000       1.42537829E-05
   9.50000000       3.44518958E-06
   10.0000000       1.50344440E-05
   10.5000000       1.32962305E-05
   11.0000000       1.37267853E-06
   11.5000000       3.48056274E-05
   12.0000000      -1.69187588E-05
   12.5000000       5.18847228E-05
   13.0000000      -2.05960259E-05
   13.5000000       4.69392107E-05
   14.0000000       5.72556019E-07
   14.5000000       2.16771896E-05
   15.0000000       3.08365707E-05
   15.5000000       3.83472434E-06
   16.0000000       3.87044784E-05
   16.5000000       1.65974961E-05
   17.0000000       2.03112377E-05
   17.5000000       3.89209526E-05
   18.0000000       1.68813276E-05
   18.5000000       2.58839846E-05
   19.0000000       5.34780847E-05
   19.5000000      -8.90022056E-06
   20.0000000       7.53441273E-05
   20.5000000       8.71461634E-06
   21.0000000       2.94301681E-05
   21.5000000       7.16306968E-05
   22.0000000      -7.47443119E-06
   22.5000000       6.93067050E-05
   23.0000000       3.95708012E-05
   23.5000000       2.16331609E-05
   24.0000000       5.72023055E-05
   24.5000000       5.55678707E-05
   25.0000000       1.53196270E-05
   25.5000000       5.89687552E-05
   26.0000000       8.16854445E-05
   26.5000000      -1.86644920E-05
   27.0000000       9.11808165E-05
   27.5000000       8.13977385E-05
   28.0000000      -2.87864859E-05
   28.5000000       9.83521750E-05
   29.0000000       8.74533725E-05
   29.5000000      -1.49793095E-06
   30.0000000       3.84878949E-05
   30.5000000       1.15563016E-04
   31.0000000       8.59674910E-05
   31.5000000      -6.67167842E-05
   32.0000000       6.58003846E-05
   32.5000000       2.66612857E-04
   33.0000000       8.02813520E-05
   33.5000000       8.47218034E-05
   34.0000000       8.18353146E-04
   34.5000000       2.42945482E-03
   35.0000000       5.04937768E-03
   35.5000000       8.23823735E-03
   36.0000000       1.17090382E-02
   36.5000000       1.56408064E-02
   37.0000000       1.96944848E-02
   37.5000000       2.38066688E-02
   38.0000000       2.82709301E-02
   38.5000000       3.26870047E-02
   39.0000000       3.71798985E-02
   39.5000000       4.19168323E-02
   40.0000000       4.64602187E-02
   40.5000000       5.13765812E-02
   41.0000000       5.60898520E-02
   41.5000000       6.05416819E-02
   42.0000000       6.63679689E-02
   42.5000000       7.03820139E-02
   43.0000000       7.43803009E-02
   43.5000000       8.26510713E-02
   44.0000000       8.43836069E-02
   44.5000000       8.68392140E-02
   45.0000000      0.101492882    
   45.5000000       9.81265306E-02
   46.0000000       9.52328518E-02
   46.5000000      0.124618992    
   47.0000000      0.113746867    
   47.5000000       9.45798904E-02
   48.0000000      0.151385203    
   48.5000000      0.138119847    
   49.0000000       8.06603804E-02
   49.5000000      0.171658531    
   50.0000000      0.182197630    
   50.5000000       6.07358664E-02
   51.0000000      0.161545694    
   51.5000000      0.249341801    
   52.0000000       6.12362772E-02
   52.5000000      0.105310977    
   53.0000000      0.310494304    
   53.5000000      0.112434641    
   54.0000000       3.83441001E-02
   54.5000000      0.304754734    
   55.0000000      0.209206477    
   55.5000000      -5.21469209E-03
   56.0000000      -4.06130636E-03
   56.5000000       8.71126424E-04
   57.0000000      -4.64898367E-05
   57.5000000      -1.49798161E-05
   58.0000000       3.82380813E-06
   58.5000000      -2.79879799E-07
   59.0000000      -5.00983219E-08
   59.5000000       1.69887073E-08
   60.0000000      -1.64669856E-09
   60.5000000      -2.36517000E-10
   61.0000000       8.09776066E-11
   61.5000000      -2.94486896E-12
   62.0000000      -1.34707566E-12
   62.5000000       5.01272336E-14
   63.0000000       9.79413524E-15
   63.5000000       9.90165252E-15
   64.0000000      -1.02576240E-15
   64.5000000      -7.28419483E-16
   65.0000000       1.11151753E-16
   65.5000000       3.26413344E-17
   66.0000000      -7.46813978E-18
   66.5000000      -1.16997377E-18
   67.0000000       4.20699846E-19
   67.5000000       3.01762596E-20
   68.0000000      -2.15465105E-20
   68.5000000       1.04302709E-22
   69.0000000       9.75905203E-22
   69.5000000      -8.39996321E-23
   70.0000000      -3.60665533E-23
   70.5000000       6.99151249E-24
   71.0000000       8.80001950E-25
   71.5000000      -3.86418017E-25
   72.0000000       3.85352389E-27
   72.5000000       1.55678187E-26
   73.0000000      -1.92339947E-27
   73.5000000      -4.02499666E-28
   74.0000000       1.25222015E-28
   74.5000000       2.95145755E-31
   75.0000000      -4.91019902E-30
   75.5000000       6.30246280E-31
   76.0000000       1.02556886E-31
   76.5000000      -3.77437101E-32
   77.0000000       1.44633183E-33
   77.5000000       1.18584421E-33
   78.0000000      -2.24669205E-34
   78.5000000      -9.72605059E-36
   79.0000000       9.50223672E-36
   79.5000000      -1.10282234E-36
   80.0000000      -1.63369541E-37
   80.5000000       6.40456401E-38
   81.0000000      -4.54764372E-39
   81.5000000      -1.45930241E-39
   82.0000000       3.92510706E-40
   82.5000000      -1.57015493E-41
   83.0000000      -1.04789099E-41
   83.5000000       2.29112299E-42
   84.0000000      -4.34402524E-44
   84.5000000      -6.30584309E-44
   85.0000000       1.26116862E-44
   85.5000000       0.00000000    
   86.0000000       0.00000000    
   86.5000000       0.00000000    
   87.0000000       0.00000000    
   87.5000000       0.00000000    
   88.0000000       0.00000000    
   88.5000000       0.00000000    
   89.0000000       0.00000000    
   89.5000000       0.00000000    
   90.0000000       0.00000000    
   90.5000000       0.00000000    
   91.0000000       0.00000000    
   91.5000000       0.00000000    
   92.0000000       0.00000000    
   92.5000000       0.00000000    
   93.0000000       0.00000000    
   93.5000000       0.00000000    
   94.0000000       0.00000000    
   94.5000000       0.00000000    
   95.0000000       0.00000000    
   95.5000000       0.00000000    
   96.0000000       0.00000000    
   96.5000000       0.00000000    
   97.0000000       0.00000000    
   97.5000000       0.00000000    
   98.0000000       0.00000000    
   98.5000000       0.00000000    
   99.0000000       0.00000000    
   99.5000000       0.00000000    
   100.000000       0.00000000    
