 -0.250000000       3.00251304E-06
  0.250000000       3.00251304E-06
  0.750000000      -1.68942606E-05
   1.25000000       2.17742490E-05
   1.75000000      -3.34778160E-05
   2.25000000       3.45200970E-05
   2.75000000      -4.05135106E-05
   3.25000000       3.43618813E-05
   3.75000000      -3.21402149E-05
   4.25000000       1.79468880E-05
   4.75000000      -1.01933474E-05
   5.25000000      -5.62961441E-06
   5.75000000       8.48193031E-06
   6.25000000      -1.33411468E-05
   6.75000000       5.57184137E-07
   7.25000000       9.66152584E-06
   7.75000000      -3.17521808E-05
   8.25000000       3.86366555E-05
   8.75000000      -4.36508708E-05
   9.25000000       2.42538299E-05
   9.75000000      -6.87583361E-06
   10.2500000      -1.69783962E-05
   10.7500000       1.15602343E-05
   11.2500000       5.20250342E-06
   11.7500000      -4.46051090E-05
   12.2500000       5.64640250E-05
   12.7500000      -4.40636686E-05
   13.2500000      -1.24047292E-05
   13.7500000       4.54285146E-05
   14.2500000      -3.93849041E-05
   14.7500000      -2.82544570E-05
   15.2500000       5.25981086E-05
   15.7500000       2.93874268E-06
   16.2500000      -1.11802728E-04
   16.7500000       9.62321574E-05
   17.2500000       1.31420660E-04
   17.7500000       5.91621210E-05
   18.2500000       5.11097023E-04
   18.7500000       2.07724143E-03
   19.2500000       4.96585295E-03
   19.7500000       8.68708547E-03
   20.2500000       1.31319305E-02
   20.7500000       1.80200692E-02
   21.2500000       2.32024826E-02
   21.7500000       2.87932009E-02
   22.2500000       3.44865695E-02
   22.7500000       4.04612422E-02
   23.2500000       4.66084555E-02
   23.7500000       5.27766272E-02
   24.2500000       5.92325255E-02
   24.7500000       6.56187534E-02
   25.2500000       7.21411631E-02
   25.7500000       7.88010359E-02
   26.2500000       8.52941126E-02
   26.7500000       9.20616090E-02
   27.2500000       9.86804068E-02
   27.7500000      0.105250105    
   28.2500000      0.112091146    
   28.7500000      0.118489154    
   29.2500000      0.125053748    
   29.7500000      0.131931275    
   30.2500000      0.137587920    
   30.7500000      0.144421101    
   31.2500000      0.151321113    
   31.7500000      0.154422045    
   32.2500000      0.164353460    
   32.7500000      0.168492302    
   33.2500000      0.166756585    
   33.7500000      0.188459322    
   34.2500000      0.176875144    
   34.7500000      0.173438206    
   35.2500000      0.222087786    
   35.7500000      0.164321497    
   36.2500000      0.168368980    
   36.7500000      0.270333141    
   37.2500000      0.125050738    
   37.7500000       6.62256964E-03
   38.2500000      -1.38692290E-03
   38.7500000       5.81626446E-05
   39.2500000      -5.57577587E-05
   39.7500000      -2.04193839E-05
   40.2500000       2.34458048E-06
   40.7500000       1.64617120E-06
   41.2500000       1.00113532E-07
   41.7500000      -9.09677311E-08
   42.2500000      -1.66079310E-08
   42.7500000       4.22590141E-09
   43.2500000       1.24054678E-09
   43.7500000      -1.93179278E-10
   44.2500000      -7.21964780E-11
   44.7500000       9.90656081E-12
   45.2500000       3.61170425E-12
   45.7500000      -5.75599789E-13
   46.2500000      -1.54721396E-13
   46.7500000       3.41804256E-14
   47.2500000       5.18365698E-15
   47.7500000      -1.86777160E-15
   48.2500000      -8.82771650E-17
   48.7500000       8.70311332E-17
   49.2500000      -4.10423280E-18
   49.7500000      -3.16772827E-18
   50.2500000       4.91405720E-19
   50.7500000       7.11064552E-20
   51.2500000      -2.71860469E-20
   51.7500000       5.70885485E-22
   52.2500000       9.44400345E-22
   52.7500000      -1.44074097E-22
   53.2500000      -1.47554523E-23
   53.7500000       7.19074720E-24
   54.2500000      -5.11550906E-25
   54.7500000      -1.73882052E-25
   55.2500000       4.37005892E-26
   55.7500000      -8.76756303E-28
   56.2500000      -1.31700097E-27
   56.7500000       2.40529150E-28
   57.2500000       3.40715815E-30
   57.7500000      -8.29256383E-30
   58.2500000       1.29632614E-30
   58.7500000       3.74688648E-32
   59.2500000      -4.68153085E-32
   59.7500000       7.12976042E-33
   60.2500000       1.47224423E-34
   60.7500000      -2.41581170E-34
   61.2500000       3.99419836E-35
   61.7500000      -2.67978310E-37
   62.2500000      -1.12007172E-36
   62.7500000       2.19901687E-37
   63.2500000      -9.79628559E-39
   63.7500000      -4.38715300E-39
   64.2500000       1.13099360E-39
   64.7500000      -9.86990560E-41
   65.2500000      -1.19909110E-41
   65.7500000       5.11614069E-42
   66.2500000      -6.97846635E-43
   66.7500000       4.20389539E-45
   67.2500000       1.82168800E-44
   67.7500000      -2.80259693E-45
   68.2500000       0.00000000    
   68.7500000       0.00000000    
   69.2500000       0.00000000    
   69.7500000       0.00000000    
   70.2500000       0.00000000    
   70.7500000       0.00000000    
   71.2500000       0.00000000    
   71.7500000       0.00000000    
   72.2500000       0.00000000    
   72.7500000       0.00000000    
   73.2500000       0.00000000    
   73.7500000       0.00000000    
   74.2500000       0.00000000    
   74.7500000       0.00000000    
   75.2500000       0.00000000    
   75.7500000       0.00000000    
   76.2500000       0.00000000    
   76.7500000       0.00000000    
   77.2500000       0.00000000    
   77.7500000       0.00000000    
   78.2500000       0.00000000    
   78.7500000       0.00000000    
   79.2500000       0.00000000    
   79.7500000       0.00000000    
   80.2500000       0.00000000    
   80.7500000       0.00000000    
   81.2500000       0.00000000    
   81.7500000       0.00000000    
   82.2500000       0.00000000    
   82.7500000       0.00000000    
   83.2500000       0.00000000    
   83.7500000       0.00000000    
   84.2500000       0.00000000    
   84.7500000       0.00000000    
   85.2500000       0.00000000    
   85.7500000       0.00000000    
   86.2500000       0.00000000    
   86.7500000       0.00000000    
   87.2500000       0.00000000    
   87.7500000       0.00000000    
   88.2500000       0.00000000    
   88.7500000       0.00000000    
   89.2500000       0.00000000    
   89.7500000       0.00000000    
   90.2500000       0.00000000    
   90.7500000       0.00000000    
   91.2500000       0.00000000    
   91.7500000       0.00000000    
   92.2500000       0.00000000    
   92.7500000       0.00000000    
   93.2500000       0.00000000    
   93.7500000       0.00000000    
   94.2500000       0.00000000    
   94.7500000       0.00000000    
   95.2500000       0.00000000    
   95.7500000       0.00000000    
   96.2500000       0.00000000    
   96.7500000       0.00000000    
   97.2500000       0.00000000    
   97.7500000       0.00000000    
   98.2500000       0.00000000    
   98.7500000       0.00000000    
   99.2500000       0.00000000    
   99.7500000       0.00000000    
   100.250000       0.00000000    
