   0.00000000       0.00000000    
  0.500000000       2.69297016E-06
   1.00000000      -5.73049329E-06
   1.50000000       1.04388764E-05
   2.00000000      -1.52894227E-05
   2.50000000       2.17700544E-05
   3.00000000      -2.61125660E-05
   3.50000000       2.99466792E-05
   4.00000000      -2.77350646E-05
   4.50000000       2.29783800E-05
   5.00000000      -1.01570586E-05
   5.50000000      -3.23109953E-06
   6.00000000       2.02610245E-05
   6.50000000      -2.91140896E-05
   7.00000000       3.32358941E-05
   7.50000000      -2.12371615E-05
   8.00000000       4.30547516E-06
   8.50000000       2.06175937E-05
   9.00000000      -3.27836133E-05
   9.50000000       3.48318863E-05
   10.0000000      -1.25700935E-05
   10.5000000      -1.04863138E-05
   11.0000000       3.08632225E-05
   11.5000000      -1.59051924E-05
   12.0000000      -1.77806942E-05
   12.5000000       6.40347280E-05
   13.0000000      -6.80466910E-05
   13.5000000       3.36599769E-05
   14.0000000       3.14957870E-05
   14.5000000      -4.19472562E-05
   15.0000000      -7.29220119E-06
   15.5000000       8.10369675E-05
   16.0000000      -3.99660494E-05
   16.5000000      -8.21817157E-05
   17.0000000       1.61119577E-04
   17.5000000       1.03639875E-04
   18.0000000       9.25371423E-05
   18.5000000       7.42376375E-04
   19.0000000       2.66110105E-03
   19.5000000       5.80295362E-03
   20.0000000       9.68130585E-03
   20.5000000       1.42588848E-02
   21.0000000       1.91488862E-02
   21.5000000       2.43780855E-02
   22.0000000       2.99356580E-02
   22.5000000       3.55517045E-02
   23.0000000       4.14937288E-02
   23.5000000       4.74729389E-02
   24.0000000       5.35378382E-02
   24.5000000       5.98326176E-02
   25.0000000       6.59787357E-02
   25.5000000       7.23569989E-02
   26.0000000       7.87087753E-02
   26.5000000       8.49581510E-02
   27.0000000       9.14743990E-02
   27.5000000       9.76899117E-02
   28.0000000      0.104020931    
   28.5000000      0.110474132    
   29.0000000      0.116409689    
   29.5000000      0.122771204    
   30.0000000      0.129094705    
   30.5000000      0.134161368    
   31.0000000      0.141228229    
   31.5000000      0.146721646    
   32.0000000      0.149681896    
   32.5000000      0.160828024    
   33.0000000      0.160338759    
   33.5000000      0.162582219    
   34.0000000      0.184416160    
   34.5000000      0.161817774    
   35.0000000      0.175641388    
   35.5000000      0.214198306    
   36.0000000      0.138157442    
   36.5000000      0.186104059    
   37.0000000      0.255261838    
   37.5000000       7.90077671E-02
   38.0000000      -2.36027222E-03
   38.5000000      -7.29953463E-04
   39.0000000       7.39912794E-05
   39.5000000      -6.12300719E-05
   40.0000000      -9.50083268E-06
   40.5000000       3.43463898E-06
   41.0000000       1.05135302E-06
   41.5000000      -5.61435662E-08
   42.0000000      -7.53284866E-08
   42.5000000      -4.36057990E-09
   43.0000000       4.35043424E-09
   43.5000000       4.90613050E-10
   44.0000000      -2.32789926E-10
   44.5000000      -3.06091194E-11
   45.0000000       1.23793007E-11
   45.5000000       1.40233615E-12
   46.0000000      -6.55793453E-13
   46.5000000      -4.28288115E-14
   47.0000000       3.30804991E-14
   47.5000000       1.50225528E-17
   48.0000000      -1.48644404E-15
   48.5000000       1.13468838E-16
   49.0000000       5.41422335E-17
   49.5000000      -9.74477161E-18
   50.0000000      -1.26302208E-18
   50.5000000       5.25900909E-19
   51.0000000      -8.56092837E-21
   51.5000000      -1.94324291E-20
   52.0000000       2.70282921E-21
   52.5000000       3.85596271E-22
   53.0000000      -1.50748870E-22
   53.5000000       6.54878915E-24
   54.0000000       4.47922558E-24
   54.5000000      -8.79385554E-25
   55.0000000      -2.53426435E-26
   55.5000000       3.40548387E-26
   56.0000000      -4.43825163E-27
   56.5000000      -4.34649214E-28
   57.0000000       2.17059431E-28
   57.5000000      -2.15990862E-29
   58.0000000      -3.38269056E-30
   58.5000000       1.26575125E-30
   59.0000000      -1.12239809E-31
   59.5000000      -1.98242259E-32
   60.0000000       6.99417375E-33
   60.5000000      -6.53499554E-34
   61.0000000      -9.26922984E-35
   61.5000000       3.66948154E-35
   62.0000000      -4.08549074E-36
   62.5000000      -3.11085882E-37
   63.0000000       1.78390350E-37
   63.5000000      -2.52433409E-38
   64.0000000      -2.28317763E-40
   64.5000000       7.62712741E-40
   65.0000000      -1.43738190E-40
   65.5000000       7.17324684E-42
   66.0000000       2.55736970E-42
   66.5000000      -7.13260918E-43
   67.0000000       7.56701171E-44
   67.5000000       1.40129846E-45
   68.0000000      -2.80259693E-45
   68.5000000       0.00000000    
   69.0000000       0.00000000    
   69.5000000       0.00000000    
   70.0000000       0.00000000    
   70.5000000       0.00000000    
   71.0000000       0.00000000    
   71.5000000       0.00000000    
   72.0000000       0.00000000    
   72.5000000       0.00000000    
   73.0000000       0.00000000    
   73.5000000       0.00000000    
   74.0000000       0.00000000    
   74.5000000       0.00000000    
   75.0000000       0.00000000    
   75.5000000       0.00000000    
   76.0000000       0.00000000    
   76.5000000       0.00000000    
   77.0000000       0.00000000    
   77.5000000       0.00000000    
   78.0000000       0.00000000    
   78.5000000       0.00000000    
   79.0000000       0.00000000    
   79.5000000       0.00000000    
   80.0000000       0.00000000    
   80.5000000       0.00000000    
   81.0000000       0.00000000    
   81.5000000       0.00000000    
   82.0000000       0.00000000    
   82.5000000       0.00000000    
   83.0000000       0.00000000    
   83.5000000       0.00000000    
   84.0000000       0.00000000    
   84.5000000       0.00000000    
   85.0000000       0.00000000    
   85.5000000       0.00000000    
   86.0000000       0.00000000    
   86.5000000       0.00000000    
   87.0000000       0.00000000    
   87.5000000       0.00000000    
   88.0000000       0.00000000    
   88.5000000       0.00000000    
   89.0000000       0.00000000    
   89.5000000       0.00000000    
   90.0000000       0.00000000    
   90.5000000       0.00000000    
   91.0000000       0.00000000    
   91.5000000       0.00000000    
   92.0000000       0.00000000    
   92.5000000       0.00000000    
   93.0000000       0.00000000    
   93.5000000       0.00000000    
   94.0000000       0.00000000    
   94.5000000       0.00000000    
   95.0000000       0.00000000    
   95.5000000       0.00000000    
   96.0000000       0.00000000    
   96.5000000       0.00000000    
   97.0000000       0.00000000    
   97.5000000       0.00000000    
   98.0000000       0.00000000    
   98.5000000       0.00000000    
   99.0000000       0.00000000    
   99.5000000       0.00000000    
   100.000000       0.00000000    
