   0.00000000       0.00000000    
  0.500000000       2.50293795E-07
   1.00000000       6.38993185E-07
   1.50000000      -4.77294350E-07
   2.00000000       5.54837385E-08
   2.50000000       1.48225206E-06
   3.00000000      -2.30469936E-08
   3.50000000      -3.45029491E-07
   4.00000000      -7.66570963E-07
   4.50000000      -1.38628093E-06
   5.00000000       2.98798597E-07
   5.50000000       8.83005896E-07
   6.00000000      -1.26781777E-06
   6.50000000      -9.33399292E-07
   7.00000000       2.43538079E-06
   7.50000000       2.25018812E-06
   8.00000000      -1.32120852E-06
   8.50000000      -9.72957082E-07
   9.00000000       1.38674898E-06
   9.50000000      -8.33594527E-07
   10.0000000      -1.52124721E-06
   10.5000000       1.26813188E-06
   11.0000000      -1.63749701E-06
   11.5000000      -8.14325745E-08
   12.0000000       2.88188630E-06
   12.5000000      -3.12339876E-06
   13.0000000      -2.39891136E-07
   13.5000000      -1.24660937E-06
   14.0000000       2.12959480E-06
   14.5000000       3.62871651E-06
   15.0000000       6.41693077E-07
   15.5000000      -2.08930055E-06
   16.0000000      -2.88342449E-07
   16.5000000      -3.74812339E-06
   17.0000000       1.23015843E-06
   17.5000000       2.00861450E-06
   18.0000000      -2.04897162E-07
   18.5000000       1.74529714E-06
   19.0000000       2.46054196E-06
   19.5000000      -1.37523693E-06
   20.0000000      -4.55581358E-06
   20.5000000      -7.96914492E-07
   21.0000000      -7.34141565E-08
   21.5000000      -2.76311653E-06
   22.0000000      -2.98674399E-06
   22.5000000       1.14562170E-06
   23.0000000       3.39962389E-06
   23.5000000       4.79032087E-06
   24.0000000       3.45350463E-06
   24.5000000       4.76323976E-06
   25.0000000       5.85145472E-07
   25.5000000       3.29091790E-07
   26.0000000      -7.84677286E-06
   26.5000000      -6.14282226E-06
   27.0000000      -7.14073713E-06
   27.5000000      -2.49610321E-06
   28.0000000      -1.64319601E-06
   28.5000000       2.31252898E-06
   29.0000000       3.78083405E-06
   29.5000000       6.23968208E-06
   30.0000000       9.63312050E-06
   30.5000000       9.20300590E-06
   31.0000000       8.54201244E-06
   31.5000000       8.47978663E-06
   32.0000000       4.28092744E-06
   32.5000000      -3.14680187E-06
   33.0000000      -7.98532346E-06
   33.5000000      -9.74990962E-06
   34.0000000      -1.30962535E-05
   34.5000000      -1.74691650E-05
   35.0000000      -1.73455264E-05
   35.5000000      -1.38486785E-05
   36.0000000      -1.01778214E-05
   36.5000000      -2.38758525E-06
   37.0000000       5.15023476E-06
   37.5000000       8.36865547E-06
   38.0000000       1.61767730E-05
   38.5000000       1.79680101E-05
   39.0000000       2.42034857E-05
   39.5000000       2.40901245E-05
   40.0000000       2.75133643E-05
   40.5000000       2.28199733E-05
   41.0000000       2.24231353E-05
   41.5000000       1.80226925E-05
   42.0000000       1.23928930E-05
   42.5000000       1.07198111E-05
   43.0000000       4.89241620E-06
   43.5000000      -2.53825942E-06
   44.0000000      -7.35126741E-06
   44.5000000      -1.40472494E-05
   45.0000000      -2.21549926E-05
   45.5000000      -2.53080616E-05
   46.0000000      -2.33727715E-05
   46.5000000      -2.10055223E-05
   47.0000000      -1.92383104E-05
   47.5000000      -1.68157785E-05
   48.0000000      -1.54294157E-05
   48.5000000      -1.74301858E-05
   49.0000000      -2.06325731E-05
   49.5000000      -1.98518010E-05
   50.0000000      -1.28932261E-05
   50.5000000      -2.81882831E-06
   51.0000000       5.53886730E-06
   51.5000000       9.53532071E-06
   52.0000000       8.80238622E-06
   52.5000000       4.03388822E-06
   53.0000000      -3.39664371E-06
   53.5000000      -1.05446761E-05
   54.0000000      -1.30813623E-05
   54.5000000      -7.74378441E-06
   55.0000000       4.82284395E-06
   55.5000000       1.96996807E-05
   56.0000000       3.02538938E-05
   56.5000000       3.17114136E-05
   57.0000000       2.32717139E-05
   57.5000000       8.08764526E-06
   58.0000000      -8.58332896E-06
   58.5000000      -2.13411313E-05
   59.0000000      -2.61447294E-05
   59.5000000      -2.11070692E-05
   60.0000000      -6.82294012E-06
   60.5000000       1.33253097E-05
   61.0000000       3.34960605E-05
   61.5000000       4.70408995E-05
   62.0000000       4.84628144E-05
   62.5000000       3.55055417E-05
   63.0000000       1.02084705E-05
   63.5000000      -2.13499916E-05
   64.0000000      -5.08658413E-05
   64.5000000      -7.02018224E-05
   65.0000000      -7.36096845E-05
   65.5000000      -5.91944954E-05
   66.0000000      -2.93934627E-05
   66.5000000       1.00454690E-05
   67.0000000       5.11397229E-05
   67.5000000       8.53844613E-05
   68.0000000       1.05326792E-04
   68.5000000       1.05862855E-04
   69.0000000       8.50801516E-05
   69.5000000       4.49737490E-05
   70.0000000      -9.03115688E-06
   70.5000000      -6.85106934E-05
   71.0000000      -1.23540565E-04
   71.5000000      -1.64086785E-04
   72.0000000      -1.81911906E-04
   72.5000000      -1.71680978E-04
   73.0000000      -1.32081346E-04
   73.5000000      -6.59425859E-05
   74.0000000       2.02005940E-05
   74.5000000       1.16979994E-04
   75.0000000       2.13663487E-04
   75.5000000       2.99311389E-04
   76.0000000       3.64342530E-04
   76.5000000       4.01484605E-04
   77.0000000       4.06402221E-04
   77.5000000       3.78187106E-04
   78.0000000       3.19427811E-04
   78.5000000       2.35823143E-04
   79.0000000       1.36232309E-04
   79.5000000       3.17933591E-05
   80.0000000      -6.41549195E-05
   80.5000000      -1.36707778E-04
   81.0000000      -1.69565392E-04
   81.5000000      -1.45110374E-04
   82.0000000      -4.42033925E-05
   82.5000000       1.54253750E-04
   83.0000000       4.74000000E-04
   83.5000000       9.42605548E-04
   84.0000000       1.59295334E-03
   84.5000000       2.46477569E-03
   85.0000000       3.60674411E-03
   85.5000000       5.07852947E-03
   86.0000000       6.95246924E-03
   86.5000000       9.31480899E-03
   87.0000000       1.22654606E-02
   87.5000000       1.59153920E-02
   88.0000000       2.03800220E-02
   88.5000000       2.57665068E-02
   89.0000000       3.21532078E-02
   89.5000000       3.95593494E-02
   90.0000000       4.79055382E-02
   90.5000000       5.69698699E-02
   91.0000000       6.63508475E-02
   91.5000000       7.54556656E-02
   92.0000000       8.35355595E-02
   92.5000000       8.97828192E-02
   93.0000000       9.34814140E-02
   93.5000000       9.41719487E-02
   94.0000000       9.17712525E-02
   94.5000000       8.65947604E-02
   95.0000000       7.92724788E-02
   95.5000000       7.05949292E-02
   96.0000000       6.13502264E-02
   96.5000000       5.22024706E-02
   97.0000000       4.36319709E-02
   97.5000000       3.59300785E-02
   98.0000000       2.92284973E-02
   98.5000000       2.35420428E-02
   99.0000000       1.88107844E-02
   99.5000000       1.49342734E-02
   100.000000       1.17960311E-02
   100.500000       9.27922968E-03
   101.000000       7.27560371E-03
   101.500000       5.68967732E-03
   102.000000       4.44002636E-03
   102.500000       3.45883332E-03
   103.000000       2.69057741E-03
   103.500000       2.09037866E-03
   104.000000       1.62230595E-03
   104.500000       1.25779910E-03
   105.000000       9.74281516E-04
   105.500000       7.53982924E-04
   106.000000       5.82960492E-04
   106.500000       4.50302177E-04
   107.000000       3.47484020E-04
   107.500000       2.67857278E-04
   108.000000       2.06241762E-04
   108.500000       1.58605108E-04
   109.000000       1.21810619E-04
   109.500000       9.34197087E-05
   110.000000       7.15376009E-05
   110.500000       5.46926858E-05
   111.000000       4.17426891E-05
   111.500000       3.18013554E-05
   112.000000       2.41815505E-05
   112.500000       1.83508837E-05
   113.000000       1.38971909E-05
   113.500000       1.05016979E-05
   114.000000       7.91811999E-06
   114.500000       5.95641268E-06
   115.000000       4.47012962E-06
   115.500000       3.34659762E-06
   116.000000       2.49926688E-06
   116.500000       1.86177715E-06
   117.000000       1.38334804E-06
   117.500000       1.02520028E-06
   118.000000       7.57786324E-07
   118.500000       5.58643762E-07
   119.000000       4.10737556E-07
   119.500000       3.01181501E-07
   120.000000       2.20252815E-07
   120.500000       1.60635025E-07
   121.000000       1.16837597E-07
   121.500000       8.47515693E-08
   122.000000       6.13106934E-08
   122.500000       4.42333281E-08
   123.000000       3.18266231E-08
   123.500000       2.28382433E-08
   124.000000       1.63444529E-08
   124.500000       1.16659162E-08
   125.000000       8.30450730E-09
   125.500000       5.89606231E-09
   126.000000       4.17513313E-09
   126.500000       2.94880609E-09
   127.000000       2.07729212E-09
   127.500000       1.45959622E-09
   128.000000       1.02296360E-09
   128.500000       7.15136284E-10
   129.000000       4.98686759E-10
   129.500000       3.46885770E-10
   130.000000       2.40698933E-10
   130.500000       1.66609823E-10
   131.000000       1.15047027E-10
   131.500000       7.92516747E-11
   132.000000       5.44639958E-11
   132.500000       3.73412239E-11
   133.000000       2.55420303E-11
   133.500000       1.74309144E-11
   134.000000       1.18684125E-11
   134.500000       8.06274145E-12
   135.000000       5.46512835E-12
   135.500000       3.69619873E-12
   136.000000       2.49435021E-12
   136.500000       1.67964058E-12
   137.000000       1.12860459E-12
   137.500000       7.56733977E-13
   138.000000       5.06326155E-13
   138.500000       3.38074512E-13
   139.000000       2.25267640E-13
   139.500000       1.49795500E-13
   140.000000       9.94080239E-14
   140.500000       6.58378788E-14
   141.000000       4.35181981E-14
   141.500000       2.87088299E-14
   142.000000       1.89024567E-14
   142.500000       1.24218923E-14
   143.000000       8.14764550E-15
   143.500000       5.33407352E-15
   144.000000       3.48557806E-15
   144.500000       2.27343685E-15
   145.000000       1.48006111E-15
   145.500000       9.61710515E-16
   146.000000       6.23612549E-16
   146.500000       4.03391685E-16
   147.000000       2.60055817E-16
   147.500000       1.66686290E-16
   148.000000       1.05591054E-16
   148.500000       6.50877190E-17
   149.000000       3.73580176E-17
   149.500000       1.69971256E-17
   150.000000       0.00000000    
