 -0.250000000      -1.19338529E-05
  0.250000000      -1.19338529E-05
  0.750000000      -2.63357083E-06
   1.25000000      -2.09592945E-05
   1.75000000       5.35950130E-06
   2.25000000      -2.83243498E-05
   2.75000000       1.08564554E-05
   3.25000000      -3.28193455E-05
   3.75000000       1.24566059E-05
   4.25000000      -3.31125775E-05
   4.75000000       9.17353373E-06
   5.25000000      -2.87638650E-05
   5.75000000       1.26316684E-06
   6.25000000      -2.08439833E-05
   6.75000000      -9.21922310E-06
   7.25000000      -1.28486927E-05
   7.75000000      -1.75716486E-05
   8.25000000      -9.71552072E-06
   8.75000000      -1.91118997E-05
   9.25000000      -1.51780332E-05
   9.75000000      -1.23096925E-05
   10.2500000      -2.81022039E-05
   10.7500000      -1.57268119E-06
   11.2500000      -4.03128470E-05
   11.7500000       2.34262325E-06
   12.2500000      -4.05177743E-05
   12.7500000      -9.65493928E-06
   13.2500000      -2.47393182E-05
   13.7500000      -3.42535932E-05
   14.2500000      -4.39296991E-06
   14.7500000      -5.31923688E-05
   15.2500000      -4.68721140E-07
   15.7500000      -4.94026062E-05
   16.2500000      -1.94521781E-05
   16.7500000      -3.08347371E-05
   17.2500000      -3.87626569E-05
   17.7500000      -2.78656644E-05
   18.2500000      -3.20880645E-05
   18.7500000      -5.02281691E-05
   19.2500000      -1.48551908E-05
   19.7500000      -5.90100681E-05
   20.2500000      -3.30978910E-05
   20.7500000      -2.52250848E-05
   21.2500000      -7.77245514E-05
   21.7500000      -8.74438172E-07
   22.2500000      -7.42453340E-05
   22.7500000      -4.21147124E-05
   23.2500000      -2.42436709E-05
   23.7500000      -7.93523359E-05
   24.2500000      -2.94987331E-05
   24.7500000      -4.62255121E-05
   25.2500000      -6.62849270E-05
   25.7500000      -4.82658907E-05
   26.2500000      -2.94099300E-05
   26.7500000      -8.83062457E-05
   27.2500000      -4.37890703E-05
   27.7500000      -1.65174242E-05
   28.2500000      -1.20285404E-04
   28.7500000      -2.28506451E-05
   29.2500000      -2.27747933E-05
   29.7500000      -1.24970931E-04
   30.2500000      -3.15725483E-05
   30.7500000      -1.98750058E-05
   31.2500000      -9.30392998E-05
   31.7500000      -9.49593887E-05
   32.2500000      -1.14382574E-05
   32.7500000      -4.17692945E-06
   33.2500000      -1.71039021E-04
   33.7500000      -9.15190612E-05
   34.2500000       1.28691929E-04
   34.7500000       3.86028842E-06
   35.2500000      -6.45394466E-05
   35.7500000       4.63383942E-04
   36.2500000       1.81282870E-03
   36.7500000       4.17398522E-03
   37.2500000       7.18192197E-03
   37.7500000       1.04948049E-02
   38.2500000       1.42675005E-02
   38.7500000       1.82265285E-02
   39.2500000       2.22216230E-02
   39.7500000       2.65640579E-02
   40.2500000       3.09248157E-02
   40.7500000       3.53135541E-02
   41.2500000       4.00118157E-02
   41.7500000       4.44787927E-02
   42.2500000       4.92877513E-02
   42.7500000       5.42433448E-02
   43.2500000       5.83342388E-02
   43.7500000       6.40019253E-02
   44.2500000       6.92250431E-02
   44.7500000       7.17313960E-02
   45.2500000       7.94825405E-02
   45.7500000       8.55500251E-02
   46.2500000       8.33419338E-02
   46.7500000       9.53639075E-02
   47.2500000      0.105261311    
   47.7500000       9.14768130E-02
   48.2500000      0.109046303    
   48.7500000      0.132512853    
   49.2500000       9.66402814E-02
   49.7500000      0.112701461    
   50.2500000      0.170811012    
   50.7500000      0.107268795    
   51.2500000       9.51974541E-02
   51.7500000      0.211936519    
   52.2500000      0.142002583    
   52.7500000       5.92726655E-02
   53.2500000      0.222645223    
   53.7500000      0.216791153    
   54.2500000       3.75729911E-02
   54.7500000      0.167841598    
   55.2500000      0.310123652    
   55.7500000       7.06333667E-02
   56.2500000       8.34382772E-02
   56.7500000      0.341225982    
   57.2500000      0.159505144    
   57.7500000      -6.81641465E-03
   58.2500000      -2.02507339E-03
   58.7500000       5.45712886E-04
   59.2500000      -4.35071415E-05
   59.7500000      -6.81298025E-06
   60.2500000       2.34983349E-06
   60.7500000      -2.33698003E-07
   61.2500000      -1.96884837E-08
   61.7500000       9.80504566E-09
   62.2500000      -1.27911581E-09
   62.7500000      -5.72921988E-11
   63.2500000       4.81184884E-11
   63.7500000      -5.19620545E-12
   64.2500000      -6.01019614E-13
   64.7500000       1.44371236E-13
   65.2500000       2.73963024E-15
   65.7500000       6.83948823E-16
   66.2500000      -7.68714005E-16
   66.7500000      -1.28973776E-16
   67.2500000       7.25999682E-17
   67.7500000       2.36770938E-18
   68.2500000      -4.06186213E-18
   68.7500000       1.44781423E-19
   69.2500000       1.84736327E-19
   69.7500000      -1.79536644E-20
   70.2500000      -7.41755393E-21
   70.7500000       1.31696383E-21
   71.2500000       2.43985994E-22
   71.7500000      -7.82655536E-23
   72.2500000      -4.43104472E-24
   72.7500000       3.83920735E-24
   73.2500000      -1.63756517E-25
   73.7500000      -1.48689274E-25
   74.2500000       2.20668230E-26
   74.7500000       3.86947984E-27
   75.2500000      -1.33414541E-27
   75.7500000      -6.00112548E-30
   76.2500000       5.43344499E-29
   76.7500000      -6.30930249E-30
   77.2500000      -1.35289469E-30
   77.7500000       4.16852020E-31
   78.2500000      -2.23343339E-33
   78.7500000      -1.55496068E-32
   79.2500000       2.19668193E-33
   79.7500000       2.74631618E-34
   80.2500000      -1.19811355E-34
   80.7500000       7.20561822E-36
   81.2500000       3.28016088E-36
   81.7500000      -7.46232104E-37
   82.2500000      -3.77560814E-39
   82.7500000       2.68527237E-38
   83.2500000      -4.04440661E-39
   83.7500000      -2.91765755E-40
   84.2500000       1.85400195E-40
   84.7500000      -2.00427719E-41
   85.2500000      -2.98196313E-42
   85.7500000       1.16588032E-42
   86.2500000      -9.24856986E-44
   86.7500000      -2.24207754E-44
   87.2500000       8.40779079E-45
   87.7500000       0.00000000    
   88.2500000       0.00000000    
   88.7500000       0.00000000    
   89.2500000       0.00000000    
   89.7500000       0.00000000    
   90.2500000       0.00000000    
   90.7500000       0.00000000    
   91.2500000       0.00000000    
   91.7500000       0.00000000    
   92.2500000       0.00000000    
   92.7500000       0.00000000    
   93.2500000       0.00000000    
   93.7500000       0.00000000    
   94.2500000       0.00000000    
   94.7500000       0.00000000    
   95.2500000       0.00000000    
   95.7500000       0.00000000    
   96.2500000       0.00000000    
   96.7500000       0.00000000    
   97.2500000       0.00000000    
   97.7500000       0.00000000    
   98.2500000       0.00000000    
   98.7500000       0.00000000    
   99.2500000       0.00000000    
   99.7500000       0.00000000    
   100.250000       0.00000000    
