   0.00000000       0.00000000    
  0.500000000      -3.15304874E-06
   1.00000000       8.57379018E-06
   1.50000000      -9.78601656E-06
   2.00000000       1.73305270E-05
   2.50000000      -1.63738951E-05
   3.00000000       2.60348115E-05
   3.50000000      -2.22479612E-05
   4.00000000       3.32635536E-05
   4.50000000      -2.56270632E-05
   5.00000000       3.71460847E-05
   5.50000000      -2.41790258E-05
   6.00000000       3.53669166E-05
   6.50000000      -1.64890262E-05
   7.00000000       2.74827471E-05
   7.50000000      -3.50841083E-06
   8.00000000       1.67258149E-05
   8.50000000       9.72380440E-06
   9.00000000       9.41056715E-06
   9.50000000       1.61663047E-05
   10.0000000       1.23413411E-05
   10.5000000       1.03746024E-05
   11.0000000       2.75692073E-05
   11.5000000      -4.23521487E-06
   12.0000000       4.64613113E-05
   12.5000000      -1.48321269E-05
   13.0000000       5.32831727E-05
   13.5000000      -6.30375007E-06
   14.0000000       3.83794686E-05
   14.5000000       2.15864602E-05
   15.0000000       1.29607724E-05
   15.5000000       4.71793610E-05
   16.0000000       3.63470645E-06
   16.5000000       4.69097249E-05
   17.0000000       2.18427595E-05
   17.5000000       2.83277241E-05
   18.0000000       4.06040745E-05
   18.5000000       2.94817546E-05
   19.0000000       2.66392290E-05
   19.5000000       6.07565598E-05
   20.0000000       2.93837365E-06
   20.5000000       7.01280733E-05
   21.0000000       2.85195147E-05
   21.5000000       2.44112853E-05
   22.0000000       8.39335407E-05
   22.5000000      -3.53593532E-06
   23.0000000       7.52910564E-05
   23.5000000       4.59751536E-05
   24.0000000       2.32753955E-05
   24.5000000       7.38153176E-05
   25.0000000       4.35499969E-05
   25.5000000       3.45297776E-05
   26.0000000       6.51855298E-05
   26.5000000       6.71715607E-05
   27.0000000       6.78703691E-06
   27.5000000       9.44874409E-05
   28.0000000       6.45005857E-05
   28.5000000      -1.09931498E-05
   29.0000000       1.23871388E-04
   29.5000000       5.25002142E-05
   30.0000000      -5.06126526E-06
   30.5000000       1.09528657E-04
   31.0000000       7.72184430E-05
   31.5000000       1.29387963E-05
   32.0000000       3.42292988E-05
   32.5000000       1.33615424E-04
   33.0000000       8.17902182E-05
   33.5000000      -8.16089450E-05
   34.0000000       9.90549888E-05
   34.5000000       2.62287620E-04
   35.0000000       6.40916696E-05
   35.5000000       1.03226921E-04
   36.0000000       8.04114447E-04
   36.5000000       2.39698077E-03
   37.0000000       4.98463027E-03
   37.5000000       8.06196593E-03
   38.0000000       1.14511894E-02
   38.5000000       1.52989486E-02
   39.0000000       1.92031134E-02
   39.5000000       2.32121702E-02
   40.0000000       2.75631864E-02
   40.5000000       3.18022780E-02
   41.0000000       3.62003669E-02
   41.5000000       4.08031531E-02
   42.0000000       4.51122932E-02
   42.5000000       5.00073694E-02
   43.0000000       5.46009988E-02
   43.5000000       5.85858375E-02
   44.0000000       6.46345913E-02
   44.5000000       6.87722936E-02
   45.0000000       7.14076161E-02
   45.5000000       8.04661140E-02
   46.0000000       8.36433321E-02
   46.5000000       8.19174573E-02
   47.0000000       9.79110226E-02
   47.5000000      0.101093166    
   48.0000000       8.73123035E-02
   48.5000000      0.115509026    
   49.0000000      0.126045465    
   49.5000000       8.58150199E-02
   50.0000000      0.125546604    
   50.5000000      0.165215701    
   51.0000000       8.38451013E-02
   51.5000000      0.112261660    
   52.0000000      0.216839373    
   52.5000000      0.101921111    
   53.0000000       6.81421235E-02
   53.5000000      0.251813740    
   54.0000000      0.164385229    
   54.5000000       2.22440287E-02
   55.0000000      0.219708174    
   55.5000000      0.267441541    
   56.0000000       2.49032713E-02
   56.5000000      0.129763722    
   57.0000000      0.337767005    
   57.5000000       9.03070569E-02
   58.0000000      -1.39030982E-02
   58.5000000       7.75753870E-05
   59.0000000       3.57342651E-04
   59.5000000      -6.58585705E-05
   60.0000000       2.18492505E-06
   60.5000000       1.35249172E-06
   61.0000000      -2.94851475E-07
   61.5000000       1.71469896E-08
   62.0000000       4.78638551E-09
   62.5000000      -1.36782585E-09
   63.0000000       1.04309818E-10
   63.5000000       2.29709932E-11
   64.0000000      -6.01295359E-12
   64.5000000       1.39125988E-13
   65.0000000       9.15120031E-14
   65.5000000      -3.87906531E-15
   66.0000000       4.47503917E-16
   66.5000000      -7.46157994E-16
   67.0000000       1.10610989E-17
   67.5000000       5.66775685E-17
   68.0000000      -5.51270673E-18
   68.5000000      -2.56504613E-18
   69.0000000       4.40763396E-19
   69.5000000       9.37003961E-20
   70.0000000      -2.62648036E-20
   70.5000000      -2.66214307E-21
   71.0000000       1.38801795E-21
   71.5000000       2.05075058E-23
   72.0000000      -6.44821152E-23
   72.5000000       4.51090742E-24
   73.0000000       2.44648249E-24
   73.5000000      -4.27686363E-25
   74.0000000      -6.28400557E-26
   74.5000000       2.46275071E-26
   75.0000000      -1.35820432E-29
   75.5000000      -1.01572679E-27
   76.0000000       1.17173939E-28
   76.5000000       2.70683856E-29
   77.0000000      -7.96141372E-30
   77.5000000      -7.09449867E-32
   78.0000000       3.19119539E-31
   78.5000000      -3.91166287E-32
   79.0000000      -6.91964962E-33
   79.5000000       2.42291977E-33
   80.0000000      -7.98568069E-35
   80.5000000      -7.82394404E-35
   81.0000000       1.42537185E-35
   81.5000000       7.39547663E-37
   82.0000000      -6.23043619E-37
   82.5000000       6.83253905E-38
   83.0000000       1.14645664E-38
   83.5000000      -4.18404180E-39
   84.0000000       2.64996750E-40
   84.5000000       1.01494646E-40
   85.0000000      -2.55302567E-41
   85.5000000       7.58102469E-43
   86.0000000       7.34280395E-43
   86.5000000      -1.45735040E-43
   87.0000000       0.00000000    
   87.5000000       7.00649232E-45
   88.0000000       0.00000000    
   88.5000000       0.00000000    
   89.0000000       0.00000000    
   89.5000000       0.00000000    
   90.0000000       0.00000000    
   90.5000000       0.00000000    
   91.0000000       0.00000000    
   91.5000000       0.00000000    
   92.0000000       0.00000000    
   92.5000000       0.00000000    
   93.0000000       0.00000000    
   93.5000000       0.00000000    
   94.0000000       0.00000000    
   94.5000000       0.00000000    
   95.0000000       0.00000000    
   95.5000000       0.00000000    
   96.0000000       0.00000000    
   96.5000000       0.00000000    
   97.0000000       0.00000000    
   97.5000000       0.00000000    
   98.0000000       0.00000000    
   98.5000000       0.00000000    
   99.0000000       0.00000000    
   99.5000000       0.00000000    
   100.000000       0.00000000    
