   0.00000000       0.00000000    
  0.100000001       4.77635549E-05
  0.200000003       9.54786810E-05
  0.300000012       1.43099271E-04
  0.400000006       1.90579798E-04
  0.500000000       2.37874949E-04
  0.600000024       2.84933602E-04
  0.699999988       3.31708346E-04
  0.800000012       3.78158875E-04
  0.900000036       4.24238475E-04
   1.00000000       4.69896768E-04
   1.10000002       5.15089778E-04
   1.20000005       5.59774402E-04
   1.30000007       6.03907683E-04
   1.39999998       6.47444685E-04
   1.50000000       6.90341461E-04
   1.60000002       7.32557324E-04
   1.70000005       7.74049491E-04
   1.80000007       8.14780593E-04
   1.89999998       8.54708720E-04
   2.00000000       8.93790100E-04
   2.10000014       9.31989809E-04
   2.20000005       9.69272573E-04
   2.29999995       1.00559799E-03
   2.40000010       1.04093074E-03
   2.50000000       1.07523554E-03
   2.60000014       1.10847666E-03
   2.70000005       1.14062394E-03
   2.79999995       1.17164792E-03
   2.90000010       1.20151555E-03
   3.00000000       1.23019645E-03
   3.10000014       1.25766580E-03
   3.20000005       1.28389278E-03
   3.29999995       1.30885036E-03
   3.40000010       1.33251841E-03
   3.50000000       1.35487213E-03
   3.60000014       1.37588801E-03
   3.70000005       1.39554811E-03
   3.79999995       1.41383091E-03
   3.90000010       1.43071846E-03
   4.00000000       1.44619250E-03
   4.09999990       1.46023685E-03
   4.20000029       1.47284183E-03
   4.30000019       1.48399547E-03
   4.40000010       1.49368390E-03
   4.50000000       1.50189770E-03
   4.59999990       1.50863174E-03
   4.70000029       1.51387800E-03
   4.80000019       1.51762913E-03
   4.90000010       1.51988165E-03
   5.00000000       1.52063533E-03
   5.09999990       1.51989004E-03
   5.20000029       1.51764601E-03
   5.30000019       1.51390384E-03
   5.40000010       1.50866737E-03
   5.50000000       1.50194438E-03
   5.59999990       1.49374304E-03
   5.70000029       1.48406858E-03
   5.80000019       1.47293112E-03
   5.90000010       1.46034523E-03
   6.00000000       1.44632324E-03
   6.09999990       1.43087585E-03
   6.20000029       1.41401915E-03
   6.30000019       1.39577314E-03
   6.40000010       1.37615670E-03
   6.50000000       1.35519239E-03
   6.59999990       1.33290002E-03
   6.70000029       1.30930450E-03
   6.80000019       1.28443341E-03
   6.90000010       1.25830935E-03
   7.00000000       1.23096223E-03
   7.09999990       1.20242673E-03
   7.20000029       1.17273186E-03
   7.30000019       1.14191312E-03
   7.40000010       1.11000973E-03
   7.50000000       1.07705849E-03
   7.59999990       1.04309840E-03
   7.70000029       1.00817543E-03
   7.80000019       9.72337381E-04
   7.90000010       9.35634249E-04
   8.00000000       8.98123661E-04
   8.10000038       8.59861437E-04
   8.19999981       8.20907881E-04
   8.30000019       7.81335111E-04
   8.40000057       7.41220079E-04
   8.50000000       7.00642180E-04
   8.60000038       6.59692800E-04
   8.69999981       6.18471357E-04
   8.80000019       5.77091181E-04
   8.90000057       5.35679748E-04
   9.00000000       4.94379026E-04
   9.10000038       4.53349028E-04
   9.19999981       4.12772846E-04
   9.30000019       3.72866052E-04
   9.40000057       3.33871896E-04
   9.50000000       2.96064914E-04
   9.60000038       2.59770226E-04
   9.69999981       2.25369746E-04
   9.80000019       1.93302214E-04
   9.90000057       1.64080324E-04
   10.0000000       1.38306059E-04
   10.1000004       1.16316827E-04
   10.1999998       9.78236421E-05
   10.3000002       8.22707007E-05
   10.4000006       6.91905079E-05
   10.5000000       5.81899330E-05
   10.6000004       4.89383347E-05
   10.6999998       4.11576475E-05
   10.8000002       3.46140077E-05
   10.9000006       2.91107408E-05
   11.0000000       2.44824332E-05
   11.1000004       2.05899778E-05
   11.1999998       1.73163844E-05
   11.3000002       1.45632584E-05
   11.4000006       1.22478514E-05
   11.5000000       1.03005686E-05
   11.6000004       8.66288428E-06
   11.6999998       7.28557507E-06
   11.8000002       6.12724398E-06
   11.9000006       5.15307556E-06
   12.0000000       4.33379000E-06
   12.1000004       3.64476182E-06
   12.1999998       3.06528250E-06
   12.3000002       2.57793431E-06
   12.4000006       2.16806916E-06
   12.5000000       1.82336862E-06
   12.6000004       1.53347196E-06
   12.6999998       1.28966565E-06
   12.8000002       1.08462200E-06
   12.9000006       9.12178336E-07
   13.0000000       7.67151448E-07
   13.1000004       6.45182297E-07
   13.1999998       5.42604994E-07
   13.3000002       4.56336437E-07
   13.4000006       3.83783629E-07
   13.5000000       3.22765970E-07
   13.6000004       2.71449522E-07
   13.6999998       2.28291853E-07
   13.8000002       1.91995809E-07
   13.9000006       1.61470467E-07
   14.0000000       1.35798331E-07
   14.1000004       1.14207801E-07
   14.1999998       9.60499378E-08
   14.3000002       8.07789888E-08
   14.4000006       6.79359715E-08
   14.5000000       5.71348551E-08
   14.6000004       4.80510032E-08
   14.6999998       4.04113898E-08
   14.8000002       3.39863995E-08
   14.9000006       2.85829120E-08
   15.0000000       2.40385258E-08
   15.1000004       2.02166479E-08
   15.1999998       1.70024101E-08
   15.3000002       1.42992027E-08
   15.4000006       1.20257768E-08
   15.5000000       1.01138031E-08
   15.6000004       8.50581294E-09
   15.6999998       7.15347648E-09
   15.8000002       6.01614847E-09
   15.9000006       5.05964293E-09
   16.0000000       4.25521263E-09
   16.1000004       3.57867735E-09
   16.2000008       3.00970449E-09
   16.3000011       2.53119259E-09
   16.3999996       2.12875917E-09
   16.5000000       1.79030857E-09
   16.6000004       1.50566792E-09
   16.7000008       1.26628241E-09
   16.8000011       1.06495646E-09
   16.8999996       8.95639396E-10
   17.0000000       7.53242080E-10
   17.1000004       6.33484376E-10
   17.2000008       5.32766886E-10
   17.3000011       4.48062476E-10
   17.3999996       3.76825154E-10
   17.5000000       3.16913856E-10
   17.6000004       2.66527828E-10
   17.7000008       2.24152655E-10
   17.8000011       1.88514690E-10
   17.8999996       1.58542804E-10
   18.0000000       1.33336134E-10
   18.1000004       1.12137070E-10
   18.2000008       9.43084430E-11
   18.3000011       7.93143745E-11
   18.3999996       6.67042047E-11
   18.5000000       5.60989276E-11
   18.6000004       4.71797774E-11
   18.7000008       3.96786805E-11
   18.8000011       3.33701781E-11
   18.8999996       2.80646652E-11
   19.0000000       2.36026736E-11
   19.1000004       1.98500921E-11
   19.2000008       1.66941322E-11
   19.3000011       1.40399385E-11
   19.3999996       1.18077345E-11
   19.5000000       9.93042541E-12
   19.6000004       8.35158939E-12
   19.7000008       7.02377349E-12
   19.8000011       5.90706607E-12
   19.8999996       4.96790369E-12
   20.0000000       4.17805851E-12
   20.1000004       3.51379039E-12
   20.2000008       2.95513418E-12
   20.3000011       2.48529821E-12
   20.3999996       2.09016138E-12
   20.5000000       1.75784734E-12
   20.6000004       1.47836778E-12
   20.7000008       1.24332261E-12
   20.8000011       1.04564718E-12
   20.8999996       8.79400123E-13
   21.0000000       7.39584555E-13
   21.1000004       6.21998275E-13
   21.2000008       5.23106948E-13
   21.3000011       4.39938369E-13
   21.3999996       3.69992719E-13
   21.5000000       3.11167677E-13
   21.6000004       2.61695234E-13
   21.7000008       2.20088379E-13
   21.8000011       1.85096608E-13
   21.8999996       1.55668162E-13
   22.0000000       1.30918537E-13
   22.1000004       1.10103841E-13
   22.2000008       9.25984685E-14
   22.3000011       7.78762702E-14
   22.3999996       6.54947491E-14
   22.5000000       5.50817597E-14
   22.6000004       4.63243268E-14
   22.7000008       3.89592330E-14
   22.8000011       3.27651182E-14
   22.8999996       2.75558029E-14
   23.0000000       2.31747164E-14
   23.1000004       1.94901739E-14
   23.2000008       1.63914377E-14
   23.3000011       1.37853680E-14
   23.3999996       1.15936373E-14
   23.5000000       9.75036820E-15
   23.6000004       8.20016069E-15
   23.7000008       6.89641986E-15
   23.8000011       5.79995985E-15
   23.8999996       4.87782642E-15
   24.0000000       4.10230211E-15
   24.1000004       3.45007870E-15
   24.2000008       2.90155181E-15
   24.3000011       2.44023522E-15
   24.3999996       2.05226300E-15
   24.5000000       1.72597447E-15
   24.6000004       1.45156227E-15
   24.7000008       1.22077882E-15
   24.8000011       1.02668768E-15
   24.8999996       8.63454904E-16
   25.0000000       7.26174475E-16
   25.1000004       6.10720231E-16
   25.2000008       5.13622039E-16
   25.3000011       4.31961445E-16
   25.3999996       3.63284014E-16
   25.5000000       3.05525605E-16
   25.6000004       2.56950197E-16
   25.7000008       2.16097759E-16
   25.8000011       1.81740448E-16
   25.8999996       1.52845600E-16
   26.0000000       1.28544741E-16
   26.1000004       1.08107450E-16
   26.2000008       9.09194776E-17
   26.3000011       7.64642251E-17
   26.3999996       6.43072046E-17
   26.5000000       5.40830239E-17
   26.6000004       4.54843789E-17
   26.7000008       3.82528285E-17
   26.8000011       3.21710260E-17
   26.8999996       2.70561646E-17
   27.0000000       2.27545161E-17
   27.1000004       1.91367821E-17
   27.2000008       1.60942315E-17
   27.3000011       1.35354144E-17
   27.3999996       1.13834238E-17
   27.5000000       9.57357665E-18
   27.6000004       8.05147747E-18
   27.7000008       6.77137535E-18
   27.8000011       5.69479648E-18
   27.8999996       4.78938278E-18
   28.0000000       4.02792042E-18
   28.1000004       3.38752278E-18
   28.2000008       2.84894176E-18
   28.3000011       2.39598965E-18
   28.3999996       2.01505188E-18
   28.5000000       1.69467935E-18
   28.6000004       1.42524295E-18
   28.7000008       1.19864406E-18
   28.8000011       1.00807209E-18
   28.8999996       8.47799020E-19
   29.0000000       7.13007716E-19
   29.1000004       5.99646801E-19
   29.2000008       5.04309169E-19
   29.3000011       4.24129182E-19
   29.3999996       3.56697031E-19
   29.5000000       2.99985890E-19
   29.6000004       2.52291224E-19
   29.7000008       2.12179517E-19
   29.8000011       1.78445179E-19
   29.8999996       1.50074241E-19
   30.0000000       1.26213984E-19
   30.1000004       1.06147261E-19
   30.2000008       8.92709473E-20
   30.3000011       7.50777946E-20
   30.3999996       6.31411971E-20
   30.5000000       5.31024007E-20
   30.6000004       4.46596687E-20
   30.7000008       3.75592408E-20
   30.8000011       3.15877108E-20
   30.8999996       2.65655904E-20
   31.0000000       2.23419367E-20
   31.1000004       1.87898002E-20
   31.2000008       1.58024164E-20
   31.3000011       1.32899959E-20
   31.3999996       1.11770236E-20
   31.5000000       9.39999243E-21
   31.6000004       7.90549032E-21
   31.7000008       6.64859948E-21
   31.8000011       5.59154061E-21
   31.8999996       4.70254400E-21
   32.0000000       3.95488824E-21
   32.1000023       3.32610172E-21
   32.2000008       2.79728572E-21
   32.2999992       2.35254629E-21
   32.4000015       1.97851566E-21
   32.5000000       1.66395216E-21
   32.6000023       1.39940108E-21
   32.7000008       1.17691070E-21
   32.7999992       9.89794203E-22
   32.9000015       8.32427080E-22
   33.0000000       7.00079697E-22
   33.1000023       5.88774326E-22
   33.2000008       4.95165289E-22
   33.2999992       4.16439117E-22
   33.4000015       3.50229604E-22
   33.5000000       2.94546728E-22
   33.6000023       2.47716839E-22
   33.7000008       2.08332410E-22
   33.7999992       1.75209705E-22
   33.9000015       1.47353171E-22
   34.0000000       1.23925542E-22
   34.1000023       1.04222656E-22
   34.2000008       8.76523294E-23
   34.2999992       7.37165146E-23
   34.4000015       6.19963577E-23
   34.5000000       5.21395754E-23
   34.6000023       4.38499189E-23
   34.7000008       3.68782376E-23
   34.7999992       3.10149784E-23
   34.9000015       2.60839193E-23
   35.0000000       2.19368460E-23
   35.1000023       1.84491137E-23
   35.2000008       1.55158953E-23
   35.2999992       1.30490279E-23
   35.4000015       1.09743671E-23
   35.5000000       9.22955505E-24
   35.6000023       7.76215149E-24
   35.7000008       6.52804921E-24
   35.7999992       5.49015714E-24
   35.9000015       4.61727900E-24
   36.0000000       3.88317924E-24
   36.1000023       3.26579363E-24
   36.2000008       2.74656597E-24
   36.2999992       2.30989044E-24
   36.4000015       1.94264177E-24
   36.5000000       1.63378172E-24
   36.6000023       1.37402737E-24
   36.7000008       1.15557118E-24
   36.7999992       9.71847349E-25
   36.9000015       8.17333656E-25
   37.0000000       6.87386029E-25
   37.1000023       5.78098768E-25
   37.2000008       4.86187055E-25
   37.2999992       4.08888350E-25
   37.4000015       3.43879309E-25
   37.5000000       2.89206022E-25
   37.6000023       2.43225243E-25
   37.7000008       2.04554948E-25
   37.7999992       1.72032814E-25
   37.9000015       1.44681379E-25
   38.0000000       1.21678528E-25
   38.1000023       1.02332904E-25
   38.2000008       8.60630299E-26
   38.2999992       7.23799047E-26
   38.4000015       6.08722422E-26
   38.5000000       5.11941854E-26
   38.6000023       4.30548357E-26
   38.7000008       3.62095630E-26
   38.7999992       3.04526163E-26
   38.9000015       2.56109640E-26
   39.0000000       2.15390859E-26
   39.1000023       1.81145929E-26
   39.2000008       1.52345604E-26
   39.2999992       1.28124238E-26
   39.4000015       1.07753801E-26
   39.5000000       9.06220605E-27
   39.6000023       7.62140938E-27
   39.7000008       6.40968360E-27
   39.7999992       5.39060974E-27
   39.9000015       4.53355859E-27
   40.0000000       3.81277006E-27
   40.1000023       3.20657918E-27
   40.2000008       2.69676607E-27
   40.2999992       2.26800804E-27
   40.4000015       1.90741829E-27
   40.5000000       1.60415838E-27
   40.6000023       1.34911383E-27
   40.7000008       1.13461849E-27
   40.7999992       9.54225969E-28
   40.9000015       8.02513919E-28
   41.0000000       6.74922505E-28
   41.1000023       5.67616766E-28
   41.2000008       4.77371540E-28
   41.2999992       4.01474421E-28
   41.4000015       3.37644143E-28
   41.5000000       2.83962217E-28
   41.6000023       2.38815145E-28
   41.7000008       2.00846014E-28
   41.7999992       1.68913577E-28
   41.9000015       1.42058061E-28
   42.0000000       1.19472308E-28
   42.1000023       1.00477444E-28
   42.2000008       8.45025657E-29
   42.2999992       7.10675251E-29
   42.4000015       5.97685215E-29
   42.5000000       5.02659440E-29
   42.6000023       4.22741773E-29
   42.7000008       3.55530189E-29
   42.7999992       2.99004566E-29
   42.9000015       2.51465934E-29
   43.0000000       2.11485434E-29
   43.1000023       1.77861436E-29
   43.2000008       1.49583323E-29
   43.2999992       1.25801135E-29
   43.4000015       1.05800051E-29
   43.5000000       8.89789264E-30
   43.6000023       7.48321961E-30
   43.7000008       6.29346472E-30
   43.7999992       5.29286889E-30
   43.9000015       4.45135787E-30
   44.0000000       3.74363805E-30
   44.1000023       3.14843805E-30
   44.2000008       2.64786911E-30
   44.2999992       2.22688527E-30
   44.4000015       1.87283333E-30
   44.5000000       1.57507215E-30
   44.6000023       1.32465189E-30
   44.7000008       1.11404599E-30
   44.7999992       9.36924199E-31
   44.9000015       7.87962969E-31
   45.0000000       6.62685034E-31
   45.1000023       5.57324958E-31
   45.2000008       4.68716006E-31
   45.2999992       3.94195025E-31
   45.4000015       3.31522109E-31
   45.5000000       2.78813507E-31
   45.6000023       2.34485027E-31
   45.7000008       1.97204318E-31
   45.7999992       1.65850874E-31
   45.9000015       1.39482314E-31
   46.0000000       1.17306061E-31
   46.1000023       9.86556086E-32
   46.2000008       8.29703880E-32
   46.2999992       6.97789551E-32
   46.4000015       5.86848216E-32
   46.5000000       4.93545409E-32
   46.6000023       4.15076782E-32
   46.7000008       3.49083883E-32
   46.7999992       2.93583123E-32
   46.9000015       2.46906446E-32
   47.0000000       2.07650886E-32
   47.1000023       1.74636539E-32
   47.2000008       1.46871128E-32
   47.2999992       1.23520153E-32
   47.4000015       1.03881727E-32
   47.5000000       8.73655981E-33
   47.6000023       7.34753691E-33
   47.7000008       6.17935487E-33
   47.7999992       5.19690057E-33
   47.9000015       4.37064706E-33
   48.0000000       3.67575908E-33
   48.1000023       3.09135141E-33
   48.2000008       2.59985849E-33
   48.2999992       2.18650802E-33
   48.4000015       1.83887577E-33
   48.5000000       1.54651343E-33
   48.6000023       1.30063381E-33
   48.7000008       1.09384653E-33
   48.7999992       9.19936185E-34
   48.9000015       7.73675852E-34
   49.0000000       6.50669322E-34
   49.1000023       5.47219574E-34
   49.2000008       4.60217380E-34
   49.2999992       3.87047540E-34
   49.4000015       3.25510985E-34
   49.5000000       2.73758101E-34
   49.6000023       2.30233403E-34
   49.7000008       1.93628669E-34
   49.7999992       1.62843712E-34
   49.9000015       1.36953254E-34
   50.0000000       1.15179104E-34
   50.1000023       9.68668071E-35
   50.2000008       8.14659829E-35
   50.2999992       6.85137342E-35
   50.4000015       5.76207586E-35
   50.5000000       4.84596570E-35
   50.6000023       4.07550693E-35
   50.7000008       3.42754351E-35
   50.7999992       2.88259971E-35
   50.9000015       2.42429610E-35
   51.0000000       2.03885807E-35
   51.1000023       1.71470073E-35
   51.2000008       1.44208117E-35
   51.2999992       1.21280510E-35
   51.4000015       1.01998163E-35
   51.5000000       8.57815137E-36
   51.6000023       7.21431318E-36
   51.7000008       6.06731223E-36
   51.7999992       5.10267182E-36
   51.9000015       4.29139955E-36
   52.0000000       3.60911132E-36
   52.1000023       3.03529983E-36
   52.2000008       2.55271864E-36
   52.2999992       2.14686261E-36
   52.4000015       1.80553375E-36
   52.5000000       1.51847249E-36
   52.6000023       1.27705105E-36
   52.7000008       1.07401326E-36
   52.7999992       9.03256273E-37
   52.9000015       7.59647888E-37
   53.0000000       6.38871700E-37
   53.1000023       5.37297695E-37
   53.2000008       4.51872927E-37
   53.2999992       3.80029767E-37
   53.4000015       3.19608938E-37
   53.5000000       2.68794426E-37
   53.6000023       2.26058881E-37
   53.7000008       1.90117840E-37
   53.7999992       1.59891092E-37
   53.9000015       1.34470058E-37
   54.0000000       1.13090716E-37
   54.1000023       9.51104652E-38
   54.2000008       7.99888797E-38
   54.2999992       6.72714740E-38
   54.4000015       5.65760074E-38
   54.5000000       4.75810053E-38
   54.6000023       4.00161151E-38
   54.7000008       3.36539679E-38
   54.7999992       2.83033339E-38
   54.9000015       2.38033974E-38
   55.0000000       2.00189036E-38
   55.1000023       1.68361050E-38
   55.2000008       1.41593377E-38
   55.2999992       1.19081489E-38
   55.4000015       1.00148769E-38
   55.5000000       8.42261512E-39
   55.6000023       7.08350628E-39
   55.7000008       5.95730233E-39
   55.7999992       5.01015208E-39
   55.9000015       4.21358958E-39
   56.0000000       3.54367222E-39
   56.1000023       2.98026476E-39
   56.2000008       2.50643390E-39
   56.2999992       2.10793685E-39
   56.4000015       1.77279670E-39
   56.5000000       1.49093953E-39
   56.6000023       1.25389588E-39
   56.7000008       1.05454015E-39
   56.7999992       8.86878995E-40
   56.9000015       7.45874739E-40
   57.0000000       6.27288455E-40
   57.1000023       5.27555241E-40
   57.2000008       4.43679120E-40
   57.2999992       3.73139156E-40
   57.4000015       3.13813785E-40
   57.5000000       2.63920553E-40
   57.6000023       2.21960072E-40
   57.7000008       1.86671172E-40
   57.7999992       1.56991671E-40
   57.9000015       1.32031743E-40
   58.0000000       1.11040292E-40
   58.1000023       9.33853323E-41
   58.2000008       7.85385750E-41
   58.2999992       6.60516044E-41
   58.4000015       5.55502737E-41
   58.5000000       4.67178895E-41
   58.6000023       3.92910076E-41
   58.7000008       3.30440191E-41
   58.7999992       2.77905511E-41
   58.9000015       2.33722571E-41
   59.0000000       1.96560136E-41
   59.1000023       1.65311180E-41
   59.2000008       1.39022821E-41
   59.2999992       1.16924344E-41
   59.4000015       9.83291132E-42
   59.5000000       8.27046354E-42
   59.6000023       6.95464428E-42
   59.7000008       5.84901979E-42
   59.7999992       4.91995891E-42
   59.9000015       4.13663307E-42
   60.0000000       3.47942409E-42
   60.1000023       2.92591119E-42
   60.2000008       2.46068010E-42
   60.2999992       2.06971783E-42
   60.4000015       1.74041269E-42
   60.5000000       1.46435690E-42
   60.6000023       1.23174135E-42
   60.7000008       1.03555957E-42
   60.7999992       8.70206346E-43
   60.9000015       7.32879097E-43
   61.0000000       6.16571324E-43
   61.1000023       5.18480432E-43
   61.2000008       4.35803822E-43
   61.2999992       3.65738899E-43
   61.4000015       3.08285662E-43
   61.5000000       2.59240216E-43
   61.6000023       2.18602560E-43
   61.7000008       1.83570099E-43
   61.7999992       1.54142831E-43
   61.9000015       1.30320757E-43
   62.0000000       1.09301280E-43
   62.1000023       9.10844002E-44
   62.2000008       7.70714155E-44
   62.2999992       6.44597294E-44
   62.4000015       5.46506401E-44
   62.5000000       4.62428493E-44
   62.6000023       3.92363570E-44
   62.7000008       3.22298647E-44
   62.7999992       2.80259693E-44
   62.9000015       2.24207754E-44
   63.0000000       1.96181785E-44
   63.1000023       1.68155816E-44
   63.2000008       1.40129846E-44
   63.2999992       1.12103877E-44
   63.4000015       9.80908925E-45
   63.5000000       8.40779079E-45
   63.6000023       7.00649232E-45
   63.7000008       5.60519386E-45
   63.7999992       4.20389539E-45
   63.9000015       4.20389539E-45
   64.0000000       2.80259693E-45
   64.0999985       2.80259693E-45
   64.2000046       2.80259693E-45
   64.3000031       1.40129846E-45
   64.4000015       1.40129846E-45
   64.5000000       1.40129846E-45
   64.5999985       1.40129846E-45
   64.7000046       1.40129846E-45
   64.8000031       1.40129846E-45
   64.9000015       1.40129846E-45
   65.0000000       0.00000000    
   65.0999985       0.00000000    
   65.2000046       0.00000000    
   65.3000031       0.00000000    
   65.4000015       0.00000000    
   65.5000000       0.00000000    
   65.5999985       0.00000000    
   65.7000046       0.00000000    
   65.8000031       0.00000000    
   65.9000015       0.00000000    
   66.0000000       0.00000000    
   66.0999985       0.00000000    
   66.2000046       0.00000000    
   66.3000031       0.00000000    
   66.4000015       0.00000000    
   66.5000000       0.00000000    
   66.5999985       0.00000000    
   66.7000046       0.00000000    
   66.8000031       0.00000000    
   66.9000015       0.00000000    
   67.0000000       0.00000000    
   67.0999985       0.00000000    
   67.2000046       0.00000000    
   67.3000031       0.00000000    
   67.4000015       0.00000000    
   67.5000000       0.00000000    
   67.5999985       0.00000000    
   67.7000046       0.00000000    
   67.8000031       0.00000000    
   67.9000015       0.00000000    
   68.0000000       0.00000000    
   68.0999985       0.00000000    
   68.2000046       0.00000000    
   68.3000031       0.00000000    
   68.4000015       0.00000000    
   68.5000000       0.00000000    
   68.5999985       0.00000000    
   68.7000046       0.00000000    
   68.8000031       0.00000000    
   68.9000015       0.00000000    
   69.0000000       0.00000000    
   69.0999985       0.00000000    
   69.2000046       0.00000000    
   69.3000031       0.00000000    
   69.4000015       0.00000000    
   69.5000000       0.00000000    
   69.5999985       0.00000000    
   69.7000046       0.00000000    
   69.8000031       0.00000000    
   69.9000015       0.00000000    
   70.0000000       0.00000000    
   70.0999985       0.00000000    
   70.2000046       0.00000000    
   70.3000031       0.00000000    
   70.4000015       0.00000000    
   70.5000000       0.00000000    
   70.5999985       0.00000000    
   70.7000046       0.00000000    
   70.8000031       0.00000000    
   70.9000015       0.00000000    
   71.0000000       0.00000000    
   71.0999985       0.00000000    
   71.2000046       0.00000000    
   71.3000031       0.00000000    
   71.4000015       0.00000000    
   71.5000000       0.00000000    
   71.5999985       0.00000000    
   71.7000046       0.00000000    
   71.8000031       0.00000000    
   71.9000015       0.00000000    
   72.0000000       0.00000000    
   72.0999985       0.00000000    
   72.2000046       0.00000000    
   72.3000031       0.00000000    
   72.4000015       0.00000000    
   72.5000000       0.00000000    
   72.5999985       0.00000000    
   72.7000046       0.00000000    
   72.8000031       0.00000000    
   72.9000015       0.00000000    
   73.0000000       0.00000000    
   73.0999985       0.00000000    
   73.2000046       0.00000000    
   73.3000031       0.00000000    
   73.4000015       0.00000000    
   73.5000000       0.00000000    
   73.5999985       0.00000000    
   73.7000046       0.00000000    
   73.8000031       0.00000000    
   73.9000015       0.00000000    
   74.0000000       0.00000000    
   74.0999985       0.00000000    
   74.2000046       0.00000000    
   74.3000031       0.00000000    
   74.4000015       0.00000000    
   74.5000000       0.00000000    
   74.5999985       0.00000000    
   74.7000046       0.00000000    
   74.8000031       0.00000000    
   74.9000015       0.00000000    
   75.0000000       0.00000000    
   75.0999985       0.00000000    
   75.2000046       0.00000000    
   75.3000031       0.00000000    
   75.4000015       0.00000000    
   75.5000000       0.00000000    
   75.5999985       0.00000000    
   75.7000046       0.00000000    
   75.8000031       0.00000000    
   75.9000015       0.00000000    
   76.0000000       0.00000000    
   76.0999985       0.00000000    
   76.2000046       0.00000000    
   76.3000031       0.00000000    
   76.4000015       0.00000000    
   76.5000000       0.00000000    
   76.5999985       0.00000000    
   76.7000046       0.00000000    
   76.8000031       0.00000000    
   76.9000015       0.00000000    
   77.0000000       0.00000000    
   77.0999985       0.00000000    
   77.2000046       0.00000000    
   77.3000031       0.00000000    
   77.4000015       0.00000000    
   77.5000000       0.00000000    
   77.5999985       0.00000000    
   77.7000046       0.00000000    
   77.8000031       0.00000000    
   77.9000015       0.00000000    
   78.0000000       0.00000000    
   78.0999985       0.00000000    
   78.2000046       0.00000000    
   78.3000031       0.00000000    
   78.4000015       0.00000000    
   78.5000000       0.00000000    
   78.5999985       0.00000000    
   78.7000046       0.00000000    
   78.8000031       0.00000000    
   78.9000015       0.00000000    
   79.0000000       0.00000000    
   79.0999985       0.00000000    
   79.2000046       0.00000000    
   79.3000031       0.00000000    
   79.4000015       0.00000000    
   79.5000000       0.00000000    
   79.5999985       0.00000000    
   79.7000046       0.00000000    
   79.8000031       0.00000000    
   79.9000015       0.00000000    
   80.0000000       0.00000000    
   80.0999985       0.00000000    
   80.2000046       0.00000000    
   80.3000031       0.00000000    
   80.4000015       0.00000000    
   80.5000000       0.00000000    
   80.5999985       0.00000000    
   80.7000046       0.00000000    
   80.8000031       0.00000000    
   80.9000015       0.00000000    
   81.0000000       0.00000000    
   81.0999985       0.00000000    
   81.2000046       0.00000000    
   81.3000031       0.00000000    
   81.4000015       0.00000000    
   81.5000000       0.00000000    
   81.5999985       0.00000000    
   81.7000046       0.00000000    
   81.8000031       0.00000000    
   81.9000015       0.00000000    
   82.0000000       0.00000000    
   82.0999985       0.00000000    
   82.2000046       0.00000000    
   82.3000031       0.00000000    
   82.4000015       0.00000000    
   82.5000000       0.00000000    
   82.5999985       0.00000000    
   82.7000046       0.00000000    
   82.8000031       0.00000000    
   82.9000015       0.00000000    
   83.0000000       0.00000000    
   83.0999985       0.00000000    
   83.2000046       0.00000000    
   83.3000031       0.00000000    
   83.4000015       0.00000000    
   83.5000000       0.00000000    
   83.5999985       0.00000000    
   83.7000046       0.00000000    
   83.8000031       0.00000000    
   83.9000015       0.00000000    
   84.0000000       0.00000000    
   84.0999985       0.00000000    
   84.2000046       0.00000000    
   84.3000031       0.00000000    
   84.4000015       0.00000000    
   84.5000000       0.00000000    
   84.5999985       0.00000000    
   84.7000046       0.00000000    
   84.8000031       0.00000000    
   84.9000015       0.00000000    
   85.0000000       0.00000000    
   85.0999985       0.00000000    
   85.2000046       0.00000000    
   85.3000031       0.00000000    
   85.4000015       0.00000000    
   85.5000000       0.00000000    
   85.5999985       0.00000000    
   85.7000046       0.00000000    
   85.8000031       0.00000000    
   85.9000015       0.00000000    
   86.0000000       0.00000000    
   86.0999985       0.00000000    
   86.2000046       0.00000000    
   86.3000031       0.00000000    
   86.4000015       0.00000000    
   86.5000000       0.00000000    
   86.5999985       0.00000000    
   86.7000046       0.00000000    
   86.8000031       0.00000000    
   86.9000015       0.00000000    
   87.0000000       0.00000000    
   87.0999985       0.00000000    
   87.2000046       0.00000000    
   87.3000031       0.00000000    
   87.4000015       0.00000000    
   87.5000000       0.00000000    
   87.5999985       0.00000000    
   87.7000046       0.00000000    
   87.8000031       0.00000000    
   87.9000015       0.00000000    
   88.0000000       0.00000000    
   88.0999985       0.00000000    
   88.2000046       0.00000000    
   88.3000031       0.00000000    
   88.4000015       0.00000000    
   88.5000000       0.00000000    
   88.5999985       0.00000000    
   88.7000046       0.00000000    
   88.8000031       0.00000000    
   88.9000015       0.00000000    
   89.0000000       0.00000000    
   89.0999985       0.00000000    
   89.2000046       0.00000000    
   89.3000031       0.00000000    
   89.4000015       0.00000000    
   89.5000000       0.00000000    
   89.5999985       0.00000000    
   89.7000046       0.00000000    
   89.8000031       0.00000000    
   89.9000015       0.00000000    
   90.0000000       0.00000000    
   90.0999985       0.00000000    
   90.2000046       0.00000000    
   90.3000031       0.00000000    
   90.4000015       0.00000000    
   90.5000000       0.00000000    
   90.5999985       0.00000000    
   90.7000046       0.00000000    
   90.8000031       0.00000000    
   90.9000015       0.00000000    
   91.0000000       0.00000000    
   91.0999985       0.00000000    
   91.2000046       0.00000000    
   91.3000031       0.00000000    
   91.4000015       0.00000000    
   91.5000000       0.00000000    
   91.5999985       0.00000000    
   91.7000046       0.00000000    
   91.8000031       0.00000000    
   91.9000015       0.00000000    
   92.0000000       0.00000000    
   92.0999985       0.00000000    
   92.2000046       0.00000000    
   92.3000031       0.00000000    
   92.4000015       0.00000000    
   92.5000000       0.00000000    
   92.5999985       0.00000000    
   92.7000046       0.00000000    
   92.8000031       0.00000000    
   92.9000015       0.00000000    
   93.0000000       0.00000000    
   93.0999985       0.00000000    
   93.2000046       0.00000000    
   93.3000031       0.00000000    
   93.4000015       0.00000000    
   93.5000000       0.00000000    
   93.5999985       0.00000000    
   93.7000046       0.00000000    
   93.8000031       0.00000000    
   93.9000015       0.00000000    
   94.0000000       0.00000000    
   94.0999985       0.00000000    
   94.2000046       0.00000000    
   94.3000031       0.00000000    
   94.4000015       0.00000000    
   94.5000000       0.00000000    
   94.5999985       0.00000000    
   94.7000046       0.00000000    
   94.8000031       0.00000000    
   94.9000015       0.00000000    
   95.0000000       0.00000000    
   95.0999985       0.00000000    
   95.2000046       0.00000000    
   95.3000031       0.00000000    
   95.4000015       0.00000000    
   95.5000000       0.00000000    
   95.5999985       0.00000000    
   95.7000046       0.00000000    
   95.8000031       0.00000000    
   95.9000015       0.00000000    
   96.0000000       0.00000000    
   96.0999985       0.00000000    
   96.2000046       0.00000000    
   96.3000031       0.00000000    
   96.4000015       0.00000000    
   96.5000000       0.00000000    
   96.5999985       0.00000000    
   96.7000046       0.00000000    
   96.8000031       0.00000000    
   96.9000015       0.00000000    
   97.0000000       0.00000000    
   97.0999985       0.00000000    
   97.2000046       0.00000000    
   97.3000031       0.00000000    
   97.4000015       0.00000000    
   97.5000000       0.00000000    
   97.5999985       0.00000000    
   97.7000046       0.00000000    
   97.8000031       0.00000000    
   97.9000015       0.00000000    
   98.0000000       0.00000000    
   98.0999985       0.00000000    
   98.2000046       0.00000000    
   98.3000031       0.00000000    
   98.4000015       0.00000000    
   98.5000000       0.00000000    
   98.5999985       0.00000000    
   98.7000046       0.00000000    
   98.8000031       0.00000000    
   98.9000015       0.00000000    
   99.0000000       0.00000000    
   99.0999985       0.00000000    
   99.2000046       0.00000000    
   99.3000031       0.00000000    
   99.4000015       0.00000000    
   99.5000000       0.00000000    
   99.5999985       0.00000000    
   99.7000046       0.00000000    
   99.8000031       0.00000000    
   99.9000015       0.00000000    
   100.000000       0.00000000    
