   0.00000000       0.00000000    
  0.100000001      -9.65631625E-06
  0.200000003      -1.84929304E-05
  0.300000012      -2.58496657E-05
  0.400000006      -3.11747717E-05
  0.500000000      -3.41068917E-05
  0.600000024      -3.44571272E-05
  0.699999988      -3.22962369E-05
  0.800000012      -2.80107051E-05
  0.900000036      -2.20669717E-05
   1.00000000      -1.50288879E-05
   1.10000002      -7.49082756E-06
   1.20000005      -4.83873919E-08
   1.30000007       6.66843380E-06
   1.39999998       1.24450617E-05
   1.50000000       1.70154017E-05
   1.60000002       2.03556228E-05
   1.70000005       2.24963023E-05
   1.80000007       2.37096974E-05
   1.89999998       2.42058941E-05
   2.00000000       2.41719026E-05
   2.10000014       2.38010343E-05
   2.20000005       2.29884718E-05
   2.29999995       2.16304652E-05
   2.40000010       1.95309367E-05
   2.50000000       1.65249257E-05
   2.60000014       1.21235753E-05
   2.70000005       6.15079080E-06
   2.79999995      -1.52185385E-06
   2.90000010      -1.08376753E-05
   3.00000000      -2.15064410E-05
   3.10000014      -3.25193359E-05
   3.20000005      -4.32395755E-05
   3.29999995      -5.24155075E-05
   3.40000010      -5.88788716E-05
   3.50000000      -6.13953525E-05
   3.60000014      -5.90130912E-05
   3.70000005      -5.11623039E-05
   3.79999995      -3.78069999E-05
   3.90000010      -1.95710782E-05
   4.00000000       2.51158644E-06
   4.09999990       2.67564901E-05
   4.20000029       5.08881058E-05
   4.30000019       7.26746657E-05
   4.40000010       8.97988211E-05
   4.50000000       1.00139427E-04
   4.59999990       1.02247548E-04
   4.70000029       9.55257856E-05
   4.80000019       8.00917769E-05
   4.90000010       5.71826240E-05
   5.00000000       2.87518214E-05
   5.09999990      -2.80190852E-06
   5.20000029      -3.43779720E-05
   5.30000019      -6.29199058E-05
   5.40000010      -8.59443462E-05
   5.50000000      -1.01257152E-04
   5.59999990      -1.08061686E-04
   5.70000029      -1.06136235E-04
   5.80000019      -9.63320708E-05
   5.90000010      -8.03268485E-05
   6.00000000      -6.02666514E-05
   6.09999990      -3.83297593E-05
   6.20000029      -1.64782286E-05
   6.30000019       3.48499771E-06
   6.40000010       2.09118443E-05
   6.50000000       3.54693766E-05
   6.59999990       4.75953020E-05
   6.70000029       5.80411579E-05
   6.80000019       6.74886323E-05
   6.90000010       7.61425254E-05
   7.00000000       8.39958520E-05
   7.09999990       8.99084407E-05
   7.20000029       9.25272689E-05
   7.30000019       9.01476305E-05
   7.40000010       8.14005689E-05
   7.50000000       6.55182303E-05
   7.59999990       4.27428786E-05
   7.70000029       1.45647009E-05
   7.80000019      -1.63779787E-05
   7.90000010      -4.70043015E-05
   8.00000000      -7.38929739E-05
   8.10000038      -9.43366394E-05
   8.19999981      -1.06965708E-04
   8.30000019      -1.11712652E-04
   8.40000057      -1.09909852E-04
   8.50000000      -1.03723367E-04
   8.60000038      -9.48696033E-05
   8.69999981      -8.44630122E-05
   8.80000019      -7.25970385E-05
   8.90000057      -5.78704821E-05
   9.00000000      -3.86200409E-05
   9.10000038      -1.42919898E-05
   9.19999981       1.43049765E-05
   9.30000019       4.40599615E-05
   9.40000057       7.09682499E-05
   9.50000000       9.18974838E-05
   9.60000038       1.05866682E-04
   9.69999981       1.14724098E-04
   9.80000019       1.20791330E-04
   9.90000057       1.23879639E-04
   10.0000000       1.20690740E-04
   10.1000004       1.09297936E-04
   10.1999998       9.19644881E-05
   10.3000002       7.30691972E-05
   10.4000006       5.29702702E-05
   10.5000000       2.98676205E-05
   10.6000004       2.30683327E-06
   10.6999998      -2.88255815E-05
   10.8000002      -5.98366460E-05
   10.9000006      -8.70600052E-05
   11.0000000      -1.07443688E-04
   11.1000004      -1.20509547E-04
   11.1999998      -1.27157618E-04
   11.3000002      -1.29398133E-04
   11.4000006      -1.28860469E-04
   11.5000000      -1.26365034E-04
   11.6000004      -1.21135818E-04
   11.6999998      -1.11548776E-04
   11.8000002      -9.61339392E-05
   11.9000006      -7.37332448E-05
   12.0000000      -4.47134043E-05
   12.1000004      -1.04547007E-05
   12.1999998       2.62164976E-05
   12.3000002       6.19626371E-05
   12.4000006       9.36968063E-05
   12.5000000       1.18964163E-04
   12.6000004       1.36254283E-04
   12.6999998       1.45491285E-04
   12.8000002       1.47692408E-04
   12.9000006       1.44340418E-04
   13.0000000       1.36973351E-04
   13.1000004       1.27131236E-04
   13.1999998       1.15743023E-04
   13.3000002       1.02880062E-04
   13.4000006       8.79320141E-05
   13.5000000       6.99445518E-05
   13.6000004       4.82209762E-05
   13.6999998       2.21300670E-05
   13.8000002      -8.22815855E-06
   13.9000006      -4.21177829E-05
   14.0000000      -7.76509769E-05
   14.1000004      -1.12705828E-04
   14.1999998      -1.44581165E-04
   14.3000002      -1.70630039E-04
   14.4000006      -1.88721271E-04
   14.5000000      -1.97068890E-04
   14.6000004      -1.95004337E-04
   14.6999998      -1.82790973E-04
   14.8000002      -1.61449338E-04
   14.9000006      -1.32728921E-04
   15.0000000      -9.91674387E-05
   15.1000004      -6.30706782E-05
   15.1999998      -2.68066069E-05
   15.3000002       7.51956213E-06
   15.4000006       3.86862630E-05
   15.5000000       6.58702484E-05
   15.6000004       8.86737907E-05
   15.6999998       1.07668551E-04
   15.8000002       1.23155856E-04
   15.9000006       1.35914088E-04
   16.0000000       1.46531573E-04
   16.1000004       1.55429298E-04
   16.2000008       1.62532815E-04
   16.3000011       1.67494567E-04
   16.3999996       1.69523206E-04
   16.5000000       1.67685881E-04
   16.6000004       1.60688767E-04
   16.7000008       1.47937375E-04
   16.8000011       1.28394924E-04
   16.8999996       1.01797967E-04
   17.0000000       6.85124687E-05
   17.1000004       2.93007688E-05
   17.2000008      -1.43984116E-05
   17.3000011      -6.04929628E-05
   17.3999996      -1.06813342E-04
   17.5000000      -1.50639360E-04
   17.6000004      -1.89729864E-04
   17.7000008      -2.21560229E-04
   17.8000011      -2.44303606E-04
   17.8999996      -2.56724714E-04
   18.0000000      -2.57983018E-04
   18.1000004      -2.48307391E-04
   18.2000008      -2.28151825E-04
   18.3000011      -1.99096321E-04
   18.3999996      -1.62610479E-04
   18.5000000      -1.21088633E-04
   18.6000004      -7.66743688E-05
   18.7000008      -3.15458092E-05
   18.8000011       1.22210013E-05
   18.8999996       5.28162018E-05
   19.0000000       8.90759839E-05
   19.1000004       1.20014192E-04
   19.2000008       1.45364189E-04
   19.3000011       1.64839177E-04
   19.3999996       1.79160896E-04
   19.5000000       1.88616847E-04
   19.6000004       1.94025430E-04
   19.7000008       1.95981367E-04
   19.8000011       1.95262066E-04
   19.8999996       1.92136766E-04
   20.0000000       1.86938618E-04
   20.1000004       1.79585317E-04
   20.2000008       1.69916573E-04
   20.3000011       1.57396833E-04
   20.3999996       1.41641824E-04
   20.5000000       1.21951845E-04
   20.6000004       9.81011981E-05
   20.7000008       6.95153140E-05
   20.8000011       3.64541520E-05
   20.8999996      -9.28501322E-07
   21.0000000      -4.20521610E-05
   21.1000004      -8.57506093E-05
   21.2000008      -1.30572604E-04
   21.3000011      -1.75095120E-04
   21.3999996      -2.17445908E-04
   21.5000000      -2.55498016E-04
   21.6000004      -2.87405710E-04
   21.7000008      -3.11478419E-04
   21.8000011      -3.26100504E-04
   21.8999996      -3.30094335E-04
   22.0000000      -3.22784355E-04
   22.1000004      -3.03819834E-04
   22.2000008      -2.73773738E-04
   22.3000011      -2.33303916E-04
   22.3999996      -1.83786091E-04
   22.5000000      -1.27077044E-04
   22.6000004      -6.52657982E-05
   22.7000008      -6.40009603E-07
   22.8000011       6.42298255E-05
   22.8999996       1.26841536E-04
   23.0000000       1.85137964E-04
   23.1000004       2.36816166E-04
   23.2000008       2.80292006E-04
   23.3000011       3.14076868E-04
   23.3999996       3.37503559E-04
   23.5000000       3.49987764E-04
   23.6000004       3.51706258E-04
   23.7000008       3.43181426E-04
   23.8000011       3.25252826E-04
   23.8999996       2.99130741E-04
   24.0000000       2.66234943E-04
   24.1000004       2.28125864E-04
   24.2000008       1.86313904E-04
   24.3000011       1.42517136E-04
   24.3999996       9.79175238E-05
   24.5000000       5.40442561E-05
   24.6000004       1.16539595E-05
   24.7000008      -2.82606597E-05
   24.8000011      -6.52384479E-05
   24.8999996      -9.90577610E-05
   25.0000000      -1.29511434E-04
   25.1000004      -1.56770126E-04
   25.2000008      -1.80883755E-04
   25.3000011      -2.02336698E-04
   25.3999996      -2.21266033E-04
   25.5000000      -2.37867978E-04
   25.6000004      -2.52467056E-04
   25.7000008      -2.64915550E-04
   25.8000011      -2.75197846E-04
   25.8999996      -2.83066212E-04
   26.0000000      -2.87824398E-04
   26.1000004      -2.89364776E-04
   26.2000008      -2.86755065E-04
   26.3000011      -2.79544416E-04
   26.3999996      -2.66929390E-04
   26.5000000      -2.48515862E-04
   26.6000004      -2.23685551E-04
   26.7000008      -1.92174819E-04
   26.8000011      -1.54105364E-04
   26.8999996      -1.09513319E-04
   27.0000000      -5.89239571E-05
   27.1000004      -3.24797838E-06
   27.2000008       5.64872025E-05
   27.3000011       1.19007338E-04
   27.3999996       1.82513686E-04
   27.5000000       2.45683565E-04
   27.6000004       3.06088623E-04
   27.7000008       3.62264051E-04
   27.8000011       4.12112917E-04
   27.8999996       4.53818968E-04
   28.0000000       4.85763361E-04
   28.1000004       5.06689248E-04
   28.2000008       5.15349675E-04
   28.3000011       5.11131017E-04
   28.3999996       4.93777043E-04
   28.5000000       4.63242148E-04
   28.6000004       4.20167256E-04
   28.7000008       3.65380169E-04
   28.8000011       3.00348504E-04
   28.8999996       2.26615710E-04
   29.0000000       1.46037200E-04
   29.1000004       6.08589216E-05
   29.2000008      -2.66322277E-05
   29.3000011      -1.14198163E-04
   29.3999996      -1.99373244E-04
   29.5000000      -2.79958767E-04
   29.6000004      -3.53805633E-04
   29.7000008      -4.19141230E-04
   29.8000011      -4.74286499E-04
   29.8999996      -5.18154528E-04
   30.0000000      -5.49648365E-04
   30.1000004      -5.68309799E-04
   30.2000008      -5.74172882E-04
   30.3000011      -5.67207579E-04
   30.3999996      -5.48257725E-04
   30.5000000      -5.17989276E-04
   30.6000004      -4.77665599E-04
   30.7000008      -4.28634579E-04
   30.8000011      -3.72307841E-04
   30.8999996      -3.10489937E-04
   31.0000000      -2.44739989E-04
   31.1000004      -1.76724032E-04
   31.2000008      -1.08052111E-04
   31.3000011      -4.00035933E-05
   31.3999996       2.59383869E-05
   31.5000000       8.85847694E-05
   31.6000004       1.47104700E-04
   31.7000008       2.00751296E-04
   31.8000011       2.48991942E-04
   31.8999996       2.91577802E-04
   32.0000000       3.28354101E-04
   32.1000023       3.59356403E-04
   32.2000008       3.84719839E-04
   32.2999992       4.04759892E-04
   32.4000015       4.19808377E-04
   32.5000000       4.30320390E-04
   32.6000023       4.36531671E-04
   32.7000008       4.38888208E-04
   32.7999992       4.37663199E-04
   32.9000015       4.33117471E-04
   33.0000000       4.25448437E-04
   33.1000023       4.14586102E-04
   33.2000008       4.00406861E-04
   33.2999992       3.83040810E-04
   33.4000015       3.62142368E-04
   33.5000000       3.37436737E-04
   33.6000023       3.08770454E-04
   33.7000008       2.75841710E-04
   33.7999992       2.38293680E-04
   33.9000015       1.96016234E-04
   34.0000000       1.48935913E-04
   34.1000023       9.70774345E-05
   34.2000008       4.06094696E-05
   34.2999992      -2.01986386E-05
   34.4000015      -8.49800927E-05
   34.5000000      -1.52791632E-04
   34.6000023      -2.23030685E-04
   34.7000008      -2.94485624E-04
   34.7999992      -3.66210123E-04
   34.9000015      -4.36692993E-04
   35.0000000      -5.04584867E-04
   35.1000023      -5.68608753E-04
   35.2000008      -6.26997848E-04
   35.2999992      -6.78267446E-04
   35.4000015      -7.21137156E-04
   35.5000000      -7.53924367E-04
   35.6000023      -7.75809109E-04
   35.7000008      -7.85567157E-04
   35.7999992      -7.82142451E-04
   35.9000015      -7.65169505E-04
   36.0000000      -7.34302506E-04
   36.1000023      -6.89450069E-04
   36.2000008      -6.30862487E-04
   36.2999992      -5.59188542E-04
   36.4000015      -4.75410488E-04
   36.5000000      -3.80587648E-04
   36.6000023      -2.76109204E-04
   36.7000008      -1.63723569E-04
   36.7999992      -4.52424938E-05
   36.9000015       7.71550694E-05
   37.0000000       2.01345014E-04
   37.1000023       3.24971450E-04
   37.2000008       4.45873069E-04
   37.2999992       5.61669702E-04
   37.4000015       6.70247246E-04
   37.5000000       7.69561273E-04
   37.6000023       8.57544423E-04
   37.7000008       9.32634110E-04
   37.7999992       9.93530964E-04
   37.9000015       1.03887520E-03
   38.0000000       1.06792361E-03
   38.1000023       1.08011055E-03
   38.2000008       1.07515277E-03
   38.2999992       1.05332653E-03
   38.4000015       1.01488328E-03
   38.5000000       9.60646488E-04
   38.6000023       8.91655684E-04
   38.7000008       8.09103716E-04
   38.7999992       7.14681577E-04
   38.9000015       6.09872106E-04
   39.0000000       4.96476190E-04
   39.1000023       3.76646203E-04
   39.2000008       2.52296712E-04
   39.2999992       1.25481456E-04
   39.4000015      -1.71225474E-06
   39.5000000      -1.27394393E-04
   39.6000023      -2.49712961E-04
   39.7000008      -3.66907654E-04
   39.7999992      -4.77548980E-04
   39.9000015      -5.79847023E-04
   40.0000000      -6.72994880E-04
   40.1000023      -7.55857618E-04
   40.2000008      -8.27754557E-04
   40.2999992      -8.88062816E-04
   40.4000015      -9.36551776E-04
   40.5000000      -9.72800306E-04
   40.6000023      -9.97417141E-04
   40.7000008      -1.01015787E-03
   40.7999992      -1.01189059E-03
   40.9000015      -1.00296154E-03
   41.0000000      -9.84049053E-04
   41.1000023      -9.55973519E-04
   41.2000008      -9.19518992E-04
   41.2999992      -8.75689671E-04
   41.4000015      -8.25182244E-04
   41.5000000      -7.69144157E-04
   41.6000023      -7.08069827E-04
   41.7000008      -6.43015897E-04
   41.7999992      -5.74637670E-04
   41.9000015      -5.03585790E-04
   42.0000000      -4.30514920E-04
   42.1000023      -3.55771568E-04
   42.2000008      -2.79889267E-04
   42.2999992      -2.03115458E-04
   42.4000015      -1.25771257E-04
   42.5000000      -4.81609350E-05
   42.6000023       2.97921688E-05
   42.7000008       1.07830165E-04
   42.7999992       1.86016376E-04
   42.9000015       2.64099217E-04
   43.0000000       3.42007901E-04
   43.1000023       4.19799151E-04
   43.2000008       4.97204950E-04
   43.2999992       5.74003323E-04
   43.4000015       6.50033064E-04
   43.5000000       7.24879210E-04
   43.6000023       7.98140885E-04
   43.7000008       8.69379437E-04
   43.7999992       9.37878678E-04
   43.9000015       1.00315385E-03
   44.0000000       1.06435746E-03
   44.1000023       1.12058676E-03
   44.2000008       1.17100857E-03
   44.2999992       1.21478841E-03
   44.4000015       1.25095900E-03
   44.5000000       1.27852429E-03
   44.6000023       1.29651639E-03
   44.7000008       1.30413251E-03
   44.7999992       1.30041572E-03
   44.9000015       1.28455670E-03
   45.0000000       1.25602668E-03
   45.1000023       1.21420994E-03
   45.2000008       1.15868181E-03
   45.2999992       1.08903623E-03
   45.4000015       1.00545585E-03
   45.5000000       9.07964772E-04
   45.6000023       7.96792679E-04
   45.7000008       6.72521128E-04
   45.7999992       5.35834057E-04
   45.9000015       3.87679844E-04
   46.0000000       2.29279976E-04
   46.1000023       6.16085090E-05
   46.2000008      -1.13406197E-04
   46.2999992      -2.94318481E-04
   46.4000015      -4.79441544E-04
   46.5000000      -6.66454900E-04
   46.6000023      -8.53722566E-04
   46.7000008      -1.03899685E-03
   46.7999992      -1.22010906E-03
   46.9000015      -1.39484950E-03
   47.0000000      -1.56117673E-03
   47.1000023      -1.71688886E-03
   47.2000008      -1.85997924E-03
   47.2999992      -1.98864285E-03
   47.4000015      -2.10099854E-03
   47.5000000      -2.19528726E-03
   47.6000023      -2.27035093E-03
   47.7000008      -2.32473807E-03
   47.7999992      -2.35748035E-03
   47.9000015      -2.36792373E-03
   48.0000000      -2.35547288E-03
   48.1000023      -2.31977901E-03
   48.2000008      -2.26091198E-03
   48.2999992      -2.17926642E-03
   48.4000015      -2.07519974E-03
   48.5000000      -1.94967887E-03
   48.6000023      -1.80358812E-03
   48.7000008      -1.63839525E-03
   48.7999992      -1.45538175E-03
   48.9000015      -1.25633238E-03
   49.0000000      -1.04317674E-03
   49.1000023      -8.17778287E-04
   49.2000008      -5.82438894E-04
   49.2999992      -3.39303137E-04
   49.4000015      -9.06834830E-05
   49.5000000       1.60998039E-04
   49.6000023       4.13569011E-04
   49.7000008       6.64465129E-04
   49.7999992       9.11551411E-04
   49.9000015       1.15264335E-03
   50.0000000       1.38544431E-03
   50.1000023       1.60789373E-03
   50.2000008       1.81832747E-03
   50.2999992       2.01485050E-03
   50.4000015       2.19603744E-03
   50.5000000       2.36044801E-03
   50.6000023       2.50689709E-03
   50.7000008       2.63442937E-03
   50.7999992       2.74231727E-03
   50.9000015       2.82981410E-03
   51.0000000       2.89681787E-03
   51.1000023       2.94295163E-03
   51.2000008       2.96835997E-03
   51.2999992       2.97319423E-03
   51.4000015       2.95777037E-03
   51.5000000       2.92290235E-03
   51.6000023       2.86887260E-03
   51.7000008       2.79679755E-03
   51.7999992       2.70741899E-03
   51.9000015       2.60194135E-03
   52.0000000       2.48129433E-03
   52.1000023       2.34673498E-03
   52.2000008       2.19945656E-03
   52.2999992       2.04070611E-03
   52.4000015       1.87155209E-03
   52.5000000       1.69337529E-03
   52.6000023       1.50733336E-03
   52.7000008       1.31451897E-03
   52.7999992       1.11620361E-03
   52.9000015       9.13356896E-04
   53.0000000       7.07017723E-04
   53.1000023       4.98242560E-04
   53.2000008       2.87668721E-04
   53.2999992       7.62426207E-05
   53.4000015      -1.35269525E-04
   53.5000000      -3.46266053E-04
   53.6000023      -5.56205865E-04
   53.7000008      -7.64375378E-04
   53.7999992      -9.70512512E-04
   53.9000015      -1.17420999E-03
   54.0000000      -1.37490034E-03
   54.1000023      -1.57241046E-03
   54.2000008      -1.76638283E-03
   54.2999992      -1.95645378E-03
   54.4000015      -2.14244379E-03
   54.5000000      -2.32394785E-03
   54.6000023      -2.50075245E-03
   54.7000008      -2.67249229E-03
   54.7999992      -2.83878040E-03
   54.9000015      -2.99930782E-03
   55.0000000      -3.15353647E-03
   55.1000023      -3.30087822E-03
   55.2000008      -3.44109046E-03
   55.2999992      -3.57328379E-03
   55.4000015      -3.69692687E-03
   55.5000000      -3.81119200E-03
   55.6000023      -3.91553296E-03
   55.7000008      -4.00884915E-03
   55.7999992      -4.09049960E-03
   55.9000015      -4.15948825E-03
   56.0000000      -4.21469333E-03
   56.1000023      -4.25541075E-03
   56.2000008      -4.28044936E-03
   56.2999992      -4.28898027E-03
   56.4000015      -4.27982304E-03
   56.5000000      -4.25222237E-03
   56.6000023      -4.20509046E-03
   56.7000008      -4.13748901E-03
   56.7999992      -4.04879218E-03
   56.9000015      -3.93803138E-03
   57.0000000      -3.80466250E-03
   57.1000023      -3.64811113E-03
   57.2000008      -3.46784317E-03
   57.2999992      -3.26361391E-03
   57.4000015      -3.03501403E-03
   57.5000000      -2.78222701E-03
   57.6000023      -2.50526262E-03
   57.7000008      -2.20451108E-03
   57.7999992      -1.88034074E-03
   57.9000015      -1.53328071E-03
   58.0000000      -1.16414507E-03
   58.1000023      -7.74010143E-04
   58.2000008      -3.63945495E-04
   58.2999992       6.48404384E-05
   58.4000015       5.10586367E-04
   58.5000000       9.71828122E-04
   58.6000023       1.44663756E-03
   58.7000008       1.93293532E-03
   58.7999992       2.42892327E-03
   58.9000015       2.93193501E-03
   59.0000000       3.43991932E-03
   59.1000023       3.95019865E-03
   59.2000008       4.46021091E-03
   59.2999992       4.96730674E-03
   59.4000015       5.46894968E-03
   59.5000000       5.96204214E-03
   59.6000023       6.44419342E-03
   59.7000008       6.91232039E-03
   59.7999992       7.36396620E-03
   59.9000015       7.79602071E-03
   60.0000000       8.20599683E-03
   60.1000023       8.59143119E-03
   60.2000008       8.94964766E-03
   60.2999992       9.27814282E-03
   60.4000015       9.57485568E-03
   60.5000000       9.83733684E-03
   60.6000023       1.00636967E-02
   60.7000008       1.02519738E-02
   60.7999992       1.04006454E-02
   60.9000015       1.05080865E-02
   61.0000000       1.05731664E-02
   61.1000023       1.05945123E-02
   61.2000008       1.05713177E-02
   61.2999992       1.05028423E-02
   61.4000015       1.03887301E-02
   61.5000000       1.02285771E-02
   61.6000023       1.00223403E-02
   61.7000008       9.77018103E-03
   61.7999992       9.47261229E-03
   61.9000015       9.12992656E-03
   62.0000000       8.74314830E-03
   62.1000023       8.31299555E-03
   62.2000008       7.84081034E-03
   62.2999992       7.32786534E-03
   62.4000015       6.77562691E-03
   62.5000000       6.18569087E-03
   62.6000023       5.55985840E-03
   62.7000008       4.90022730E-03
   62.7999992       4.20852564E-03
   62.9000015       3.48708336E-03
   63.0000000       2.73821503E-03
   63.1000023       1.96391460E-03
   63.2000008       1.16691634E-03
   63.2999992       3.49400420E-04
   63.4000015      -4.86109464E-04
   63.5000000      -1.33711786E-03
   63.6000023      -2.20108544E-03
   63.7000008      -3.07557033E-03
   63.7999992      -3.95803526E-03
   63.9000015      -4.84606670E-03
   64.0000000      -5.73717849E-03
   64.0999985      -6.62898505E-03
   64.2000046      -7.51913385E-03
   64.3000031      -8.40552710E-03
   64.4000015      -9.28559527E-03
   64.5000000      -1.01574231E-02
   64.5999985      -1.10189263E-02
   64.7000046      -1.18680578E-02
   64.8000031      -1.27028432E-02
   64.9000015      -1.35214608E-02
   65.0000000      -1.43223563E-02
   65.0999985      -1.51037211E-02
   65.2000046      -1.58637427E-02
   65.3000031      -1.66012589E-02
   65.4000015      -1.73147321E-02
   65.5000000      -1.80027895E-02
   65.5999985      -1.86641756E-02
   65.7000046      -1.92975141E-02
   65.8000031      -1.99019816E-02
   65.9000015      -2.04762295E-02
   66.0000000      -2.10193191E-02
   66.0999985      -2.15301942E-02
   66.2000046      -2.20079925E-02
   66.3000031      -2.24517230E-02
   66.4000015      -2.28604339E-02
   66.5000000      -2.32333783E-02
   66.5999985      -2.35696938E-02
   66.7000046      -2.38684323E-02
   66.8000031      -2.41287146E-02
   66.9000015      -2.43499838E-02
   67.0000000      -2.45310273E-02
   67.0999985      -2.46712193E-02
   67.2000046      -2.47694179E-02
   67.3000031      -2.48249173E-02
   67.4000015      -2.48366501E-02
   67.5000000      -2.48037055E-02
   67.5999985      -2.47252304E-02
   67.7000046      -2.45999303E-02
   67.8000031      -2.44268868E-02
   67.9000015      -2.42049694E-02
   68.0000000      -2.39331201E-02
   68.0999985      -2.36100834E-02
   68.2000046      -2.32348684E-02
   68.3000031      -2.28061229E-02
   68.4000015      -2.23225877E-02
   68.5000000      -2.17830688E-02
   68.5999985      -2.11862102E-02
   68.7000046      -2.05308720E-02
   68.8000031      -1.98157150E-02
   68.9000015      -1.90393291E-02
   69.0000000      -1.82008743E-02
   69.0999985      -1.72984749E-02
   69.2000046      -1.63315162E-02
   69.3000031      -1.52982380E-02
   69.4000015      -1.41979838E-02
   69.5000000      -1.30292671E-02
   69.5999985      -1.17911315E-02
   69.7000046      -1.04826950E-02
   69.8000031      -9.10285488E-03
   69.9000015      -7.65086105E-03
   70.0000000      -6.12592418E-03
   70.0999985      -4.52733785E-03
   70.2000046      -2.85458029E-03
   70.3000031      -1.10719178E-03
   70.4000015       7.15140952E-04
   70.5000000       2.61276565E-03
   70.5999985       4.58557997E-03
   70.7000046       6.63365750E-03
   70.8000031       8.75680149E-03
   70.9000015       1.09546129E-02
   71.0000000       1.32265277E-02
   71.0999985       1.55720469E-02
   71.2000046       1.79902986E-02
   71.3000031       2.04802249E-02
   71.4000015       2.30406988E-02
   71.5000000       2.56704725E-02
   71.5999985       2.83680912E-02
   71.7000046       3.11317686E-02
   71.8000031       3.39597166E-02
   71.9000015       3.68499123E-02
   72.0000000       3.98003086E-02
   72.0999985       4.28085849E-02
   72.2000046       4.58721668E-02
   72.3000031       4.89882715E-02
   72.4000015       5.21544479E-02
   72.5000000       5.53675070E-02
   72.5999985       5.86244948E-02
   72.7000046       6.19219802E-02
   72.8000031       6.52568638E-02
   72.9000015       6.86254352E-02
   73.0000000       7.20242187E-02
   73.0999985       7.54494816E-02
   73.2000046       7.88974166E-02
   73.3000031       8.23642761E-02
   73.4000015       8.58457461E-02
   73.5000000       8.93380716E-02
   73.5999985       9.28369313E-02
   73.7000046       9.63382721E-02
   73.8000031       9.98379439E-02
   73.9000015      0.103331566    
   74.0000000      0.106814891    
   74.0999985      0.110283673    
   74.2000046      0.113733731    
   74.3000031      0.117160454    
   74.4000015      0.120559812    
   74.5000000      0.123927660    
   74.5999985      0.127259657    
   74.7000046      0.130551547    
   74.8000031      0.133799389    
   74.9000015      0.136999160    
   75.0000000      0.140146822    
   75.0999985      0.143238544    
   75.2000046      0.146270648    
   75.3000031      0.149239227    
   75.4000015      0.152140871    
   75.5000000      0.154971957    
   75.5999985      0.157729372    
   75.7000046      0.160409808    
   75.8000031      0.163010195    
   75.9000015      0.165527627    
   76.0000000      0.167959228    
   76.0999985      0.170302510    
   76.2000046      0.172554836    
   76.3000031      0.174714014    
   76.4000015      0.176777810    
   76.5000000      0.178744346    
   76.5999985      0.180611551    
   76.7000046      0.182378098    
   76.8000031      0.184042230    
   76.9000015      0.185602784    
   77.0000000      0.187058538    
   77.0999985      0.188408554    
   77.2000046      0.189652115    
   77.3000031      0.190788418    
   77.4000015      0.191817135    
   77.5000000      0.192738011    
   77.5999985      0.193550810    
   77.7000046      0.194255665    
   77.8000031      0.194852725    
   77.9000015      0.195342332    
   78.0000000      0.195725083    
   78.0999985      0.196001589    
   78.2000046      0.196172684    
   78.3000031      0.196239293    
   78.4000015      0.196202502    
   78.5000000      0.196063682    
   78.5999985      0.195823938    
   78.7000046      0.195484951    
   78.8000031      0.195048273    
   78.9000015      0.194515526    
   79.0000000      0.193888634    
   79.0999985      0.193169490    
   79.2000046      0.192360044    
   79.3000031      0.191462517    
   79.4000015      0.190478966    
   79.5000000      0.189411730    
   79.5999985      0.188263163    
   79.7000046      0.187035620    
   79.8000031      0.185731485    
   79.9000015      0.184353456    
   80.0000000      0.182903990    
   80.0999985      0.181385726    
   80.2000046      0.179801300    
   80.3000031      0.178153366    
   80.4000015      0.176444679    
   80.5000000      0.174677864    
   80.5999985      0.172855780    
   80.7000046      0.170981079    
   80.8000031      0.169056550    
   80.9000015      0.167084903    
   81.0000000      0.165068939    
   81.0999985      0.163011417    
   81.2000046      0.160914913    
   81.3000031      0.158782333    
   81.4000015      0.156616181    
   81.5000000      0.154419214    
   81.5999985      0.152194038    
   81.7000046      0.149943173    
   81.8000031      0.147669256    
   81.9000015      0.145374805    
   82.0000000      0.143062249    
   82.0999985      0.140734062    
   82.2000046      0.138392538    
   82.3000031      0.136040106    
   82.4000015      0.133678913    
   82.5000000      0.131311283    
   82.5999985      0.128939360    
   82.7000046      0.126565263    
   82.8000031      0.124190971    
   82.9000015      0.121818505    
   83.0000000      0.119449764    
   83.0999985      0.117086671    
   83.2000046      0.114730932    
   83.3000031      0.112384342    
   83.4000015      0.110048525    
   83.5000000      0.107725099    
   83.5999985      0.105415598    
   83.7000046      0.103121437    
   83.8000031      0.100844108    
   83.9000015       9.85848457E-02
   84.0000000       9.63449925E-02
   84.0999985       9.41257104E-02
   84.2000046       9.19281393E-02
   84.3000031       8.97533968E-02
   84.4000015       8.76024514E-02
   84.5000000       8.54762569E-02
   84.5999985       8.33757222E-02
   84.7000046       8.13016593E-02
   84.8000031       7.92548582E-02
   84.9000015       7.72360042E-02
   85.0000000       7.52457306E-02
   85.0999985       7.32846931E-02
   85.2000046       7.13533908E-02
   85.3000031       6.94523230E-02
   85.4000015       6.75819442E-02
   85.5000000       6.57426268E-02
   85.5999985       6.39346838E-02
   85.7000046       6.21584319E-02
   85.8000031       6.04141280E-02
   85.9000015       5.87019548E-02
   86.0000000       5.70220612E-02
   86.0999985       5.53745739E-02
   86.2000046       5.37595563E-02
   86.3000031       5.21770455E-02
   86.4000015       5.06270565E-02
   86.5000000       4.91095409E-02
   86.5999985       4.76244353E-02
   86.7000046       4.61716391E-02
   86.8000031       4.47510071E-02
   86.9000015       4.33623791E-02
   87.0000000       4.20055799E-02
   87.0999985       4.06803824E-02
   87.2000046       3.93865518E-02
   87.3000031       3.81238125E-02
   87.4000015       3.68918814E-02
   87.5000000       3.56904604E-02
   87.5999985       3.45192216E-02
   87.7000046       3.33778076E-02
   87.8000031       3.22658718E-02
   87.9000015       3.11830156E-02
   88.0000000       3.01288720E-02
   88.0999985       2.91030295E-02
   88.2000046       2.81050634E-02
   88.3000031       2.71345563E-02
   88.4000015       2.61910632E-02
   88.5000000       2.52741426E-02
   88.5999985       2.43833363E-02
   88.7000046       2.35181898E-02
   88.8000031       2.26782355E-02
   88.9000015       2.18630042E-02
   89.0000000       2.10720114E-02
   89.0999985       2.03047860E-02
   89.2000046       1.95608474E-02
   89.3000031       1.88397095E-02
   89.4000015       1.81408878E-02
   89.5000000       1.74639057E-02
   89.5999985       1.68082695E-02
   89.7000046       1.61734987E-02
   89.8000031       1.55591173E-02
   89.9000015       1.49646401E-02
   90.0000000       1.43895950E-02
   90.0999985       1.38335042E-02
   90.2000046       1.32959001E-02
   90.3000031       1.27763189E-02
   90.4000015       1.22742904E-02
   90.5000000       1.17893675E-02
   90.5999985       1.13210939E-02
   90.7000046       1.08690206E-02
   90.8000031       1.04327109E-02
   90.9000015       1.00117298E-02
   91.0000000       9.60564613E-03
   91.0999985       9.21403896E-03
   91.2000046       8.83649290E-03
   91.3000031       8.47259909E-03
   91.4000015       8.12195707E-03
   91.5000000       7.78417150E-03
   91.5999985       7.45885493E-03
   91.7000046       7.14562880E-03
   91.8000031       6.84411917E-03
   91.9000015       6.55396283E-03
   92.0000000       6.27479888E-03
   92.0999985       6.00628136E-03
   92.2000046       5.74806612E-03
   92.3000031       5.49982069E-03
   92.4000015       5.26121631E-03
   92.5000000       5.03193587E-03
   92.5999985       4.81166504E-03
   92.7000046       4.60010394E-03
   92.8000031       4.39695315E-03
   92.9000015       4.20192583E-03
   93.0000000       4.01473977E-03
   93.0999985       3.83512117E-03
   93.2000046       3.66280228E-03
   93.3000031       3.49752558E-03
   93.4000015       3.33903823E-03
   93.5000000       3.18709412E-03
   93.5999985       3.04145645E-03
   93.7000046       2.90189218E-03
   93.8000031       2.76817824E-03
   93.9000015       2.64009554E-03
   94.0000000       2.51743291E-03
   94.0999985       2.39998451E-03
   94.2000046       2.28755223E-03
   94.3000031       2.17994349E-03
   94.4000015       2.07697158E-03
   94.5000000       1.97845441E-03
   94.5999985       1.88421831E-03
   94.7000046       1.79409410E-03
   94.8000031       1.70791673E-03
   94.9000015       1.62552821E-03
   95.0000000       1.54677522E-03
   95.0999985       1.47150969E-03
   95.2000046       1.39958854E-03
   95.3000031       1.33087370E-03
   95.4000015       1.26523059E-03
   95.5000000       1.20253104E-03
   95.5999985       1.14265049E-03
   95.7000046       1.08546822E-03
   95.8000031       1.03086862E-03
   95.9000015       9.78739699E-04
   96.0000000       9.28973546E-04
   96.0999985       8.81465618E-04
   96.2000046       8.36116029E-04
   96.3000031       7.92827457E-04
   96.4000015       7.51506654E-04
   96.5000000       7.12063629E-04
   96.5999985       6.74411422E-04
   96.7000046       6.38466445E-04
   96.8000031       6.04147790E-04
   96.9000015       5.71377866E-04
   97.0000000       5.40081528E-04
   97.0999985       5.10186248E-04
   97.2000046       4.81622497E-04
   97.3000031       4.54322668E-04
   97.4000015       4.28221945E-04
   97.5000000       4.03257494E-04
   97.5999985       3.79368779E-04
   97.7000046       3.56497156E-04
   97.8000031       3.34586162E-04
   97.9000015       3.13581084E-04
   98.0000000       2.93429039E-04
   98.0999985       2.74078600E-04
   98.2000046       2.55480409E-04
   98.3000031       2.37586093E-04
   98.4000015       2.20349015E-04
   98.5000000       2.03723699E-04
   98.5999985       1.87666112E-04
   98.7000046       1.72133165E-04
   98.8000031       1.57082934E-04
   98.9000015       1.42474557E-04
   99.0000000       1.28268002E-04
   99.0999985       1.14424089E-04
   99.2000046       1.00904435E-04
   99.3000031       8.76713166E-05
   99.4000015       7.46875667E-05
   99.5000000       6.19166094E-05
   99.5999985       4.93223051E-05
   99.7000046       3.68688598E-05
   99.8000031       2.45208084E-05
   99.9000015       1.22428892E-05
   100.000000       0.00000000    
