 -0.250000000      -5.28564397E-06
  0.250000000      -5.28564397E-06
  0.750000000       1.29798718E-05
   1.25000000      -2.62145695E-05
   1.75000000       3.44180553E-05
   2.25000000      -4.00012614E-05
   2.75000000       2.75095408E-05
   3.25000000      -2.32422371E-06
   3.75000000      -3.68626970E-05
   4.25000000       6.31038783E-05
   4.75000000      -6.13115408E-05
   5.25000000       1.57103732E-05
   5.75000000       3.67600987E-05
   6.25000000      -4.12342342E-05
   6.75000000      -2.84329290E-05
   7.25000000       1.76573070E-04
   7.75000000       1.07958949E-04
   8.25000000       5.43963979E-04
   8.75000000       2.21906719E-03
   9.25000000       5.51995030E-03
   9.75000000       9.96232871E-03
   10.2500000       1.53308241E-02
   10.7500000       2.12922916E-02
   11.2500000       2.77955551E-02
   11.7500000       3.47136557E-02
   12.2500000       4.19435203E-02
   12.7500000       4.95068319E-02
   13.2500000       5.72019592E-02
   13.7500000       6.51820377E-02
   14.2500000       7.31707737E-02
   14.7500000       8.13744441E-02
   15.2500000       8.95368382E-02
   15.7500000       9.77861583E-02
   16.2500000      0.106016368    
   16.7500000      0.114153117    
   17.2500000      0.122319266    
   17.7500000      0.130213454    
   18.2500000      0.138128489    
   18.7500000      0.145666942    
   19.2500000      0.153083041    
   19.7500000      0.160116985    
   20.2500000      0.166745648    
   20.7500000      0.173007324    
   21.2500000      0.178515494    
   21.7500000      0.183531746    
   22.2500000      0.187421948    
   22.7500000      0.190471441    
   23.2500000      0.191678107    
   23.7500000      0.191572756    
   24.2500000      0.187982753    
   24.7500000      0.180368334    
   25.2500000      0.169107929    
   25.7500000      0.132234097    
   26.2500000       7.51431286E-02
   26.7500000       3.29741240E-02
   27.2500000       1.22382343E-02
   27.7500000       3.54384631E-03
   28.2500000       5.69022319E-04
   28.7500000      -5.82299581E-05
   29.2500000      -5.38454005E-05
   29.7500000      -7.43138435E-06
   30.2500000       2.15209866E-06
   30.7500000       6.88936041E-07
   31.2500000      -6.41789200E-08
   31.7500000      -3.97451210E-08
   32.2500000       2.30501573E-09
   32.7500000       1.92401250E-09
   33.2500000      -1.44008222E-10
   33.7500000      -8.05981185E-11
   34.2500000       1.04196183E-11
   34.7500000       2.66639076E-12
   35.2500000      -6.29714759E-13
   35.7500000      -4.79496475E-14
   36.2500000       2.87623454E-14
   36.7500000      -1.35319104E-15
   37.2500000      -8.81981844E-16
   37.7500000       1.57927718E-16
   38.2500000       9.65652136E-18
   38.7500000      -6.67825922E-18
   39.2500000       6.43080504E-19
   39.7500000       1.20906224E-19
   40.2500000      -3.92571582E-20
   40.7500000       2.47157286E-21
   41.2500000       8.05907975E-22
   41.7500000      -2.10557250E-22
   42.2500000       1.21216114E-23
   42.7500000       4.07418495E-24
   43.2500000      -1.08140701E-24
   43.7500000       8.03119504E-26
   44.2500000       1.57025922E-26
   44.7500000      -5.19465445E-27
   45.2500000       5.57520415E-28
   45.7500000       3.38598165E-29
   46.2500000      -2.16448074E-29
   46.7500000       3.37983176E-30
   47.2500000      -1.05185809E-31
   47.7500000      -6.69482589E-32
   48.2500000       1.63691908E-32
   48.7500000      -1.65495058E-33
   49.2500000      -7.15118646E-35
   49.7500000       5.65176766E-35
   50.2500000      -1.01282119E-35
   50.7500000       7.54445103E-37
   51.2500000       8.66873442E-38
   51.7500000      -3.69502647E-38
   52.2500000       5.90474382E-39
   52.7500000      -4.01578509E-40
   53.2500000      -5.22039730E-41
   53.7500000       2.09339978E-41
   54.2500000      -3.40375397E-42
   54.7500000       2.71851902E-43
   55.2500000       1.68155816E-44
   55.7500000      -8.40779079E-45
   56.2500000       1.40129846E-45
   56.7500000       0.00000000    
   57.2500000       0.00000000    
   57.7500000       0.00000000    
   58.2500000       0.00000000    
   58.7500000       0.00000000    
   59.2500000       0.00000000    
   59.7500000       0.00000000    
   60.2500000       0.00000000    
   60.7500000       0.00000000    
   61.2500000       0.00000000    
   61.7500000       0.00000000    
   62.2500000       0.00000000    
   62.7500000       0.00000000    
   63.2500000       0.00000000    
   63.7500000       0.00000000    
   64.2500000       0.00000000    
   64.7500000       0.00000000    
   65.2500000       0.00000000    
   65.7500000       0.00000000    
   66.2500000       0.00000000    
   66.7500000       0.00000000    
   67.2500000       0.00000000    
   67.7500000       0.00000000    
   68.2500000       0.00000000    
   68.7500000       0.00000000    
   69.2500000       0.00000000    
   69.7500000       0.00000000    
   70.2500000       0.00000000    
   70.7500000       0.00000000    
   71.2500000       0.00000000    
   71.7500000       0.00000000    
   72.2500000       0.00000000    
   72.7500000       0.00000000    
   73.2500000       0.00000000    
   73.7500000       0.00000000    
   74.2500000       0.00000000    
   74.7500000       0.00000000    
   75.2500000       0.00000000    
   75.7500000       0.00000000    
   76.2500000       0.00000000    
   76.7500000       0.00000000    
   77.2500000       0.00000000    
   77.7500000       0.00000000    
   78.2500000       0.00000000    
   78.7500000       0.00000000    
   79.2500000       0.00000000    
   79.7500000       0.00000000    
   80.2500000       0.00000000    
   80.7500000       0.00000000    
   81.2500000       0.00000000    
   81.7500000       0.00000000    
   82.2500000       0.00000000    
   82.7500000       0.00000000    
   83.2500000       0.00000000    
   83.7500000       0.00000000    
   84.2500000       0.00000000    
   84.7500000       0.00000000    
   85.2500000       0.00000000    
   85.7500000       0.00000000    
   86.2500000       0.00000000    
   86.7500000       0.00000000    
   87.2500000       0.00000000    
   87.7500000       0.00000000    
   88.2500000       0.00000000    
   88.7500000       0.00000000    
   89.2500000       0.00000000    
   89.7500000       0.00000000    
   90.2500000       0.00000000    
   90.7500000       0.00000000    
   91.2500000       0.00000000    
   91.7500000       0.00000000    
   92.2500000       0.00000000    
   92.7500000       0.00000000    
   93.2500000       0.00000000    
   93.7500000       0.00000000    
   94.2500000       0.00000000    
   94.7500000       0.00000000    
   95.2500000       0.00000000    
   95.7500000       0.00000000    
   96.2500000       0.00000000    
   96.7500000       0.00000000    
   97.2500000       0.00000000    
   97.7500000       0.00000000    
   98.2500000       0.00000000    
   98.7500000       0.00000000    
   99.2500000       0.00000000    
   99.7500000       0.00000000    
   100.250000       0.00000000    
