   0.00000000       0.00000000    
  0.500000000       1.80609895E-05
   1.00000000      -2.84416656E-05
   1.50000000       2.70494820E-05
   2.00000000      -1.30733133E-05
   2.50000000      -5.46789306E-06
   3.00000000       1.80336683E-05
   3.50000000      -9.95391747E-06
   4.00000000      -2.08083657E-05
   4.50000000       6.31064177E-05
   5.00000000      -8.27102485E-05
   5.50000000       5.33815910E-05
   6.00000000       2.07671874E-05
   6.50000000      -6.54855976E-05
   7.00000000       2.71089593E-05
   7.50000000       1.86937046E-04
   8.00000000       1.06176667E-04
   8.50000000       7.82225165E-04
   9.00000000       2.84303585E-03
   9.50000000       6.49508135E-03
   10.0000000       1.11390566E-02
   10.5000000       1.66639499E-02
   11.0000000       2.26554368E-02
   11.5000000       2.92103365E-02
   12.0000000       3.60426307E-02
   12.5000000       4.32283953E-02
   13.0000000       5.06126843E-02
   13.5000000       5.81586994E-02
   14.0000000       6.58919960E-02
   14.5000000       7.36142993E-02
   15.0000000       8.15235525E-02
   15.5000000       8.93011913E-02
   16.0000000       9.72122476E-02
   16.5000000      0.104961738    
   17.0000000      0.112700105    
   17.5000000      0.120332882    
   18.0000000      0.127742857    
   18.5000000      0.135120437    
   19.0000000      0.142078549    
   19.5000000      0.148980513    
   20.0000000      0.155367583    
   20.5000000      0.161500171    
   21.0000000      0.167116821    
   21.5000000      0.172130316    
   22.0000000      0.176576585    
   22.5000000      0.179992437    
   23.0000000      0.182604134    
   23.5000000      0.183348894    
   24.0000000      0.183186427    
   24.5000000      0.178723752    
   25.0000000      0.171918064    
   25.5000000      0.159601390    
   26.0000000      0.117533892    
   26.5000000       6.17543235E-02
   27.0000000       2.55789589E-02
   27.5000000       8.95599276E-03
   28.0000000       2.28732894E-03
   28.5000000       2.30173260E-04
   29.0000000      -9.04148037E-05
   29.5000000      -3.83105616E-05
   30.0000000      -1.49901780E-06
   30.5000000       2.17143770E-06
   31.0000000       3.18885185E-07
   31.5000000      -9.90077140E-08
   32.0000000      -2.11274624E-08
   32.5000000       4.69183403E-09
   33.0000000       1.00064013E-09
   33.5000000      -2.44171711E-10
   34.0000000      -3.47066056E-11
   34.5000000       1.25648814E-11
   35.0000000       5.70601780E-13
   35.5000000      -5.57500931E-13
   36.0000000       2.94453725E-14
   36.5000000       1.83566219E-14
   37.0000000      -3.15386365E-15
   37.5000000      -2.90845465E-16
   38.0000000       1.49369310E-16
   38.5000000      -9.92049289E-18
   39.0000000      -3.69917817E-18
   39.5000000       8.72805827E-19
   40.0000000      -1.11411406E-20
   40.5000000      -2.63469804E-20
   41.0000000       4.60323830E-21
   41.5000000       5.68078806E-23
   42.0000000      -1.50526020E-22
   42.5000000       2.44036551E-23
   43.0000000       1.49329397E-25
   43.5000000      -7.41338248E-25
   44.0000000       1.31718028E-25
   44.5000000      -3.43052843E-27
   45.0000000      -3.05710410E-27
   45.5000000       6.81775300E-28
   46.0000000      -4.84984760E-29
   46.5000000      -8.97624263E-30
   47.0000000       3.08730275E-30
   47.5000000      -3.81894840E-31
   48.0000000      -3.67712853E-33
   48.5000000       1.06940892E-32
   49.0000000      -2.11481462E-33
   49.5000000       1.67498578E-34
   50.0000000       1.83413135E-35
   50.5000000      -8.07953054E-36
   51.0000000       1.26478751E-36
   51.5000000      -7.19795565E-38
   52.0000000      -1.53961279E-38
   52.5000000       5.08711700E-39
   53.0000000      -7.39671190E-40
   53.5000000       4.07833905E-41
   54.0000000       8.54371674E-42
   54.5000000      -2.85304367E-42
   55.0000000       4.35803822E-43
   55.5000000      -3.22298647E-44
   56.0000000      -2.80259693E-45
   56.5000000       1.40129846E-45
   57.0000000       0.00000000    
   57.5000000       0.00000000    
   58.0000000       0.00000000    
   58.5000000       0.00000000    
   59.0000000       0.00000000    
   59.5000000       0.00000000    
   60.0000000       0.00000000    
   60.5000000       0.00000000    
   61.0000000       0.00000000    
   61.5000000       0.00000000    
   62.0000000       0.00000000    
   62.5000000       0.00000000    
   63.0000000       0.00000000    
   63.5000000       0.00000000    
   64.0000000       0.00000000    
   64.5000000       0.00000000    
   65.0000000       0.00000000    
   65.5000000       0.00000000    
   66.0000000       0.00000000    
   66.5000000       0.00000000    
   67.0000000       0.00000000    
   67.5000000       0.00000000    
   68.0000000       0.00000000    
   68.5000000       0.00000000    
   69.0000000       0.00000000    
   69.5000000       0.00000000    
   70.0000000       0.00000000    
   70.5000000       0.00000000    
   71.0000000       0.00000000    
   71.5000000       0.00000000    
   72.0000000       0.00000000    
   72.5000000       0.00000000    
   73.0000000       0.00000000    
   73.5000000       0.00000000    
   74.0000000       0.00000000    
   74.5000000       0.00000000    
   75.0000000       0.00000000    
   75.5000000       0.00000000    
   76.0000000       0.00000000    
   76.5000000       0.00000000    
   77.0000000       0.00000000    
   77.5000000       0.00000000    
   78.0000000       0.00000000    
   78.5000000       0.00000000    
   79.0000000       0.00000000    
   79.5000000       0.00000000    
   80.0000000       0.00000000    
   80.5000000       0.00000000    
   81.0000000       0.00000000    
   81.5000000       0.00000000    
   82.0000000       0.00000000    
   82.5000000       0.00000000    
   83.0000000       0.00000000    
   83.5000000       0.00000000    
   84.0000000       0.00000000    
   84.5000000       0.00000000    
   85.0000000       0.00000000    
   85.5000000       0.00000000    
   86.0000000       0.00000000    
   86.5000000       0.00000000    
   87.0000000       0.00000000    
   87.5000000       0.00000000    
   88.0000000       0.00000000    
   88.5000000       0.00000000    
   89.0000000       0.00000000    
   89.5000000       0.00000000    
   90.0000000       0.00000000    
   90.5000000       0.00000000    
   91.0000000       0.00000000    
   91.5000000       0.00000000    
   92.0000000       0.00000000    
   92.5000000       0.00000000    
   93.0000000       0.00000000    
   93.5000000       0.00000000    
   94.0000000       0.00000000    
   94.5000000       0.00000000    
   95.0000000       0.00000000    
   95.5000000       0.00000000    
   96.0000000       0.00000000    
   96.5000000       0.00000000    
   97.0000000       0.00000000    
   97.5000000       0.00000000    
   98.0000000       0.00000000    
   98.5000000       0.00000000    
   99.0000000       0.00000000    
   99.5000000       0.00000000    
   100.000000       0.00000000    
