   0.00000000       0.00000000    
  0.500000000      -1.02108434E-05
   1.00000000       2.03453601E-05
   1.50000000      -2.91822653E-05
   2.00000000       3.73561488E-05
   2.50000000      -4.16417242E-05
   3.00000000       4.36305636E-05
   3.50000000      -3.90931309E-05
   4.00000000       3.14955141E-05
   4.50000000      -1.72782857E-05
   5.00000000       3.62691844E-06
   5.50000000       1.13113001E-05
   6.00000000      -1.70737785E-05
   6.50000000       1.70504591E-05
   7.00000000      -2.66125789E-06
   7.50000000      -1.47874234E-05
   8.00000000       3.69241316E-05
   8.50000000      -4.46863232E-05
   9.00000000       4.13977832E-05
   9.50000000      -1.65676684E-05
   10.0000000      -6.64230811E-06
   10.5000000       2.36549513E-05
   11.0000000      -6.39186692E-06
   11.5000000      -2.68455151E-05
   12.0000000       6.70941517E-05
   12.5000000      -6.41126608E-05
   13.0000000       2.40808113E-05
   13.5000000       4.00264798E-05
   14.0000000      -4.76320020E-05
   14.5000000      -3.28676106E-06
   15.0000000       7.26678700E-05
   15.5000000      -2.96290164E-05
   16.0000000      -8.89018629E-05
   16.5000000       1.57796254E-04
   17.0000000       1.09403423E-04
   17.5000000       8.72844830E-05
   18.0000000       7.50344654E-04
   18.5000000       2.66335392E-03
   19.0000000       5.83565608E-03
   19.5000000       9.74497013E-03
   20.0000000       1.43542234E-02
   20.5000000       1.93026029E-02
   21.0000000       2.45703738E-02
   21.5000000       3.01895048E-02
   22.0000000       3.58656608E-02
   22.5000000       4.18598540E-02
   23.0000000       4.79127206E-02
   23.5000000       5.40334471E-02
   24.0000000       6.03939965E-02
   24.5000000       6.66096732E-02
   25.0000000       7.30445907E-02
   25.5000000       7.94650912E-02
   26.0000000       8.57765079E-02
   26.5000000       9.23498198E-02
   27.0000000       9.86231044E-02
   27.5000000      0.105021909    
   28.0000000      0.111503370    
   28.5000000      0.117498636    
   29.0000000      0.123948812    
   29.5000000      0.130172223    
   30.0000000      0.135448799    
   30.5000000      0.142521396    
   31.0000000      0.147590026    
   31.5000000      0.151512563    
   32.0000000      0.161801085    
   32.5000000      0.160598248    
   33.0000000      0.166140556    
   33.5000000      0.183290169    
   34.0000000      0.161281899    
   34.5000000      0.183806837    
   35.0000000      0.206395373    
   35.5000000      0.136208907    
   36.0000000      0.205256879    
   36.5000000      0.235250801    
   37.0000000       5.94948009E-02
   37.5000000      -2.20761308E-03
   38.0000000      -3.26168607E-04
   38.5000000       2.33006795E-05
   39.0000000      -6.23367232E-05
   39.5000000      -7.97760913E-06
   40.0000000       3.29492059E-06
   40.5000000       1.00208365E-06
   41.0000000      -5.89034883E-08
   41.5000000      -7.28356042E-08
   42.0000000      -3.51220697E-09
   42.5000000       4.22567759E-09
   43.0000000       4.14833085E-10
   43.5000000      -2.26895697E-10
   44.0000000      -2.53945476E-11
   44.5000000       1.20261683E-11
   45.0000000       1.08959608E-12
   45.5000000      -6.27269721E-13
   46.0000000      -2.64054627E-14
   46.5000000       3.07159829E-14
   47.0000000      -6.98289197E-16
   47.5000000      -1.31646178E-15
   48.0000000       1.34903589E-16
   48.5000000       4.41514369E-17
   49.0000000      -9.78316354E-18
   49.5000000      -8.07115020E-19
   50.0000000       4.77686309E-19
   50.5000000      -2.26558049E-20
   51.0000000      -1.56857387E-20
   51.5000000       2.81012439E-21
   52.0000000       2.19664617E-22
   52.5000000      -1.32327643E-22
   53.0000000       1.04205181E-23
   53.5000000       3.21003378E-24
   54.0000000      -8.35546877E-25
   54.5000000       1.49798862E-26
   55.0000000       2.61298434E-26
   55.5000000      -4.61680228E-27
   56.0000000      -1.24854235E-28
   56.5000000       1.71675770E-28
   57.0000000      -2.45706260E-29
   57.5000000      -1.32865506E-30
   58.0000000       1.00594302E-30
   58.5000000      -1.34147980E-31
   59.0000000      -7.37884547E-33
   59.5000000       5.43388904E-33
   60.0000000      -7.63538039E-34
   60.5000000      -2.28111394E-35
   61.0000000       2.69511209E-35
   61.5000000      -4.39127855E-36
   62.0000000       4.63759166E-38
   62.5000000       1.18204514E-37
   63.0000000      -2.41852008E-38
   63.5000000       1.35406770E-39
   64.0000000       4.16108572E-40
   64.5000000      -1.20381347E-40
   65.0000000       1.24897732E-41
   65.5000000       8.04345319E-43
   66.0000000      -5.03066149E-43
   66.5000000       8.26766094E-44
   67.0000000      -4.20389539E-45
   67.5000000      -1.40129846E-45
   68.0000000       0.00000000    
   68.5000000       0.00000000    
   69.0000000       0.00000000    
   69.5000000       0.00000000    
   70.0000000       0.00000000    
   70.5000000       0.00000000    
   71.0000000       0.00000000    
   71.5000000       0.00000000    
   72.0000000       0.00000000    
   72.5000000       0.00000000    
   73.0000000       0.00000000    
   73.5000000       0.00000000    
   74.0000000       0.00000000    
   74.5000000       0.00000000    
   75.0000000       0.00000000    
   75.5000000       0.00000000    
   76.0000000       0.00000000    
   76.5000000       0.00000000    
   77.0000000       0.00000000    
   77.5000000       0.00000000    
   78.0000000       0.00000000    
   78.5000000       0.00000000    
   79.0000000       0.00000000    
   79.5000000       0.00000000    
   80.0000000       0.00000000    
   80.5000000       0.00000000    
   81.0000000       0.00000000    
   81.5000000       0.00000000    
   82.0000000       0.00000000    
   82.5000000       0.00000000    
   83.0000000       0.00000000    
   83.5000000       0.00000000    
   84.0000000       0.00000000    
   84.5000000       0.00000000    
   85.0000000       0.00000000    
   85.5000000       0.00000000    
   86.0000000       0.00000000    
   86.5000000       0.00000000    
   87.0000000       0.00000000    
   87.5000000       0.00000000    
   88.0000000       0.00000000    
   88.5000000       0.00000000    
   89.0000000       0.00000000    
   89.5000000       0.00000000    
   90.0000000       0.00000000    
   90.5000000       0.00000000    
   91.0000000       0.00000000    
   91.5000000       0.00000000    
   92.0000000       0.00000000    
   92.5000000       0.00000000    
   93.0000000       0.00000000    
   93.5000000       0.00000000    
   94.0000000       0.00000000    
   94.5000000       0.00000000    
   95.0000000       0.00000000    
   95.5000000       0.00000000    
   96.0000000       0.00000000    
   96.5000000       0.00000000    
   97.0000000       0.00000000    
   97.5000000       0.00000000    
   98.0000000       0.00000000    
   98.5000000       0.00000000    
   99.0000000       0.00000000    
   99.5000000       0.00000000    
   100.000000       0.00000000    
