 -0.250000000      -9.63895673E-06
  0.250000000      -9.63895673E-06
  0.750000000      -6.18197532E-07
   1.25000000      -1.83234515E-05
   1.75000000       6.89889430E-06
   2.25000000      -2.45489828E-05
   2.75000000       1.08540889E-05
   3.25000000      -2.67400701E-05
   3.75000000       1.00121588E-05
   4.25000000      -2.40493500E-05
   4.75000000       3.96787300E-06
   5.25000000      -1.68439983E-05
   5.75000000      -5.55268434E-06
   6.25000000      -8.26640098E-06
   6.75000000      -1.42863692E-05
   7.25000000      -3.39930602E-06
   7.75000000      -1.73016851E-05
   8.25000000      -6.70310237E-06
   8.75000000      -1.11570180E-05
   9.25000000      -1.86363613E-05
   9.75000000       7.29972896E-07
   10.2500000      -3.22125670E-05
   10.7500000       7.99818281E-06
   11.2500000      -3.51507733E-05
   11.7500000      -5.40147425E-07
   12.2500000      -2.07703488E-05
   12.7500000      -2.43556442E-05
   13.2500000       1.38423945E-06
   13.7500000      -4.55932022E-05
   14.2500000       8.88296108E-06
   14.7500000      -4.35638685E-05
   15.2500000      -8.96947768E-06
   15.7500000      -2.35791322E-05
   16.2500000      -3.02330736E-05
   16.7500000      -1.85356203E-05
   17.2500000      -2.33821193E-05
   17.7500000      -4.26836377E-05
   18.2500000      -2.79107235E-06
   18.7500000      -5.38387394E-05
   19.2500000      -2.14205975E-05
   19.7500000      -1.66236005E-05
   20.2500000      -7.06864666E-05
   20.7500000       9.84721009E-06
   21.2500000      -6.55339027E-05
   21.7500000      -3.56929995E-05
   22.2500000      -1.46113889E-05
   22.7500000      -6.72450842E-05
   23.2500000      -3.11777912E-05
   23.7500000      -2.84648995E-05
   24.2500000      -5.88791627E-05
   24.7500000      -5.43804781E-05
   25.2500000      -3.36477774E-06
   25.7500000      -8.69601499E-05
   26.2500000      -5.44171744E-05
   26.7500000       1.38718133E-05
   27.2500000      -1.14472074E-04
   27.7500000      -4.93949738E-05
   28.2500000       9.54726602E-06
   28.7500000      -9.46915097E-05
   29.2500000      -8.50250435E-05
   29.7500000      -1.24118042E-05
   30.2500000      -5.06923516E-06
   30.7500000      -1.38000527E-04
   31.2500000      -1.11804969E-04
   31.7500000       1.20478289E-04
   32.2500000       3.66238419E-05
   32.7500000      -7.47171289E-05
   33.2500000       4.69704071E-04
   33.7500000       1.85736583E-03
   34.2500000       4.24087932E-03
   34.7500000       7.36835226E-03
   35.2500000       1.08035132E-02
   35.7500000       1.46698290E-02
   36.2500000       1.88032147E-02
   36.7500000       2.29542460E-02
   37.2500000       2.74252966E-02
   37.7500000       3.20016779E-02
   38.2500000       3.65498699E-02
   38.7500000       4.13886197E-02
   39.2500000       4.61447909E-02
   39.7500000       5.10703512E-02
   40.2500000       5.61018102E-02
   40.7500000       6.07245937E-02
   41.2500000       6.63974881E-02
   41.7500000       7.12743402E-02
   42.2500000       7.51477480E-02
   42.7500000       8.28409791E-02
   43.2500000       8.67377520E-02
   43.7500000       8.82863924E-02
   44.2500000      0.101278022    
   44.7500000      0.102835953    
   45.2500000       9.77494270E-02
   45.7500000      0.122795127    
   46.2500000      0.121744335    
   46.7500000       9.94936824E-02
   47.2500000      0.146245927    
   47.7500000      0.149454698    
   48.2500000       9.06267166E-02
   48.7500000      0.162374288    
   49.2500000      0.194896594    
   49.7500000       7.82138854E-02
   50.2500000      0.150890484    
   50.7500000      0.259175062    
   51.2500000       8.56219530E-02
   51.7500000      0.100242324    
   52.2500000      0.312913150    
   52.7500000      0.140312001    
   53.2500000       4.32226248E-02
   53.7500000      0.299430728    
   54.2500000      0.236147463    
   54.7500000       6.91303005E-03
   55.2500000      -4.86586289E-03
   55.7500000       7.07195373E-04
   56.2500000       5.22159007E-06
   56.7500000      -1.97399895E-05
   57.2500000       3.26825489E-06
   57.7500000      -6.11459186E-08
   58.2500000      -7.45419229E-08
   58.7500000       1.57771325E-08
   59.2500000      -6.48279763E-10
   59.7500000      -3.89522581E-10
   60.2500000       7.02304881E-11
   60.7500000       3.21851248E-12
   61.2500000      -1.47134865E-12
   61.7500000      -9.00766820E-14
   62.2500000       2.31942185E-15
   62.7500000       1.43651435E-14
   63.2500000       1.64627841E-16
   63.7500000      -1.02294528E-15
   64.2500000       4.33148363E-17
   64.7500000       5.20927512E-17
   65.2500000      -4.85188082E-18
   65.7500000      -2.27257534E-18
   66.2500000       3.54730771E-19
   66.7500000       8.59446860E-20
   67.2500000      -2.19829403E-20
   67.7500000      -2.41109921E-21
   68.2500000       1.17903358E-21
   68.7500000       1.16706859E-23
   69.2500000      -5.29384958E-23
   69.7500000       4.36433075E-24
   70.2500000       1.84133309E-24
   70.7500000      -3.70558338E-25
   71.2500000      -3.74144401E-26
   71.7500000       1.93050534E-26
   72.2500000      -6.78788231E-28
   72.7500000      -6.92131459E-28
   73.2500000       1.10542625E-28
   73.7500000       1.32527814E-29
   74.2500000      -5.95717591E-30
   74.7500000       2.74794327E-31
   75.2500000       1.87860642E-31
   75.7500000      -3.59952592E-32
   76.2500000      -1.90142530E-33
   76.7500000       1.58675097E-33
   77.2500000      -1.61767354E-34
   77.7500000      -3.29306822E-35
   78.2500000       1.06920983E-35
   78.7500000      -4.75547068E-37
   79.2500000      -2.98720690E-37
   79.7500000       6.34111433E-38
   80.2500000       1.09895431E-40
   80.7500000      -2.16926327E-39
   81.2500000       3.51227052E-40
   81.7500000       1.42287846E-41
   82.2500000      -1.40045769E-41
   82.7500000       1.90576591E-42
   83.2500000       1.31722056E-43
   83.7500000      -8.12753109E-44
   84.2500000       1.12103877E-44
   84.7500000       1.40129846E-45
   85.2500000       0.00000000    
   85.7500000       0.00000000    
   86.2500000       0.00000000    
   86.7500000       0.00000000    
   87.2500000       0.00000000    
   87.7500000       0.00000000    
   88.2500000       0.00000000    
   88.7500000       0.00000000    
   89.2500000       0.00000000    
   89.7500000       0.00000000    
   90.2500000       0.00000000    
   90.7500000       0.00000000    
   91.2500000       0.00000000    
   91.7500000       0.00000000    
   92.2500000       0.00000000    
   92.7500000       0.00000000    
   93.2500000       0.00000000    
   93.7500000       0.00000000    
   94.2500000       0.00000000    
   94.7500000       0.00000000    
   95.2500000       0.00000000    
   95.7500000       0.00000000    
   96.2500000       0.00000000    
   96.7500000       0.00000000    
   97.2500000       0.00000000    
   97.7500000       0.00000000    
   98.2500000       0.00000000    
   98.7500000       0.00000000    
   99.2500000       0.00000000    
   99.7500000       0.00000000    
   100.250000       0.00000000    
