   0.00000000       0.00000000    
  0.500000000      -4.89059903E-06
   1.00000000       1.13150982E-05
   1.50000000      -1.44140340E-05
   2.00000000       2.18113855E-05
   2.50000000      -2.26048869E-05
   3.00000000       3.07098016E-05
   3.50000000      -2.82781548E-05
   4.00000000       3.59482401E-05
   4.50000000      -2.92804816E-05
   5.00000000       3.55051816E-05
   5.50000000      -2.34625659E-05
   6.00000000       2.83574464E-05
   6.50000000      -1.15145467E-05
   7.00000000       1.68024944E-05
   7.50000000       2.48999822E-06
   8.00000000       6.72087890E-06
   8.50000000       1.11528261E-05
   9.00000000       6.15630506E-06
   9.50000000       7.80089249E-06
   10.0000000       1.88190970E-05
   10.5000000      -6.84580846E-06
   11.0000000       3.81761420E-05
   11.5000000      -2.04562057E-05
   12.0000000       4.80794588E-05
   12.5000000      -1.61479693E-05
   13.0000000       3.52446114E-05
   13.5000000       1.03075945E-05
   14.0000000       8.10222991E-06
   14.5000000       3.83841398E-05
   15.0000000      -5.03968840E-06
   15.5000000       4.02528312E-05
   16.0000000       1.23204500E-05
   16.5000000       1.97696500E-05
   17.0000000       3.33735261E-05
   17.5000000       1.91263007E-05
   18.0000000       1.84127202E-05
   18.5000000       5.38683707E-05
   19.0000000      -9.75298099E-06
   19.5000000       6.57921628E-05
   20.0000000       1.69177220E-05
   20.5000000       1.57315953E-05
   21.0000000       7.67000311E-05
   21.5000000      -1.17676882E-05
   22.0000000       6.35642209E-05
   22.5000000       4.23266247E-05
   23.0000000       1.49576172E-05
   23.5000000       5.72106546E-05
   24.0000000       5.10917125E-05
   24.5000000       1.69737705E-05
   25.0000000       5.15985303E-05
   25.5000000       8.20074856E-05
   26.0000000      -1.71605352E-05
   26.5000000       8.03008443E-05
   27.0000000       8.78160354E-05
   27.5000000      -3.27829002E-05
   28.0000000       9.22685576E-05
   28.5000000       9.16253048E-05
   29.0000000      -6.13807742E-06
   29.5000000       3.82440739E-05
   30.0000000       1.12197136E-04
   30.5000000       8.46685143E-05
   31.0000000      -6.23966553E-05
   31.5000000       5.77416358E-05
   32.0000000       2.65402021E-04
   32.5000000       8.54764730E-05
   33.0000000       7.94344814E-05
   33.5000000       8.20510613E-04
   34.0000000       2.43860856E-03
   34.5000000       5.06522693E-03
   35.0000000       8.28264561E-03
   35.5000000       1.17756901E-02
   36.0000000       1.57289691E-02
   36.5000000       1.98202580E-02
   37.0000000       2.39610840E-02
   37.5000000       2.84540653E-02
   38.0000000       3.29146534E-02
   38.5000000       3.74347344E-02
   39.0000000       4.22064736E-02
   39.5000000       4.68065105E-02
   40.0000000       5.17312810E-02
   40.5000000       5.64852916E-02
   41.0000000       6.10381588E-02
   41.5000000       6.68051839E-02
   42.0000000       7.08436295E-02
   42.5000000       7.51289353E-02
   43.0000000       8.31327736E-02
   43.5000000       8.47306401E-02
   44.0000000       8.81362110E-02
   44.5000000      0.102031380    
   45.0000000       9.77480486E-02
   45.5000000       9.77041498E-02
   46.0000000      0.125676066    
   46.5000000      0.111084215    
   47.0000000       9.88594368E-02
   47.5000000      0.155009300    
   48.0000000      0.130492359    
   48.5000000       8.55779499E-02
   49.0000000      0.182948619    
   49.5000000      0.167582840    
   50.0000000       6.05599247E-02
   50.5000000      0.186638132    
   51.0000000      0.231604591    
   51.5000000       4.69195209E-02
   52.0000000      0.140985414    
   52.5000000      0.305649430    
   53.0000000       7.81359151E-02
   53.5000000       6.70756698E-02
   54.0000000      0.329196036    
   54.5000000      0.161785573    
   55.0000000      -1.17934458E-02
   55.5000000      -2.03215797E-03
   56.0000000       6.83424296E-04
   56.5000000      -6.66777923E-05
   57.0000000      -6.45776709E-06
   57.5000000       2.85412239E-06
   58.0000000      -3.33518159E-07
   58.5000000      -1.53008415E-08
   59.0000000       1.23183082E-08
   59.5000000      -1.75565384E-09
   60.0000000      -9.42107087E-11
   60.5000000       6.05793610E-11
   61.0000000      -3.33616208E-12
   61.5000000      -8.35070674E-13
   62.0000000      -1.33235555E-14
   62.5000000       1.17394675E-14
   63.0000000       1.05119974E-14
   63.5000000      -1.41209911E-15
   64.0000000      -6.44890864E-16
   64.5000000       1.19823928E-16
   65.0000000       2.70392620E-17
   65.5000000      -7.39904455E-18
   66.0000000      -9.07300913E-19
   66.5000000       4.02264808E-19
   67.0000000       1.84498112E-20
   67.5000000      -1.99416250E-20
   68.0000000       5.78020928E-22
   68.5000000       8.61531630E-22
   69.0000000      -9.76393463E-23
   69.5000000      -2.93866906E-23
   70.0000000       7.00066327E-24
   70.5000000       5.70971114E-25
   71.0000000      -3.54599386E-25
   71.5000000       1.41755346E-26
   72.0000000       1.30079620E-26
   72.5000000      -2.07118474E-27
   73.0000000      -2.75624890E-28
   73.5000000       1.15710401E-28
   74.0000000      -3.75456394E-30
   74.5000000      -3.99156391E-30
   75.0000000       6.70917633E-31
   75.5000000       6.03112297E-32
   76.0000000      -3.34359729E-32
   76.5000000       2.47829052E-33
   77.0000000       8.69590129E-34
   77.5000000      -2.17139475E-34
   78.0000000       1.06489284E-36
   78.5000000       7.56782675E-36
   79.0000000      -1.20032751E-36
   79.5000000      -7.72510172E-38
   80.0000000       5.37851197E-38
   80.5000000      -5.97024892E-39
   81.0000000      -8.61046058E-40
   81.5000000       3.43040667E-40
   82.0000000      -2.82389667E-41
   82.5000000      -6.63654953E-42
   83.0000000       2.05990874E-42
   83.5000000      -1.34524653E-43
   84.0000000      -3.92363570E-44
   84.5000000       1.26116862E-44
   85.0000000       0.00000000    
   85.5000000       0.00000000    
   86.0000000       0.00000000    
   86.5000000       0.00000000    
   87.0000000       0.00000000    
   87.5000000       0.00000000    
   88.0000000       0.00000000    
   88.5000000       0.00000000    
   89.0000000       0.00000000    
   89.5000000       0.00000000    
   90.0000000       0.00000000    
   90.5000000       0.00000000    
   91.0000000       0.00000000    
   91.5000000       0.00000000    
   92.0000000       0.00000000    
   92.5000000       0.00000000    
   93.0000000       0.00000000    
   93.5000000       0.00000000    
   94.0000000       0.00000000    
   94.5000000       0.00000000    
   95.0000000       0.00000000    
   95.5000000       0.00000000    
   96.0000000       0.00000000    
   96.5000000       0.00000000    
   97.0000000       0.00000000    
   97.5000000       0.00000000    
   98.0000000       0.00000000    
   98.5000000       0.00000000    
   99.0000000       0.00000000    
   99.5000000       0.00000000    
   100.000000       0.00000000    
