   0.00000000       0.00000000    
  0.500000000       2.35485186E-06
   1.00000000      -3.25917881E-06
   1.50000000       6.96046664E-06
   2.00000000      -6.50772927E-06
   2.50000000       1.17361787E-05
   3.00000000      -9.74895647E-06
   3.50000000       1.63795921E-05
   4.00000000      -1.25822999E-05
   4.50000000       2.07361591E-05
   5.00000000      -1.49228872E-05
   5.50000000       2.43819231E-05
   6.00000000      -1.60693962E-05
   6.50000000       2.69425309E-05
   7.00000000      -1.55972230E-05
   7.50000000       2.79416909E-05
   8.00000000      -1.33498188E-05
   8.50000000       2.69346438E-05
   9.00000000      -8.75625665E-06
   9.50000000       2.39876827E-05
   10.0000000      -1.96719702E-06
   10.5000000       1.94036147E-05
   11.0000000       6.25251505E-06
   11.5000000       1.41612691E-05
   12.0000000       1.44391870E-05
   12.5000000       9.68388485E-06
   13.0000000       2.10761300E-05
   13.5000000       7.94360676E-06
   14.0000000       2.46647614E-05
   14.5000000       9.62604554E-06
   15.0000000       2.45398660E-05
   15.5000000       1.47175688E-05
   16.0000000       2.17583729E-05
   16.5000000       2.16615808E-05
   17.0000000       1.85719036E-05
   17.5000000       2.72144662E-05
   18.0000000       1.82140575E-05
   18.5000000       2.82761357E-05
   19.0000000       2.32689672E-05
   19.5000000       2.36958876E-05
   20.0000000       3.32974232E-05
   20.5000000       1.50685282E-05
   21.0000000       4.50542138E-05
   21.5000000       7.55712244E-06
   22.0000000       5.19499081E-05
   22.5000000       7.54644543E-06
   23.0000000       4.86849858E-05
   23.5000000       1.86533653E-05
   24.0000000       3.47359201E-05
   24.5000000       3.74194642E-05
   25.0000000       1.72376040E-05
   25.5000000       5.40278525E-05
   26.0000000       7.43371129E-06
   26.5000000       5.76309139E-05
   27.0000000       1.28105230E-05
   27.5000000       4.63211691E-05
   28.0000000       2.96347389E-05
   28.5000000       2.90961525E-05
   29.0000000       4.47405982E-05
   29.5000000       2.02640749E-05
   30.0000000       4.63941651E-05
   30.5000000       2.57074080E-05
   31.0000000       3.69376721E-05
   31.5000000       3.54406984E-05
   32.0000000       3.07895280E-05
   32.5000000       3.51470808E-05
   33.0000000       3.71452625E-05
   33.5000000       2.47660792E-05
   34.0000000       4.56122798E-05
   34.5000000       2.26227603E-05
   35.0000000       3.71481292E-05
   35.5000000       4.00846111E-05
   36.0000000       1.42950776E-05
   36.5000000       5.85193084E-05
   37.0000000       7.32825720E-06
   37.5000000       4.73181644E-05
   38.0000000       3.38442842E-05
   38.5000000       1.19135329E-05
   39.0000000       6.35546166E-05
   39.5000000      -1.12126054E-06
   40.0000000       5.16749678E-05
   40.5000000       3.04418918E-05
   41.0000000       1.11668378E-05
   41.5000000       6.07709553E-05
   42.0000000       2.27836654E-06
   42.5000000       4.31651242E-05
   43.0000000       3.46632078E-05
   43.5000000       1.14524519E-05
   44.0000000       4.80556373E-05
   44.5000000       1.89714010E-05
   45.0000000       2.61265013E-05
   45.5000000       3.62648243E-05
   46.0000000       2.39980764E-05
   46.5000000       2.19218236E-05
   47.0000000       3.81166792E-05
   47.5000000       2.29078250E-05
   48.0000000       1.46664825E-05
   48.5000000       5.17948320E-05
   49.0000000       4.52867425E-06
   49.5000000       2.44060138E-05
   50.0000000       5.58716129E-05
   50.5000000      -1.66562932E-05
   51.0000000       4.80759918E-05
   51.5000000       4.16789044E-05
   52.0000000      -2.35195948E-05
   52.5000000       6.78897413E-05
   53.0000000       1.95063531E-05
   53.5000000      -1.50506203E-05
   54.0000000       7.21056422E-05
   54.5000000       5.65353002E-06
   55.0000000      -2.44009789E-06
   55.5000000       6.16106918E-05
   56.0000000       8.10535585E-06
   56.5000000       4.20356992E-06
   57.0000000       4.14990318E-05
   57.5000000       2.62707363E-05
   58.0000000       4.47970706E-06
   58.5000000       1.40987777E-05
   59.0000000       5.32076228E-05
   59.5000000       8.33587546E-06
   60.0000000      -2.31200647E-05
   60.5000000       7.53494387E-05
   61.0000000       3.28879760E-05
   61.5000000      -6.50093352E-05
   62.0000000       6.68640714E-05
   62.5000000       8.52568191E-05
   63.0000000      -7.94190637E-05
   63.5000000       4.20685683E-06
   64.0000000       1.24639046E-04
   64.5000000      -1.48112049E-05
   65.0000000      -6.53668249E-05
   65.5000000       5.75333106E-05
   66.0000000       7.63785938E-05
   66.5000000       1.45819249E-05
   67.0000000      -4.87368088E-05
   67.5000000      -5.75382146E-05
   68.0000000       1.30534958E-04
   68.5000000       2.32513034E-04
   69.0000000      -4.87998113E-05
   69.5000000      -8.50160141E-05
   70.0000000       7.71349994E-04
   70.5000000       2.12951982E-03
   71.0000000       3.68708558E-03
   71.5000000       5.95907867E-03
   72.0000000       8.74923076E-03
   72.5000000       1.10250534E-02
   73.0000000       1.32298470E-02
   73.5000000       1.66168753E-02
   74.0000000       1.99986678E-02
   74.5000000       2.16999706E-02
   75.0000000       2.39830837E-02
   75.5000000       2.89972406E-02
   76.0000000       3.27295624E-02
   76.5000000       3.23352478E-02
   77.0000000       3.44521366E-02
   77.5000000       4.31171656E-02
   78.0000000       4.74980809E-02
   78.5000000       4.17222492E-02
   79.0000000       4.25110348E-02
   79.5000000       5.96158132E-02
   80.0000000       6.65087923E-02
   80.5000000       4.84824888E-02
   81.0000000       4.42380644E-02
   81.5000000       7.86928833E-02
   82.0000000       9.29569677E-02
   82.5000000       5.14612868E-02
   83.0000000       3.60085443E-02
   83.5000000       9.78575125E-02
   84.0000000      0.127856910    
   84.5000000       5.16714230E-02
   85.0000000       1.96759030E-02
   85.5000000      0.110095903    
   86.0000000      0.169063181    
   86.5000000       5.50814793E-02
   87.0000000       1.83033943E-03
   87.5000000      0.105753660    
   88.0000000      0.213872910    
   88.5000000       7.13785738E-02
   89.0000000      -1.13377143E-02
   89.5000000       7.82088786E-02
   90.0000000      0.253623247    
   90.5000000      0.111824870    
   91.0000000      -1.53835136E-02
   91.5000000       3.33348066E-02
   92.0000000      0.265496284    
   92.5000000      0.187189698    
   93.0000000      -8.85275379E-03
   93.5000000       5.34579903E-03
   94.0000000      0.256764293    
   94.5000000      0.252324045    
   95.0000000       8.70195031E-03
   95.5000000      0.134700060    
   96.0000000      0.309740454    
   96.5000000       7.54011944E-02
   97.0000000      -1.25888363E-02
   97.5000000       8.61847657E-05
   98.0000000       3.32985132E-04
   98.5000000      -6.00040730E-05
   99.0000000       1.26537998E-06
   99.5000000       1.41385499E-06
   100.000000       0.00000000    
