 -0.500000000      -9.77808450E-05
  0.500000000      -9.77808450E-05
   1.50000000      -8.39508721E-05
   2.50000000      -1.11729496E-04
   3.50000000      -6.77070639E-05
   4.50000000      -1.28251166E-04
   5.50000000      -4.70551313E-05
   6.50000000      -1.48417239E-04
   7.50000000      -2.19584781E-05
   8.50000000      -1.71041116E-04
   9.50000000       4.63054675E-06
   10.5000000      -1.91529427E-04
   11.5000000       2.59174722E-05
   12.5000000      -2.01357499E-04
   13.5000000       3.23142849E-05
   14.5000000      -1.90359759E-04
   15.5000000       1.38498572E-05
   16.5000000      -1.50948239E-04
   17.5000000      -3.31037481E-05
   18.5000000      -8.55532853E-05
   19.5000000      -9.88600514E-05
   20.5000000      -1.23237014E-05
   21.5000000      -1.57362520E-04
   22.5000000       3.72446957E-05
   23.5000000      -1.76202913E-04
   24.5000000       3.49309630E-05
   25.5000000      -1.38741787E-04
   26.5000000      -1.79027884E-05
   27.5000000      -6.77175776E-05
   28.5000000      -7.81689450E-05
   29.5000000      -2.01142775E-05
   30.5000000      -8.91116943E-05
   31.5000000      -3.48420872E-05
   32.5000000      -4.58357717E-05
   33.5000000      -7.42373886E-05
   34.5000000      -2.27027995E-05
   35.5000000      -5.06752986E-05
   36.5000000      -8.40622524E-05
   37.5000000       3.83529987E-05
   38.5000000      -1.48888881E-04
   39.5000000       4.28775493E-05
   40.5000000      -5.64002403E-05
   41.5000000      -1.21795478E-04
   42.5000000       1.24949467E-04
   43.5000000      -2.17796885E-04
   44.5000000       6.89263907E-05
   45.5000000       1.86742488E-06
   46.5000000      -2.13115505E-04
   47.5000000       1.95801520E-04
   48.5000000      -1.78681134E-04
   49.5000000      -6.68423672E-05
   50.5000000       1.64711251E-04
   51.5000000      -2.51593417E-04
   52.5000000       5.60505759E-05
   53.5000000       7.38099334E-05
   54.5000000      -2.13810272E-04
   55.5000000       7.03610058E-05
   56.5000000       2.62754293E-05
   57.5000000      -1.22538928E-04
   58.5000000      -2.12561263E-05
   59.5000000       2.73457499E-05
   60.5000000       3.29531831E-05
   61.5000000      -1.83413795E-04
   62.5000000      -5.51075318E-05
   63.5000000       3.35649849E-04
   64.5000000      -2.17233886E-04
   65.5000000      -5.19824214E-04
   66.5000000       5.66421018E-04
   67.5000000       6.24042412E-04
   68.5000000      -8.21416499E-04
   69.5000000      -9.70756373E-05
   70.5000000       3.74149904E-03
   71.5000000       7.19871372E-03
   72.5000000       9.74795409E-03
   73.5000000       1.62942745E-02
   74.5000000       2.66279019E-02
   75.5000000       3.05304080E-02
   76.5000000       2.78390981E-02
   77.5000000       3.74750309E-02
   78.5000000       6.11826666E-02
   79.5000000       6.06214702E-02
   80.5000000       3.64851989E-02
   81.5000000       5.10192811E-02
   82.5000000      0.112574205    
   83.5000000       9.76584703E-02
   84.5000000       2.78656445E-02
   85.5000000       4.71826978E-02
   86.5000000      0.176896200    
   87.5000000      0.142422602    
   88.5000000       1.38333701E-02
   89.5000000       2.48672701E-02
   90.5000000      0.225678846    
   91.5000000      0.212093830    
   92.5000000       1.24768922E-02
   93.5000000       2.07394902E-02
   94.5000000      0.270122141    
   95.5000000      0.242506102    
   96.5000000       1.30972099E-02
   97.5000000      -5.65119321E-03
   98.5000000       6.67621207E-04
   99.5000000       1.26271716E-05
   100.500000       1.26271725E-05
