   0.00000000       0.00000000    
   1.00000000       5.13387295E-06
   2.00000000      -6.08140181E-06
   3.00000000       1.31204706E-05
   4.00000000      -7.76588058E-06
   5.00000000       1.45656049E-05
   6.00000000      -6.73120667E-07
   7.00000000       5.32718695E-06
   8.00000000       1.86251636E-05
   9.00000000      -1.72042201E-05
   10.0000000       5.14226995E-05
   11.0000000      -5.21676557E-05
   12.0000000       9.41945691E-05
   13.0000000      -9.30839524E-05
   14.0000000       1.37273586E-04
   15.0000000      -1.26615574E-04
   16.0000000       1.63782533E-04
   17.0000000      -1.34468108E-04
   18.0000000       1.55937945E-04
   19.0000000      -1.01354621E-04
   20.0000000       1.04228020E-04
   21.0000000      -2.76298524E-05
   22.0000000       2.12507148E-05
   23.0000000       6.11436262E-05
   24.0000000      -5.54742655E-05
   25.0000000       1.19167511E-04
   26.0000000      -7.98943220E-05
   27.0000000       1.10537752E-04
   28.0000000      -3.66445383E-05
   29.0000000       4.84432312E-05
   30.0000000       3.00762149E-05
   31.0000000       7.06837454E-07
   32.0000000       4.59372823E-05
   33.0000000       2.40023328E-05
   34.0000000      -3.16067235E-06
   35.0000000       7.50046238E-05
   36.0000000      -2.17332399E-05
   37.0000000       3.68164765E-05
   38.0000000       7.61238334E-05
   39.0000000      -8.97034915E-05
   40.0000000       1.73176028E-04
   41.0000000      -9.35775533E-05
   42.0000000       4.92357794E-05
   43.0000000       1.30597095E-04
   44.0000000      -1.82522926E-04
   45.0000000       2.42342794E-04
   46.0000000      -8.61746375E-05
   47.0000000      -4.72267711E-05
   48.0000000       2.52346392E-04
   49.0000000      -2.31688595E-04
   50.0000000       1.43833735E-04
   51.0000000       1.19482705E-04
   52.0000000      -2.18125540E-04
   53.0000000       2.24674601E-04
   54.0000000       8.71767406E-06
   55.0000000      -1.35065740E-04
   56.0000000       1.79898328E-04
   57.0000000       4.46545164E-06
   58.0000000      -6.12822987E-05
   59.0000000       4.18967211E-05
   60.0000000       8.85559712E-05
   61.0000000       4.65021731E-05
   62.0000000      -1.95021246E-04
   63.0000000       1.20213197E-04
   64.0000000       3.70989757E-04
   65.0000000      -4.08446882E-04
   66.0000000      -3.24184599E-04
   67.0000000       8.89555551E-04
   68.0000000       3.53236392E-04
   69.0000000      -1.04881381E-03
   70.0000000       6.28337730E-04
   71.0000000       4.84906323E-03
   72.0000000       7.79000856E-03
   73.0000000       1.06229763E-02
   74.0000000       1.86366085E-02
   75.0000000       2.86772773E-02
   76.0000000       2.98647508E-02
   77.0000000       2.74833608E-02
   78.0000000       4.21188846E-02
   79.0000000       6.48059547E-02
   80.0000000       5.48484027E-02
   81.0000000       3.19104865E-02
   82.0000000       6.20854832E-02
   83.0000000      0.120145276    
   84.0000000       7.95585960E-02
   85.0000000       1.64263844E-02
   86.0000000       6.81094602E-02
   87.0000000      0.191972375    
   88.0000000      0.105767399    
   89.0000000      -3.86181427E-03
   90.0000000       4.87415716E-02
   91.0000000      0.257406890    
   92.0000000      0.156634152    
   93.0000000      -1.28064062E-02
   94.0000000       4.89225835E-02
   95.0000000      0.305821806    
   96.0000000      0.173180223    
   97.0000000      -8.69008061E-03
   98.0000000      -2.90313410E-03
   99.0000000       7.59534305E-04
   100.000000       0.00000000    
