 -0.250000000      -6.61171316E-06
  0.250000000      -6.61171316E-06
  0.750000000       6.66470351E-06
   1.25000000      -1.88737158E-05
   1.75000000       1.66324226E-05
   2.25000000      -2.55952582E-05
   2.75000000       1.94787226E-05
   3.25000000      -2.41735361E-05
   3.75000000       1.35079808E-05
   4.25000000      -1.47861019E-05
   4.75000000       1.32529772E-06
   5.25000000      -2.58123873E-06
   5.75000000      -8.69417090E-06
   6.25000000       2.12815894E-06
   6.75000000      -6.56692555E-06
   7.25000000      -8.58255316E-06
   7.75000000       1.04286255E-05
   8.25000000      -2.92703407E-05
   8.75000000       2.82929996E-05
   9.25000000      -3.90185123E-05
   9.75000000       2.37883760E-05
   10.2500000      -2.03895452E-05
   10.7500000      -6.27210238E-06
   11.2500000       1.01810456E-05
   11.7500000      -2.73483147E-05
   12.2500000       1.05161043E-05
   12.7500000      -7.81068502E-06
   13.2500000      -2.05575434E-05
   13.7500000       1.33018484E-05
   14.2500000      -1.58710391E-05
   14.7500000      -2.48201632E-05
   15.2500000       3.61934035E-05
   15.7500000      -6.05366804E-05
   16.2500000       2.32411476E-05
   16.7500000      -2.49021264E-06
   17.2500000      -4.51037777E-05
   17.7500000       1.84696128E-05
   18.2500000      -3.04753144E-06
   18.7500000      -4.54642723E-05
   19.2500000      -2.68910981E-06
   19.7500000       3.98678858E-05
   20.2500000      -9.27830042E-05
   20.7500000       8.29190867E-07
   21.2500000       6.64400795E-05
   21.7500000      -9.17119978E-05
   22.2500000      -5.83615656E-05
   22.7500000       7.64284196E-05
   23.2500000       1.20949917E-04
   23.7500000       2.77352483E-05
   24.2500000       4.47336701E-04
   24.7500000       2.04645889E-03
   25.2500000       4.62742895E-03
   25.7500000       8.08506459E-03
   26.2500000       1.21363364E-02
   26.7500000       1.64570697E-02
   27.2500000       2.12101080E-02
   27.7500000       2.61381846E-02
   28.2500000       3.11984587E-02
   28.7500000       3.65869366E-02
   29.2500000       4.19482775E-02
   29.7500000       4.74750362E-02
   30.2500000       5.32114357E-02
   30.7500000       5.88207878E-02
   31.2500000       6.46590590E-02
   31.7500000       7.05613345E-02
   32.2500000       7.63562545E-02
   32.7500000       8.22974965E-02
   33.2500000       8.83892775E-02
   33.7500000       9.42228809E-02
   34.2500000       9.99481454E-02
   34.7500000      0.106819309    
   35.2500000      0.111730121    
   35.7500000      0.117331401    
   36.2500000      0.126505047    
   36.7500000      0.127062768    
   37.2500000      0.135030553    
   37.7500000      0.148481026    
   38.2500000      0.136469215    
   38.7500000      0.155335516    
   39.2500000      0.173704535    
   39.7500000      0.134284556    
   40.2500000      0.181049839    
   40.7500000      0.203683734    
   41.2500000      0.115241081    
   41.7500000      0.207993314    
   42.2500000      0.243669480    
   42.7500000       8.21636766E-02
   43.2500000      0.209399864    
   43.7500000      0.301052243    
   44.2500000       5.45982309E-02
   44.7500000      -8.37177876E-03
   45.2500000      -7.87511017E-05
   45.7500000       1.92361127E-04
   46.2500000      -2.93786852E-05
   46.7500000       1.40304326E-06
   47.2500000       1.11200268E-06
   47.7500000      -2.01414778E-07
   48.2500000      -4.07954843E-08
   48.7500000       5.54345458E-09
   49.2500000       2.37465758E-09
   49.7500000       5.65061940E-13
   50.2500000      -1.51633969E-10
   50.7500000      -8.33388306E-12
   51.2500000       8.83926959E-12
   51.7500000       5.47975348E-13
   52.2500000      -4.81121436E-13
   52.7500000      -2.14563847E-14
   53.2500000       2.50144940E-14
   53.7500000       2.00713774E-16
   54.2500000      -1.22136942E-15
   54.7500000       5.43573402E-17
   55.2500000       5.33893172E-17
   55.7500000      -6.10683417E-18
   56.2500000      -1.91856106E-18
   56.7500000       4.24250467E-19
   57.2500000       4.47825761E-20
   57.7500000      -2.20984403E-20
   58.2500000       3.56342784E-22
   58.7500000       8.62252182E-22
   59.2500000      -1.09498034E-22
   59.7500000      -2.13963516E-23
   60.2500000       6.81801831E-24
   60.7500000      -2.68935009E-26
   61.2500000      -2.53996004E-25
   61.7500000       3.45760816E-26
   62.2500000       4.63565868E-27
   62.7500000      -1.90135662E-27
   63.2500000       1.05661271E-28
   63.7500000       5.18624165E-29
   64.2500000      -1.14420792E-29
   64.7500000      -5.05725882E-32
   65.2500000       3.99191017E-31
   65.7500000      -6.13553626E-32
   66.2500000      -3.50693458E-33
   66.7500000       2.60500477E-33
   67.2500000      -3.16445237E-34
   67.7500000      -3.14462159E-35
   68.2500000       1.55329927E-35
   68.7500000      -1.67628102E-36
   69.2500000      -1.97924305E-37
   69.7500000       8.74082338E-38
   70.2500000      -9.46338191E-39
   70.7500000      -9.81528299E-40
   71.2500000       4.67543233E-40
   71.7500000      -5.63237905E-41
   72.2500000      -3.57611368E-42
   72.7500000       2.34857623E-42
   73.2500000      -3.37712930E-43
   73.7500000      -4.20389539E-45
   74.2500000       9.80908925E-45
   74.7500000      -1.40129846E-45
   75.2500000       0.00000000    
   75.7500000       0.00000000    
   76.2500000       0.00000000    
   76.7500000       0.00000000    
   77.2500000       0.00000000    
   77.7500000       0.00000000    
   78.2500000       0.00000000    
   78.7500000       0.00000000    
   79.2500000       0.00000000    
   79.7500000       0.00000000    
   80.2500000       0.00000000    
   80.7500000       0.00000000    
   81.2500000       0.00000000    
   81.7500000       0.00000000    
   82.2500000       0.00000000    
   82.7500000       0.00000000    
   83.2500000       0.00000000    
   83.7500000       0.00000000    
   84.2500000       0.00000000    
   84.7500000       0.00000000    
   85.2500000       0.00000000    
   85.7500000       0.00000000    
   86.2500000       0.00000000    
   86.7500000       0.00000000    
   87.2500000       0.00000000    
   87.7500000       0.00000000    
   88.2500000       0.00000000    
   88.7500000       0.00000000    
   89.2500000       0.00000000    
   89.7500000       0.00000000    
   90.2500000       0.00000000    
   90.7500000       0.00000000    
   91.2500000       0.00000000    
   91.7500000       0.00000000    
   92.2500000       0.00000000    
   92.7500000       0.00000000    
   93.2500000       0.00000000    
   93.7500000       0.00000000    
   94.2500000       0.00000000    
   94.7500000       0.00000000    
   95.2500000       0.00000000    
   95.7500000       0.00000000    
   96.2500000       0.00000000    
   96.7500000       0.00000000    
   97.2500000       0.00000000    
   97.7500000       0.00000000    
   98.2500000       0.00000000    
   98.7500000       0.00000000    
   99.2500000       0.00000000    
   99.7500000       0.00000000    
   100.250000       0.00000000    
