   0.00000000       0.00000000    
  0.500000000      -7.73116608E-06
   1.00000000       1.58606344E-05
   1.50000000      -2.23196421E-05
   2.00000000       2.95879927E-05
   2.50000000      -3.35123041E-05
   3.00000000       3.83165752E-05
   3.50000000      -3.74645169E-05
   4.00000000       3.76388634E-05
   4.50000000      -3.04187888E-05
   5.00000000       2.54946226E-05
   5.50000000      -1.32550931E-05
   6.00000000       6.84134056E-06
   6.50000000       4.69183760E-06
   7.00000000      -4.89959484E-06
   7.50000000       7.98347537E-06
   8.00000000       3.93442133E-06
   8.50000000      -1.08695604E-05
   9.00000000       3.05350404E-05
   9.50000000      -3.63037543E-05
   10.0000000       4.80124363E-05
   10.5000000      -3.63808394E-05
   11.0000000       2.97854131E-05
   11.5000000      -2.79341475E-06
   12.0000000      -4.83049917E-06
   12.5000000       1.95378743E-05
   13.0000000      -6.61953891E-07
   13.5000000      -8.33252489E-06
   14.0000000       3.75198942E-05
   14.5000000      -2.78196567E-05
   15.0000000       1.97955560E-05
   15.5000000       3.05677640E-05
   16.0000000      -4.66704405E-05
   16.5000000       6.46017434E-05
   17.0000000      -1.59890405E-05
   17.5000000      -8.32976730E-06
   18.0000000       4.22565645E-05
   18.5000000       7.97842040E-06
   19.0000000      -3.01636919E-05
   19.5000000       5.20218418E-05
   20.0000000       4.00578829E-05
   20.5000000      -8.22785732E-05
   21.0000000       8.23416340E-05
   21.5000000       6.29897841E-05
   22.0000000      -8.19750639E-05
   22.5000000       8.36668187E-06
   23.0000000       1.42864941E-04
   23.5000000       1.42599078E-04
   24.0000000       5.79863699E-05
   24.5000000       7.39738403E-04
   25.0000000       2.62203207E-03
   25.5000000       5.41456603E-03
   26.0000000       9.06645134E-03
   26.5000000       1.31637976E-02
   27.0000000       1.75363179E-02
   27.5000000       2.23314557E-02
   28.0000000       2.71885730E-02
   28.5000000       3.22540365E-02
   29.0000000       3.75759564E-02
   29.5000000       4.28054780E-02
   30.0000000       4.82931361E-02
   30.5000000       5.38546890E-02
   31.0000000       5.93056157E-02
   31.5000000       6.50295690E-02
   32.0000000       7.06858188E-02
   32.5000000       7.62807652E-02
   33.0000000       8.20208862E-02
   33.5000000       8.78855065E-02
   34.0000000       9.32966545E-02
   34.5000000       9.89602432E-02
   35.0000000      0.105581269    
   35.5000000      0.109431356    
   36.0000000      0.116060197    
   36.5000000      0.124053836    
   37.0000000      0.122675642    
   37.5000000      0.134949282    
   38.0000000      0.143091023    
   38.5000000      0.129564092    
   39.0000000      0.159369513    
   39.5000000      0.161428884    
   40.0000000      0.125256732    
   40.5000000      0.193493560    
   41.0000000      0.178680629    
   41.5000000      0.104067743    
   42.0000000      0.234201223    
   42.5000000      0.201802537    
   43.0000000       6.40422031E-02
   43.5000000      0.254239559    
   44.0000000      0.248699248    
   44.5000000       1.48835741E-02
   45.0000000      -7.35054072E-03
   45.5000000       6.77004806E-04
   46.0000000       6.27429617E-05
   46.5000000      -2.57767824E-05
   47.0000000       3.93660230E-06
   47.5000000       3.82155747E-07
   48.0000000      -2.04954191E-07
   48.5000000      -1.15084386E-08
   49.0000000       6.39417053E-09
   49.5000000       1.33762879E-09
   50.0000000      -1.94819716E-10
   50.5000000      -1.06955528E-10
   51.0000000       7.59753198E-12
   51.5000000       6.54634333E-12
   52.0000000      -4.08678923E-13
   52.5000000      -3.50754636E-13
   53.0000000       2.79347163E-14
   53.5000000       1.70757116E-14
   54.0000000      -2.03038837E-15
   54.5000000      -7.35219569E-16
   55.0000000       1.36967848E-16
   55.5000000       2.55757562E-17
   56.0000000      -8.04783622E-18
   56.5000000      -5.18043986E-19
   57.0000000       3.96377453E-19
   57.5000000      -1.35788548E-20
   58.0000000      -1.54433296E-20
   58.5000000       2.13805489E-21
   59.0000000       4.01812701E-22
   59.5000000      -1.31026086E-22
   60.0000000      -5.92895235E-25
   60.5000000       5.18167151E-24
   61.0000000      -6.28193999E-25
   61.5000000      -1.14903569E-25
   62.0000000       3.88329908E-26
   62.5000000      -1.09126811E-27
   63.0000000      -1.26077422E-27
   63.5000000       2.21024367E-28
   64.0000000       1.22266068E-29
   64.5000000      -9.60283867E-30
   65.0000000       1.04907078E-30
   65.5000000       1.65761654E-31
   66.0000000      -6.19912933E-32
   66.5000000       4.44928726E-33
   67.0000000       1.33161479E-33
   67.5000000      -3.68318357E-34
   68.0000000       1.87868678E-35
   68.5000000       8.68030258E-36
   69.0000000      -2.10532355E-36
   69.5000000       9.40040280E-38
   70.0000000       4.94814743E-38
   70.5000000      -1.18005684E-38
   71.0000000       6.09693751E-40
   71.5000000       2.49872536E-40
   72.0000000      -6.46769306E-41
   72.5000000       4.52339144E-42
   73.0000000       1.08740761E-42
   73.5000000      -3.39114228E-43
   74.0000000       3.50324616E-44
   74.5000000       2.80259693E-45
   75.0000000      -1.40129846E-45
   75.5000000       0.00000000    
   76.0000000       0.00000000    
   76.5000000       0.00000000    
   77.0000000       0.00000000    
   77.5000000       0.00000000    
   78.0000000       0.00000000    
   78.5000000       0.00000000    
   79.0000000       0.00000000    
   79.5000000       0.00000000    
   80.0000000       0.00000000    
   80.5000000       0.00000000    
   81.0000000       0.00000000    
   81.5000000       0.00000000    
   82.0000000       0.00000000    
   82.5000000       0.00000000    
   83.0000000       0.00000000    
   83.5000000       0.00000000    
   84.0000000       0.00000000    
   84.5000000       0.00000000    
   85.0000000       0.00000000    
   85.5000000       0.00000000    
   86.0000000       0.00000000    
   86.5000000       0.00000000    
   87.0000000       0.00000000    
   87.5000000       0.00000000    
   88.0000000       0.00000000    
   88.5000000       0.00000000    
   89.0000000       0.00000000    
   89.5000000       0.00000000    
   90.0000000       0.00000000    
   90.5000000       0.00000000    
   91.0000000       0.00000000    
   91.5000000       0.00000000    
   92.0000000       0.00000000    
   92.5000000       0.00000000    
   93.0000000       0.00000000    
   93.5000000       0.00000000    
   94.0000000       0.00000000    
   94.5000000       0.00000000    
   95.0000000       0.00000000    
   95.5000000       0.00000000    
   96.0000000       0.00000000    
   96.5000000       0.00000000    
   97.0000000       0.00000000    
   97.5000000       0.00000000    
   98.0000000       0.00000000    
   98.5000000       0.00000000    
   99.0000000       0.00000000    
   99.5000000       0.00000000    
   100.000000       0.00000000    
