 -0.250000000      -1.59417996E-05
  0.250000000      -1.59417996E-05
  0.750000000       3.94622730E-05
   1.25000000      -5.33756538E-05
   1.75000000       4.51773667E-05
   2.25000000      -2.35156167E-05
   2.75000000      -8.64520189E-06
   3.25000000       2.51213605E-05
   3.75000000      -1.56259321E-05
   4.25000000      -2.82967576E-05
   4.75000000       6.88479340E-05
   5.25000000      -5.91494609E-05
   5.75000000      -1.37605175E-05
   6.25000000       1.51130385E-04
   6.75000000       1.38955642E-04
   7.25000000       5.25189855E-04
   7.75000000       2.25594034E-03
   8.25000000       5.56193804E-03
   8.75000000       1.01366639E-02
   9.25000000       1.55739505E-02
   9.75000000       2.17206012E-02
   10.2500000       2.83451173E-02
   10.7500000       3.54796350E-02
   11.2500000       4.28762697E-02
   11.7500000       5.06619811E-02
   12.2500000       5.85625283E-02
   12.7500000       6.67526945E-02
   13.2500000       7.49736056E-02
   13.7500000       8.33668634E-02
   14.2500000       9.17663276E-02
   14.7500000      0.100185938    
   15.2500000      0.108628593    
   15.7500000      0.116919324    
   16.2500000      0.125244290    
   16.7500000      0.133267745    
   17.2500000      0.141268596    
   17.7500000      0.148883328    
   18.2500000      0.156299323    
   18.7500000      0.163312867    
   19.2500000      0.169831976    
   19.7500000      0.175924212    
   20.2500000      0.181158960    
   20.7500000      0.185781509    
   21.2500000      0.189155862    
   21.7500000      0.191398084    
   22.2500000      0.191753209    
   22.7500000      0.190074310    
   23.2500000      0.184559569    
   23.7500000      0.174916893    
   24.2500000      0.156453744    
   24.7500000      0.115269944    
   25.2500000       6.51297420E-02
   25.7500000       3.00791673E-02
   26.2500000       1.17519572E-02
   26.7500000       3.48693854E-03
   27.2500000       5.65459020E-04
   27.7500000      -5.54341641E-05
   28.2500000      -5.13811101E-05
   28.7500000      -6.65972539E-06
   29.2500000       2.10135636E-06
   29.7500000       6.03630440E-07
   30.2500000      -7.09244716E-08
   30.7500000      -3.38584627E-08
   31.2500000       3.00281333E-09
   31.7500000       1.56070634E-09
   32.2500000      -1.79180393E-10
   32.7500000      -5.93640484E-11
   33.2500000       1.10840261E-11
   33.7500000       1.57280916E-12
   34.2500000      -5.69302309E-13
   34.7500000      -4.39091715E-15
   35.2500000       2.14982078E-14
   35.7500000      -2.33354739E-15
   36.2500000      -4.65451487E-16
   36.7500000       1.41195760E-16
   37.2500000      -3.89194227E-18
   37.7500000      -4.07700946E-18
   38.2500000       7.37496036E-19
   38.7500000       1.41866645E-20
   39.2500000      -2.51627955E-20
   39.7500000       3.71800802E-21
   40.2500000       1.25809531E-22
   40.7500000      -1.31583034E-22
   41.2500000       1.96154871E-23
   41.7500000       2.34250076E-25
   42.2500000      -5.97488279E-25
   42.7500000       1.04988241E-25
   43.2500000      -3.44763493E-27
   43.7500000      -2.19191782E-27
   44.2500000       5.19515606E-28
   44.7500000      -4.42210608E-29
   45.2500000      -4.82306122E-30
   45.7500000       2.12085813E-30
   46.2500000      -3.07824590E-31
   46.7500000       9.29743812E-33
   47.2500000       5.82850360E-33
   47.7500000      -1.45064608E-33
   48.2500000       1.61547477E-34
   48.7500000       1.25919954E-36
   49.2500000      -4.19421069E-36
   49.7500000       8.72221526E-37
   50.2500000      -8.86518582E-38
   50.7500000      -1.36503847E-39
   51.2500000       2.38429532E-39
   51.7500000      -4.93241645E-40
   52.2500000       5.39303727E-41
   52.7500000      -6.47399891E-43
   53.2500000      -1.08880891E-42
   53.7500000       2.60641514E-43
   54.2500000      -3.50324616E-44
   54.7500000       2.80259693E-45
   55.2500000       1.40129846E-45
   55.7500000       0.00000000    
   56.2500000       0.00000000    
   56.7500000       0.00000000    
   57.2500000       0.00000000    
   57.7500000       0.00000000    
   58.2500000       0.00000000    
   58.7500000       0.00000000    
   59.2500000       0.00000000    
   59.7500000       0.00000000    
   60.2500000       0.00000000    
   60.7500000       0.00000000    
   61.2500000       0.00000000    
   61.7500000       0.00000000    
   62.2500000       0.00000000    
   62.7500000       0.00000000    
   63.2500000       0.00000000    
   63.7500000       0.00000000    
   64.2500000       0.00000000    
   64.7500000       0.00000000    
   65.2500000       0.00000000    
   65.7500000       0.00000000    
   66.2500000       0.00000000    
   66.7500000       0.00000000    
   67.2500000       0.00000000    
   67.7500000       0.00000000    
   68.2500000       0.00000000    
   68.7500000       0.00000000    
   69.2500000       0.00000000    
   69.7500000       0.00000000    
   70.2500000       0.00000000    
   70.7500000       0.00000000    
   71.2500000       0.00000000    
   71.7500000       0.00000000    
   72.2500000       0.00000000    
   72.7500000       0.00000000    
   73.2500000       0.00000000    
   73.7500000       0.00000000    
   74.2500000       0.00000000    
   74.7500000       0.00000000    
   75.2500000       0.00000000    
   75.7500000       0.00000000    
   76.2500000       0.00000000    
   76.7500000       0.00000000    
   77.2500000       0.00000000    
   77.7500000       0.00000000    
   78.2500000       0.00000000    
   78.7500000       0.00000000    
   79.2500000       0.00000000    
   79.7500000       0.00000000    
   80.2500000       0.00000000    
   80.7500000       0.00000000    
   81.2500000       0.00000000    
   81.7500000       0.00000000    
   82.2500000       0.00000000    
   82.7500000       0.00000000    
   83.2500000       0.00000000    
   83.7500000       0.00000000    
   84.2500000       0.00000000    
   84.7500000       0.00000000    
   85.2500000       0.00000000    
   85.7500000       0.00000000    
   86.2500000       0.00000000    
   86.7500000       0.00000000    
   87.2500000       0.00000000    
   87.7500000       0.00000000    
   88.2500000       0.00000000    
   88.7500000       0.00000000    
   89.2500000       0.00000000    
   89.7500000       0.00000000    
   90.2500000       0.00000000    
   90.7500000       0.00000000    
   91.2500000       0.00000000    
   91.7500000       0.00000000    
   92.2500000       0.00000000    
   92.7500000       0.00000000    
   93.2500000       0.00000000    
   93.7500000       0.00000000    
   94.2500000       0.00000000    
   94.7500000       0.00000000    
   95.2500000       0.00000000    
   95.7500000       0.00000000    
   96.2500000       0.00000000    
   96.7500000       0.00000000    
   97.2500000       0.00000000    
   97.7500000       0.00000000    
   98.2500000       0.00000000    
   98.7500000       0.00000000    
   99.2500000       0.00000000    
   99.7500000       0.00000000    
   100.250000       0.00000000    
