   0.00000000       0.00000000    
  0.500000000      -2.80887270E-05
   1.00000000       5.20500871E-05
   1.50000000      -6.58929494E-05
   2.00000000       6.30438153E-05
   2.50000000      -3.75295713E-05
   3.00000000      -5.12168663E-06
   3.50000000       4.92631079E-05
   4.00000000      -6.42818122E-05
   4.50000000       3.26067384E-05
   5.00000000       3.29079812E-05
   5.50000000      -6.17799669E-05
   6.00000000       1.41226919E-05
   6.50000000       1.90176594E-04
   7.00000000       1.14078139E-04
   7.50000000       7.82423769E-04
   8.00000000       2.86919996E-03
   8.50000000       6.56833220E-03
   9.00000000       1.13256425E-02
   9.50000000       1.69417728E-02
   10.0000000       2.31115185E-02
   10.5000000       2.97882091E-02
   11.0000000       3.68426517E-02
   11.5000000       4.41735871E-02
   12.0000000       5.17951474E-02
   12.5000000       5.95094264E-02
   13.0000000       6.74675480E-02
   13.5000000       7.53812864E-02
   14.0000000       8.34832042E-02
   14.5000000       9.14656669E-02
   15.0000000       9.95313227E-02
   15.5000000      0.107474394    
   16.0000000      0.115334116    
   16.5000000      0.123116724    
   17.0000000      0.130617410    
   17.5000000      0.138072610    
   18.0000000      0.145075873    
   18.5000000      0.151963934    
   19.0000000      0.158314824    
   19.5000000      0.164321363    
   20.0000000      0.169770449    
   20.5000000      0.174497709    
   21.0000000      0.178575218    
   21.5000000      0.181470364    
   22.0000000      0.183309957    
   22.5000000      0.183284342    
   23.0000000      0.181411877    
   23.5000000      0.175419137    
   24.0000000      0.166249797    
   24.5000000      0.145831943    
   25.0000000      0.101608127    
   25.5000000       5.39821610E-02
   26.0000000       2.37561986E-02
   26.5000000       8.70460086E-03
   27.0000000       2.26201722E-03
   27.5000000       2.30276157E-04
   28.0000000      -8.72456731E-05
   28.5000000      -3.62573301E-05
   29.0000000      -1.07676647E-06
   29.5000000       2.05245897E-06
   30.0000000       2.57725389E-07
   30.5000000      -9.59126112E-08
   31.0000000      -1.63660907E-08
   31.5000000       4.62155381E-09
   32.0000000       7.02228276E-10
   32.5000000      -2.33158992E-10
   33.0000000      -1.87906878E-11
   33.5000000       1.10320459E-11
   34.0000000      -1.00963671E-13
   34.5000000      -4.25764973E-13
   35.0000000       4.67216733E-14
   35.5000000       1.07067421E-14
   36.0000000      -2.96730909E-15
   36.5000000      -3.09186878E-18
   37.0000000       1.03047051E-16
   37.5000000      -1.43738265E-17
   38.0000000      -1.30731222E-18
   38.5000000       6.65823835E-19
   39.0000000      -6.31252609E-20
   39.5000000      -1.06003535E-20
   40.0000000       3.70851362E-21
   40.5000000      -3.12785798E-22
   41.0000000      -5.57955449E-23
   41.5000000       1.91251406E-23
   42.0000000      -1.86288280E-24
   42.5000000      -2.00662943E-25
   43.0000000       9.00968825E-26
   43.5000000      -1.16135132E-26
   44.0000000      -2.24225431E-28
   44.5000000       3.58482778E-28
   45.0000000      -6.50582686E-29
   45.5000000       3.55120718E-30
   46.0000000       9.84298690E-31
   46.5000000      -2.93362107E-31
   47.0000000       3.53164112E-32
   47.5000000       9.64373729E-35
   48.0000000      -9.08653001E-34
   48.5000000       1.89830181E-34
   49.0000000      -1.80088934E-35
   49.5000000      -7.83904567E-37
   50.0000000       6.06504710E-37
   50.5000000      -1.12912112E-37
   51.0000000       1.01912864E-38
   51.5000000       4.36222811E-40
   52.0000000      -3.36069207E-40
   52.5000000       6.44359073E-41
   53.0000000      -6.58330019E-42
   53.5000000      -7.00649232E-45
   54.0000000       1.52741533E-43
   54.5000000      -3.50324616E-44
   55.0000000       5.60519386E-45
   55.5000000       0.00000000    
   56.0000000       0.00000000    
   56.5000000       0.00000000    
   57.0000000       0.00000000    
   57.5000000       0.00000000    
   58.0000000       0.00000000    
   58.5000000       0.00000000    
   59.0000000       0.00000000    
   59.5000000       0.00000000    
   60.0000000       0.00000000    
   60.5000000       0.00000000    
   61.0000000       0.00000000    
   61.5000000       0.00000000    
   62.0000000       0.00000000    
   62.5000000       0.00000000    
   63.0000000       0.00000000    
   63.5000000       0.00000000    
   64.0000000       0.00000000    
   64.5000000       0.00000000    
   65.0000000       0.00000000    
   65.5000000       0.00000000    
   66.0000000       0.00000000    
   66.5000000       0.00000000    
   67.0000000       0.00000000    
   67.5000000       0.00000000    
   68.0000000       0.00000000    
   68.5000000       0.00000000    
   69.0000000       0.00000000    
   69.5000000       0.00000000    
   70.0000000       0.00000000    
   70.5000000       0.00000000    
   71.0000000       0.00000000    
   71.5000000       0.00000000    
   72.0000000       0.00000000    
   72.5000000       0.00000000    
   73.0000000       0.00000000    
   73.5000000       0.00000000    
   74.0000000       0.00000000    
   74.5000000       0.00000000    
   75.0000000       0.00000000    
   75.5000000       0.00000000    
   76.0000000       0.00000000    
   76.5000000       0.00000000    
   77.0000000       0.00000000    
   77.5000000       0.00000000    
   78.0000000       0.00000000    
   78.5000000       0.00000000    
   79.0000000       0.00000000    
   79.5000000       0.00000000    
   80.0000000       0.00000000    
   80.5000000       0.00000000    
   81.0000000       0.00000000    
   81.5000000       0.00000000    
   82.0000000       0.00000000    
   82.5000000       0.00000000    
   83.0000000       0.00000000    
   83.5000000       0.00000000    
   84.0000000       0.00000000    
   84.5000000       0.00000000    
   85.0000000       0.00000000    
   85.5000000       0.00000000    
   86.0000000       0.00000000    
   86.5000000       0.00000000    
   87.0000000       0.00000000    
   87.5000000       0.00000000    
   88.0000000       0.00000000    
   88.5000000       0.00000000    
   89.0000000       0.00000000    
   89.5000000       0.00000000    
   90.0000000       0.00000000    
   90.5000000       0.00000000    
   91.0000000       0.00000000    
   91.5000000       0.00000000    
   92.0000000       0.00000000    
   92.5000000       0.00000000    
   93.0000000       0.00000000    
   93.5000000       0.00000000    
   94.0000000       0.00000000    
   94.5000000       0.00000000    
   95.0000000       0.00000000    
   95.5000000       0.00000000    
   96.0000000       0.00000000    
   96.5000000       0.00000000    
   97.0000000       0.00000000    
   97.5000000       0.00000000    
   98.0000000       0.00000000    
   98.5000000       0.00000000    
   99.0000000       0.00000000    
   99.5000000       0.00000000    
   100.000000       0.00000000    
