 -0.250000000      -5.58253578E-06
  0.250000000      -5.58253578E-06
  0.750000000       1.15563671E-05
   1.25000000      -2.32184157E-05
   1.75000000       2.88123756E-05
   2.25000000      -3.73176881E-05
   2.75000000       3.50766204E-05
   3.25000000      -3.03590496E-05
   3.75000000       1.15700077E-05
   4.25000000       7.75716762E-06
   4.75000000      -3.16690239E-05
   5.25000000       3.96641844E-05
   5.75000000      -3.54360200E-05
   6.25000000       7.76210163E-06
   6.75000000       1.93869728E-05
   7.25000000      -3.63723739E-05
   7.75000000       1.44416927E-05
   8.25000000       2.77279669E-05
   8.75000000      -6.48549321E-05
   9.25000000       4.02973019E-05
   9.75000000       3.32796517E-05
   10.2500000      -8.81532396E-05
   10.7500000       3.93218434E-05
   11.2500000       1.43084442E-04
   11.7500000       1.17059513E-04
   12.2500000       4.88876423E-04
   12.7500000       2.20826222E-03
   13.2500000       5.23488084E-03
   13.7500000       9.44211427E-03
   14.2500000       1.43393120E-02
   14.7500000       1.98295806E-02
   15.2500000       2.57657804E-02
   15.7500000       3.20010222E-02
   16.2500000       3.86260524E-02
   16.7500000       4.53672819E-02
   17.2500000       5.24211489E-02
   17.7500000       5.95496744E-02
   18.2500000       6.68250322E-02
   18.7500000       7.42510408E-02
   19.2500000       8.16254392E-02
   19.7500000       8.92103463E-02
   20.2500000       9.66536999E-02
   20.7500000      0.104211539    
   21.2500000      0.111716226    
   21.7500000      0.119092472    
   22.2500000      0.126568705    
   22.7500000      0.133701444    
   23.2500000      0.140947893    
   23.7500000      0.147823349    
   24.2500000      0.154569313    
   24.7500000      0.161168709    
   25.2500000      0.167043269    
   25.7500000      0.173310369    
   26.2500000      0.178034678    
   26.7500000      0.182990626    
   27.2500000      0.187867284    
   27.7500000      0.187993795    
   28.2500000      0.194184959    
   28.7500000      0.192012757    
   29.2500000      0.181660965    
   29.7500000      0.198334247    
   30.2500000      0.158775181    
   30.7500000       6.41565546E-02
   31.2500000       1.57660674E-02
   31.7500000       3.57739883E-03
   32.2500000       5.68649790E-04
   32.7500000      -6.86892818E-05
   33.2500000      -6.36281402E-05
   33.7500000      -1.05782910E-05
   34.2500000       2.25919734E-06
   34.7500000       1.04121477E-06
   35.2500000      -1.61959122E-08
   35.7500000      -6.29863663E-08
   36.2500000      -2.83771806E-09
   36.7500000       3.30175265E-09
   37.2500000       1.94602071E-10
   37.7500000      -1.65456704E-10
   38.2500000      -5.90688436E-12
   38.7500000       7.89914748E-12
   39.2500000      -1.21772167E-13
   39.7500000      -3.37415724E-13
   40.2500000       2.95075582E-14
   40.7500000       1.15107339E-14
   41.2500000      -2.23923049E-15
   41.7500000      -2.28870658E-16
   42.2500000       1.10590024E-16
   42.7500000      -4.09056695E-18
   43.2500000      -3.57140772E-18
   43.7500000       6.03090664E-19
   44.2500000       4.59240142E-20
   44.7500000      -2.73167221E-20
   45.2500000       2.35890484E-21
   45.7500000       5.66588831E-22
   46.2500000      -1.64501139E-22
   46.7500000       7.40640599E-24
   47.2500000       4.07719643E-24
   47.7500000      -9.04927785E-25
   48.2500000       2.51446609E-26
   48.7500000       2.34922254E-26
   49.2500000      -4.86116004E-27
   49.7500000       1.58849149E-28
   50.2500000       1.15211188E-28
   50.7500000      -2.57122993E-29
   51.2500000       1.43515372E-30
   51.7500000       4.65834070E-31
   52.2500000      -1.29138093E-31
   52.7500000       1.17787208E-32
   53.2500000       1.29147744E-33
   53.7500000      -5.76841618E-34
   54.2500000       7.91877050E-35
   54.7500000      -2.92698380E-37
   55.2500000      -2.05547104E-36
   55.7500000       4.25715370E-37
   56.2500000      -3.32935231E-38
   56.7500000      -4.20751355E-39
   57.2500000       1.73431564E-39
   57.7500000      -2.55193266E-40
   58.2500000       9.66475551E-42
   58.7500000       4.39026809E-42
   59.2500000      -1.17849201E-42
   59.7500000       1.44333742E-43
   60.2500000      -4.20389539E-45
   60.7500000      -4.20389539E-45
   61.2500000       0.00000000    
   61.7500000       0.00000000    
   62.2500000       0.00000000    
   62.7500000       0.00000000    
   63.2500000       0.00000000    
   63.7500000       0.00000000    
   64.2500000       0.00000000    
   64.7500000       0.00000000    
   65.2500000       0.00000000    
   65.7500000       0.00000000    
   66.2500000       0.00000000    
   66.7500000       0.00000000    
   67.2500000       0.00000000    
   67.7500000       0.00000000    
   68.2500000       0.00000000    
   68.7500000       0.00000000    
   69.2500000       0.00000000    
   69.7500000       0.00000000    
   70.2500000       0.00000000    
   70.7500000       0.00000000    
   71.2500000       0.00000000    
   71.7500000       0.00000000    
   72.2500000       0.00000000    
   72.7500000       0.00000000    
   73.2500000       0.00000000    
   73.7500000       0.00000000    
   74.2500000       0.00000000    
   74.7500000       0.00000000    
   75.2500000       0.00000000    
   75.7500000       0.00000000    
   76.2500000       0.00000000    
   76.7500000       0.00000000    
   77.2500000       0.00000000    
   77.7500000       0.00000000    
   78.2500000       0.00000000    
   78.7500000       0.00000000    
   79.2500000       0.00000000    
   79.7500000       0.00000000    
   80.2500000       0.00000000    
   80.7500000       0.00000000    
   81.2500000       0.00000000    
   81.7500000       0.00000000    
   82.2500000       0.00000000    
   82.7500000       0.00000000    
   83.2500000       0.00000000    
   83.7500000       0.00000000    
   84.2500000       0.00000000    
   84.7500000       0.00000000    
   85.2500000       0.00000000    
   85.7500000       0.00000000    
   86.2500000       0.00000000    
   86.7500000       0.00000000    
   87.2500000       0.00000000    
   87.7500000       0.00000000    
   88.2500000       0.00000000    
   88.7500000       0.00000000    
   89.2500000       0.00000000    
   89.7500000       0.00000000    
   90.2500000       0.00000000    
   90.7500000       0.00000000    
   91.2500000       0.00000000    
   91.7500000       0.00000000    
   92.2500000       0.00000000    
   92.7500000       0.00000000    
   93.2500000       0.00000000    
   93.7500000       0.00000000    
   94.2500000       0.00000000    
   94.7500000       0.00000000    
   95.2500000       0.00000000    
   95.7500000       0.00000000    
   96.2500000       0.00000000    
   96.7500000       0.00000000    
   97.2500000       0.00000000    
   97.7500000       0.00000000    
   98.2500000       0.00000000    
   98.7500000       0.00000000    
   99.2500000       0.00000000    
   99.7500000       0.00000000    
   100.250000       0.00000000    
