   0.00000000       0.00000000    
  0.500000000       8.69965152E-06
   1.00000000      -1.41667915E-05
   1.50000000       1.48871550E-05
   2.00000000      -9.52471237E-06
   2.50000000       2.62116373E-07
   3.00000000       1.03185375E-05
   3.50000000      -1.52091134E-05
   4.00000000       1.15246348E-05
   4.50000000       5.92727883E-06
   5.00000000      -3.01576401E-05
   5.50000000       5.51836711E-05
   6.00000000      -6.32345545E-05
   6.50000000       4.91296014E-05
   7.00000000      -1.17204218E-05
   7.50000000      -2.18037021E-05
   8.00000000       2.73248188E-05
   8.50000000       1.57255527E-05
   9.00000000      -7.30544125E-05
   9.50000000       8.96021593E-05
   10.0000000      -1.80022980E-05
   10.5000000      -7.08785883E-05
   11.0000000       7.71782070E-05
   11.5000000       1.59087052E-04
   12.0000000       1.02916936E-04
   12.5000000       7.40999181E-04
   13.0000000       2.80597666E-03
   13.5000000       6.13844302E-03
   14.0000000       1.05587235E-02
   14.5000000       1.55395810E-02
   15.0000000       2.11268459E-02
   15.5000000       2.70289779E-02
   16.0000000       3.32707018E-02
   16.5000000       3.97998691E-02
   17.0000000       4.64316681E-02
   17.5000000       5.33602312E-02
   18.0000000       6.02607392E-02
   18.5000000       6.73717633E-02
   19.0000000       7.44924098E-02
   19.5000000       8.16148594E-02
   20.0000000       8.88767168E-02
   20.5000000       9.59424227E-02
   21.0000000      0.103180923    
   21.5000000      0.110206589    
   22.0000000      0.117223144    
   22.5000000      0.124198206    
   23.0000000      0.130864605    
   23.5000000      0.137660369    
   24.0000000      0.143935889    
   24.5000000      0.150301412    
   25.0000000      0.156220138    
   25.5000000      0.161687419    
   26.0000000      0.167462975    
   26.5000000      0.171350345    
   27.0000000      0.176527649    
   27.5000000      0.180053577    
   28.0000000      0.180008695    
   28.5000000      0.187567234    
   29.0000000      0.180463254    
   29.5000000      0.175082728    
   30.0000000      0.193247512    
   30.5000000      0.135243028    
   31.0000000       4.53496501E-02
   31.5000000       1.00419233E-02
   32.0000000       2.23351037E-03
   32.5000000       2.31490238E-04
   33.0000000      -1.02724443E-04
   33.5000000      -4.64711811E-05
   34.0000000      -3.29288446E-06
   34.5000000       2.57948477E-06
   35.0000000       5.89131730E-07
   35.5000000      -9.62888080E-08
   36.0000000      -4.25183799E-08
   36.5000000       3.24759730E-09
   37.0000000       2.39820563E-09
   37.5000000      -1.49051632E-10
   38.0000000      -1.18622681E-10
   38.5000000       1.02568197E-11
   39.0000000       5.12572710E-12
   39.5000000      -7.36273781E-13
   40.0000000      -1.77143009E-13
   40.5000000       4.47960726E-14
   41.0000000       3.53287066E-15
   41.5000000      -2.14663348E-15
   42.0000000       8.04531944E-17
   42.5000000       7.40482224E-17
   43.0000000      -1.17128146E-17
   43.5000000      -1.29220594E-18
   44.0000000       5.92486622E-19
   44.5000000      -3.41838527E-20
   45.0000000      -1.59012419E-20
   45.5000000       3.48781755E-21
   46.0000000       1.33972311E-23
   46.5000000      -1.17974578E-22
   47.0000000       1.82645533E-23
   47.5000000       8.37280399E-25
   48.0000000      -7.19314928E-25
   48.5000000       9.56157226E-26
   49.0000000       5.73415982E-27
   49.5000000      -3.92568232E-27
   50.0000000       5.28218450E-28
   50.5000000       2.11191068E-29
   51.0000000      -1.94305598E-29
   51.5000000       3.00761702E-30
   52.0000000      -8.55428398E-33
   52.5000000      -8.40039825E-32
   53.0000000       1.64672329E-32
   53.5000000      -8.70924683E-34
   54.0000000      -2.83215619E-34
   54.5000000       8.01948534E-35
   55.0000000      -8.42380317E-36
   55.5000000      -4.48979257E-37
   56.0000000       3.16005584E-37
   56.5000000      -5.31398722E-38
   57.0000000       2.73360960E-39
   57.5000000       8.10142490E-40
   58.0000000      -2.40570716E-40
   58.5000000       3.01139040E-41
   59.0000000      -2.97075274E-43
   59.5000000      -6.96445337E-43
   60.0000000       1.59748025E-43
   60.5000000      -1.96181785E-44
   61.0000000      -1.40129846E-45
   61.5000000       0.00000000    
   62.0000000       0.00000000    
   62.5000000       0.00000000    
   63.0000000       0.00000000    
   63.5000000       0.00000000    
   64.0000000       0.00000000    
   64.5000000       0.00000000    
   65.0000000       0.00000000    
   65.5000000       0.00000000    
   66.0000000       0.00000000    
   66.5000000       0.00000000    
   67.0000000       0.00000000    
   67.5000000       0.00000000    
   68.0000000       0.00000000    
   68.5000000       0.00000000    
   69.0000000       0.00000000    
   69.5000000       0.00000000    
   70.0000000       0.00000000    
   70.5000000       0.00000000    
   71.0000000       0.00000000    
   71.5000000       0.00000000    
   72.0000000       0.00000000    
   72.5000000       0.00000000    
   73.0000000       0.00000000    
   73.5000000       0.00000000    
   74.0000000       0.00000000    
   74.5000000       0.00000000    
   75.0000000       0.00000000    
   75.5000000       0.00000000    
   76.0000000       0.00000000    
   76.5000000       0.00000000    
   77.0000000       0.00000000    
   77.5000000       0.00000000    
   78.0000000       0.00000000    
   78.5000000       0.00000000    
   79.0000000       0.00000000    
   79.5000000       0.00000000    
   80.0000000       0.00000000    
   80.5000000       0.00000000    
   81.0000000       0.00000000    
   81.5000000       0.00000000    
   82.0000000       0.00000000    
   82.5000000       0.00000000    
   83.0000000       0.00000000    
   83.5000000       0.00000000    
   84.0000000       0.00000000    
   84.5000000       0.00000000    
   85.0000000       0.00000000    
   85.5000000       0.00000000    
   86.0000000       0.00000000    
   86.5000000       0.00000000    
   87.0000000       0.00000000    
   87.5000000       0.00000000    
   88.0000000       0.00000000    
   88.5000000       0.00000000    
   89.0000000       0.00000000    
   89.5000000       0.00000000    
   90.0000000       0.00000000    
   90.5000000       0.00000000    
   91.0000000       0.00000000    
   91.5000000       0.00000000    
   92.0000000       0.00000000    
   92.5000000       0.00000000    
   93.0000000       0.00000000    
   93.5000000       0.00000000    
   94.0000000       0.00000000    
   94.5000000       0.00000000    
   95.0000000       0.00000000    
   95.5000000       0.00000000    
   96.0000000       0.00000000    
   96.5000000       0.00000000    
   97.0000000       0.00000000    
   97.5000000       0.00000000    
   98.0000000       0.00000000    
   98.5000000       0.00000000    
   99.0000000       0.00000000    
   99.5000000       0.00000000    
   100.000000       0.00000000    
