 -0.250000000      -4.40698796E-06
  0.250000000      -4.40698796E-06
  0.750000000       4.92320942E-06
   1.25000000      -1.43524785E-05
   1.75000000       1.55586695E-05
   2.25000000      -2.52688187E-05
   2.75000000       2.56072326E-05
   3.25000000      -3.24347675E-05
   3.75000000       2.74835656E-05
   4.25000000      -2.71335775E-05
   4.75000000       1.37179486E-05
   5.25000000      -6.05525020E-06
   5.75000000      -1.16091405E-05
   6.25000000       1.70467792E-05
   6.75000000      -2.56723852E-05
   7.25000000       1.53561286E-05
   7.75000000      -6.26628207E-06
   8.25000000      -1.75964578E-05
   8.75000000       2.78757416E-05
   9.25000000      -3.78880250E-05
   9.75000000       2.17034922E-05
   10.2500000      -5.91692105E-06
   10.7500000      -1.99966908E-05
   11.2500000       1.69123068E-05
   11.7500000      -1.52326345E-06
   12.2500000      -4.12790105E-05
   12.7500000       5.85832786E-05
   13.2500000      -5.27193442E-05
   13.7500000      -2.44898138E-06
   14.2500000       3.74747615E-05
   14.7500000      -3.56697856E-05
   15.2500000      -3.27800008E-05
   15.7500000       5.93523364E-05
   16.2500000      -4.85780811E-06
   16.7500000      -1.11124784E-04
   17.2500000       1.02194113E-04
   17.7500000       1.23912832E-04
   18.2500000       6.29149654E-05
   18.7500000       5.03725780E-04
   19.2500000       2.07372010E-03
   19.7500000       4.94138664E-03
   20.2500000       8.62835441E-03
   20.7500000       1.30463056E-02
   21.2500000       1.78785417E-02
   21.7500000       2.30187476E-02
   22.2500000       2.85543315E-02
   22.7500000       3.41827199E-02
   23.2500000       4.01060618E-02
   23.7500000       4.61808071E-02
   24.2500000       5.22864610E-02
   24.7500000       5.86790070E-02
   25.2500000       6.49904534E-02
   25.7500000       7.14517906E-02
   26.2500000       7.80417323E-02
   26.7500000       8.44659954E-02
   27.2500000       9.11704302E-02
   27.7500000       9.77289006E-02
   28.2500000      0.104225285    
   28.7500000      0.111017480    
   29.2500000      0.117378958    
   29.7500000      0.123820491    
   30.2500000      0.130762517    
   30.7500000      0.136340275    
   31.2500000      0.142928645    
   31.7500000      0.150365666    
   32.2500000      0.152848035    
   32.7500000      0.162593544    
   33.2500000      0.168615162    
   33.7500000      0.163804114    
   34.2500000      0.186989889    
   34.7500000      0.179969251    
   35.2500000      0.165953875    
   35.7500000      0.222887442    
   36.2500000      0.174411148    
   36.7500000      0.150671527    
   37.2500000      0.273798496    
   37.7500000      0.153816655    
   38.2500000       1.08966939E-02
   38.7500000      -2.13663722E-03
   39.2500000       5.83596084E-05
   39.7500000      -4.11203728E-05
   40.2500000      -2.27360142E-05
   40.7500000       2.24645919E-06
   41.2500000       1.73595356E-06
   41.7500000       1.09305837E-07
   42.2500000      -9.30705681E-08
   42.7500000      -1.79319422E-08
   43.2500000       4.20186508E-09
   43.7500000       1.34809963E-09
   44.2500000      -1.85633758E-10
   44.7500000      -7.93338589E-11
   45.2500000       9.32755609E-12
   45.7500000       4.05188036E-12
   46.2500000      -5.49276011E-13
   46.7500000      -1.80426840E-13
   47.2500000       3.38548972E-14
   47.7500000       6.55473651E-15
   48.2500000      -1.93957818E-15
   48.7500000      -1.50755903E-16
   49.2500000       9.56295036E-17
   49.7500000      -1.96103017E-18
   50.2500000      -3.76883960E-18
   50.7500000       4.59016998E-19
   51.2500000       1.00802233E-19
   51.7500000      -2.92831953E-20
   52.2500000      -4.06823218E-22
   52.7500000       1.15477019E-21
   53.2500000      -1.32922406E-22
   53.7500000      -2.45383767E-23
   54.2500000       8.14762206E-24
   54.7500000      -2.80631400E-25
   55.2500000      -2.44114141E-25
   55.7500000       4.60145463E-26
   56.2500000       1.29557731E-27
   56.7500000      -1.74764738E-27
   57.2500000       2.34773099E-28
   57.7500000       1.92598050E-29
   58.2500000      -1.07819923E-29
   58.7500000       1.19092831E-30
   59.2500000       1.38702479E-31
   59.7500000      -6.12997676E-32
   60.2500000       6.44472933E-33
   60.7500000       7.36916766E-34
   61.2500000      -3.28432892E-34
   61.7500000       3.75986173E-35
   62.2500000       2.87245217E-36
   62.7500000      -1.64532852E-36
   63.2500000       2.25139696E-37
   63.7500000       5.03084506E-39
   64.2500000      -7.44320699E-39
   64.7500000       1.29473532E-39
   65.2500000      -4.15933410E-41
   65.7500000      -2.81899212E-41
   66.2500000       6.73884431E-42
   66.7500000      -5.64723281E-43
   67.2500000      -6.86636248E-44
   67.7500000       2.80259693E-44
   68.2500000      -4.20389539E-45
   68.7500000       0.00000000    
   69.2500000       0.00000000    
   69.7500000       0.00000000    
   70.2500000       0.00000000    
   70.7500000       0.00000000    
   71.2500000       0.00000000    
   71.7500000       0.00000000    
   72.2500000       0.00000000    
   72.7500000       0.00000000    
   73.2500000       0.00000000    
   73.7500000       0.00000000    
   74.2500000       0.00000000    
   74.7500000       0.00000000    
   75.2500000       0.00000000    
   75.7500000       0.00000000    
   76.2500000       0.00000000    
   76.7500000       0.00000000    
   77.2500000       0.00000000    
   77.7500000       0.00000000    
   78.2500000       0.00000000    
   78.7500000       0.00000000    
   79.2500000       0.00000000    
   79.7500000       0.00000000    
   80.2500000       0.00000000    
   80.7500000       0.00000000    
   81.2500000       0.00000000    
   81.7500000       0.00000000    
   82.2500000       0.00000000    
   82.7500000       0.00000000    
   83.2500000       0.00000000    
   83.7500000       0.00000000    
   84.2500000       0.00000000    
   84.7500000       0.00000000    
   85.2500000       0.00000000    
   85.7500000       0.00000000    
   86.2500000       0.00000000    
   86.7500000       0.00000000    
   87.2500000       0.00000000    
   87.7500000       0.00000000    
   88.2500000       0.00000000    
   88.7500000       0.00000000    
   89.2500000       0.00000000    
   89.7500000       0.00000000    
   90.2500000       0.00000000    
   90.7500000       0.00000000    
   91.2500000       0.00000000    
   91.7500000       0.00000000    
   92.2500000       0.00000000    
   92.7500000       0.00000000    
   93.2500000       0.00000000    
   93.7500000       0.00000000    
   94.2500000       0.00000000    
   94.7500000       0.00000000    
   95.2500000       0.00000000    
   95.7500000       0.00000000    
   96.2500000       0.00000000    
   96.7500000       0.00000000    
   97.2500000       0.00000000    
   97.7500000       0.00000000    
   98.2500000       0.00000000    
   98.7500000       0.00000000    
   99.2500000       0.00000000    
   99.7500000       0.00000000    
   100.250000       0.00000000    
