   0.00000000       0.00000000    
  0.500000000       5.87407976E-06
   1.00000000      -1.01990217E-05
   1.50000000       1.30457393E-05
   2.00000000      -1.21798730E-05
   2.50000000       9.41680992E-06
   3.00000000      -2.78385050E-06
   3.50000000      -3.20261461E-06
   4.00000000       1.07332180E-05
   4.50000000      -1.26082723E-05
   5.00000000       1.25024299E-05
   5.50000000      -2.95599966E-06
   6.00000000      -8.44624174E-06
   6.50000000       2.63816073E-05
   7.00000000      -3.75308882E-05
   7.50000000       4.56472262E-05
   8.00000000      -3.69579502E-05
   8.50000000       2.20306429E-05
   9.00000000       4.36740811E-06
   9.50000000      -1.97581685E-05
   10.0000000       2.67744508E-05
   10.5000000      -6.99164684E-06
   11.0000000      -1.60138025E-05
   11.5000000       3.99941455E-05
   12.0000000      -2.79768155E-05
   12.5000000      -4.85834971E-06
   13.0000000       5.63868125E-05
   13.5000000      -6.72238530E-05
   14.0000000       3.91319554E-05
   14.5000000       2.60331053E-05
   15.0000000      -3.81571153E-05
   15.5000000      -1.00588004E-05
   16.0000000       8.91003656E-05
   16.5000000      -5.12366532E-05
   17.0000000      -7.32085246E-05
   17.5000000       1.61966804E-04
   18.0000000       1.00140809E-04
   18.5000000       9.63905622E-05
   19.0000000       7.34893489E-04
   19.5000000       2.65971152E-03
   20.0000000       5.76945581E-03
   20.5000000       9.62001923E-03
   21.0000000       1.41642522E-02
   21.5000000       1.89980846E-02
   22.0000000       2.41899006E-02
   22.5000000       2.96857376E-02
   23.0000000       3.52444053E-02
   23.5000000       4.11343910E-02
   24.0000000       4.70417030E-02
   24.5000000       5.30523621E-02
   25.0000000       5.92818931E-02
   25.5000000       6.53604269E-02
   26.0000000       7.16827288E-02
   26.5000000       7.79674128E-02
   27.0000000       8.41552690E-02
   27.5000000       9.06148255E-02
   28.0000000       9.67759117E-02
   28.5000000      0.103035621    
   29.0000000      0.109462328    
   29.5000000      0.115346372    
   30.0000000      0.121597275    
   30.5000000      0.128043786    
   31.0000000      0.132911310    
   31.5000000      0.139880046    
   32.0000000      0.145950317    
   32.5000000      0.147879511    
   33.0000000      0.159604222    
   33.5000000      0.160512835    
   34.0000000      0.158857942    
   34.5000000      0.184775844    
   35.0000000      0.163938746    
   35.5000000      0.166503787    
   36.0000000      0.219936728    
   36.5000000      0.144551367    
   37.0000000      0.164823413    
   37.5000000      0.269466639    
   38.0000000      0.103204295    
   38.5000000      -1.66790374E-03
   39.0000000      -1.32925634E-03
   39.5000000       1.32445086E-04
   40.0000000      -5.68567484E-05
   40.5000000      -1.16167757E-05
   41.0000000       3.58275997E-06
   41.5000000       1.11120778E-06
   42.0000000      -5.45554819E-08
   42.5000000      -7.77897071E-08
   43.0000000      -5.22202015E-09
   43.5000000       4.46313297E-09
   44.0000000       5.69984226E-10
   44.5000000      -2.37628084E-10
   45.0000000      -3.61224176E-11
   45.5000000       1.26514094E-11
   46.0000000       1.73806065E-12
   46.5000000      -6.79258516E-13
   47.0000000      -6.09873141E-14
   47.5000000       3.52151373E-14
   48.0000000       8.48511443E-16
   48.5000000      -1.65194062E-15
   49.0000000       8.49192749E-17
   49.5000000       6.45439635E-17
   50.0000000      -9.37513520E-18
   50.5000000      -1.77514510E-18
   51.0000000       5.64197769E-19
   51.5000000       9.41061088E-21
   52.0000000      -2.32035342E-20
   52.5000000       2.42260239E-21
   53.0000000       5.76125339E-22
   53.5000000      -1.65133579E-22
   54.0000000       1.04729568E-24
   54.5000000       5.82420976E-24
   55.0000000      -8.68458351E-25
   55.5000000      -7.73020578E-26
   56.0000000       4.17008884E-26
   56.5000000      -3.76518457E-27
   57.0000000      -8.16598148E-28
   57.5000000       2.56285905E-28
   58.0000000      -1.49112508E-29
   58.5000000      -5.86796360E-30
   59.0000000       1.47009797E-30
   59.5000000      -6.51317087E-32
   60.0000000      -3.49701018E-32
   60.5000000       8.19385243E-33
   61.0000000      -3.84476146E-34
   61.5000000      -1.80750291E-34
   62.0000000       4.46878670E-35
   62.5000000      -2.84806519E-36
   63.0000000      -7.94512463E-37
   63.5000000       2.33773937E-37
   64.0000000      -2.13749682E-38
   64.5000000      -2.65015107E-39
   65.0000000       1.12708397E-39
   65.5000000      -1.45059614E-40
   66.0000000      -3.20757218E-42
   66.5000000       4.69715245E-42
   67.0000000      -8.51989466E-43
   67.5000000       4.20389539E-44
   68.0000000       1.40129846E-44
   68.5000000      -2.80259693E-45
   69.0000000       0.00000000    
   69.5000000       0.00000000    
   70.0000000       0.00000000    
   70.5000000       0.00000000    
   71.0000000       0.00000000    
   71.5000000       0.00000000    
   72.0000000       0.00000000    
   72.5000000       0.00000000    
   73.0000000       0.00000000    
   73.5000000       0.00000000    
   74.0000000       0.00000000    
   74.5000000       0.00000000    
   75.0000000       0.00000000    
   75.5000000       0.00000000    
   76.0000000       0.00000000    
   76.5000000       0.00000000    
   77.0000000       0.00000000    
   77.5000000       0.00000000    
   78.0000000       0.00000000    
   78.5000000       0.00000000    
   79.0000000       0.00000000    
   79.5000000       0.00000000    
   80.0000000       0.00000000    
   80.5000000       0.00000000    
   81.0000000       0.00000000    
   81.5000000       0.00000000    
   82.0000000       0.00000000    
   82.5000000       0.00000000    
   83.0000000       0.00000000    
   83.5000000       0.00000000    
   84.0000000       0.00000000    
   84.5000000       0.00000000    
   85.0000000       0.00000000    
   85.5000000       0.00000000    
   86.0000000       0.00000000    
   86.5000000       0.00000000    
   87.0000000       0.00000000    
   87.5000000       0.00000000    
   88.0000000       0.00000000    
   88.5000000       0.00000000    
   89.0000000       0.00000000    
   89.5000000       0.00000000    
   90.0000000       0.00000000    
   90.5000000       0.00000000    
   91.0000000       0.00000000    
   91.5000000       0.00000000    
   92.0000000       0.00000000    
   92.5000000       0.00000000    
   93.0000000       0.00000000    
   93.5000000       0.00000000    
   94.0000000       0.00000000    
   94.5000000       0.00000000    
   95.0000000       0.00000000    
   95.5000000       0.00000000    
   96.0000000       0.00000000    
   96.5000000       0.00000000    
   97.0000000       0.00000000    
   97.5000000       0.00000000    
   98.0000000       0.00000000    
   98.5000000       0.00000000    
   99.0000000       0.00000000    
   99.5000000       0.00000000    
   100.000000       0.00000000    
