   0.00000000       0.00000000    
  0.500000000      -4.85795908E-06
   1.00000000      -5.01676914E-06
   1.50000000      -2.28198658E-07
   2.00000000       4.98989721E-06
   2.50000000       5.38252607E-06
   3.00000000       4.55116435E-07
   3.50000000      -4.79696973E-06
   4.00000000      -5.50575533E-06
   4.50000000      -9.20241462E-07
   5.00000000       4.97312885E-06
   5.50000000       6.30354816E-06
   6.00000000       1.80273992E-06
   6.50000000      -4.39260248E-06
   7.00000000      -6.48376272E-06
   7.50000000      -2.18322748E-06
   8.00000000       4.20539573E-06
   8.50000000       6.56460588E-06
   9.00000000       2.97442148E-06
   9.50000000      -2.64576011E-06
   10.0000000      -5.30411398E-06
   10.5000000      -2.98714713E-06
   11.0000000       1.40661734E-06
   11.5000000       4.08707638E-06
   12.0000000       3.59929209E-06
   12.5000000       1.37991651E-06
   13.0000000      -6.30344175E-07
   13.5000000      -2.16543708E-06
   14.0000000      -3.12964653E-06
   14.5000000      -2.15762634E-06
   15.0000000       1.23462769E-06
   15.5000000       5.27749808E-06
   16.0000000       6.00961630E-06
   16.5000000       1.48171341E-06
   17.0000000      -4.73710134E-06
   17.5000000      -6.69797828E-06
   18.0000000      -2.92256937E-06
   18.5000000       3.47776586E-06
   19.0000000       6.78663173E-06
   19.5000000       4.99923408E-06
   20.0000000       1.11810743E-06
   20.5000000      -1.95372741E-06
   21.0000000      -3.99042074E-06
   21.5000000      -4.59480634E-06
   22.0000000      -2.24278665E-06
   22.5000000       3.49357151E-06
   23.0000000       8.16705779E-06
   23.5000000       6.84375618E-06
   24.0000000       8.06962134E-07
   24.5000000      -4.67660811E-06
   25.0000000      -6.01407555E-06
   25.5000000      -4.04293087E-06
   26.0000000      -3.19073024E-07
   26.5000000       3.93677010E-06
   27.0000000       7.80981463E-06
   27.5000000       7.68056543E-06
   28.0000000       2.02334468E-06
   28.5000000      -4.76871628E-06
   29.0000000      -7.12970541E-06
   29.5000000      -5.18379147E-06
   30.0000000      -1.58425610E-06
   30.5000000       3.74573256E-06
   31.0000000       8.71376506E-06
   31.5000000       9.18411843E-06
   32.0000000       4.06985464E-06
   32.5000000      -2.20149877E-06
   33.0000000      -6.20324681E-06
   33.5000000      -7.45684974E-06
   34.0000000      -5.09456186E-06
   34.5000000       1.49700350E-06
   35.0000000       7.89819569E-06
   35.5000000       9.99018266E-06
   36.0000000       8.33832564E-06
   36.5000000       3.61085131E-06
   37.0000000      -3.62621586E-06
   37.5000000      -8.54268274E-06
   38.0000000      -8.23214759E-06
   38.5000000      -4.56409998E-06
   39.0000000       2.20805828E-06
   39.5000000       9.03559521E-06
   40.0000000       1.15834137E-05
   40.5000000       9.79772085E-06
   41.0000000       4.35055699E-06
   41.5000000      -3.13856663E-06
   42.0000000      -8.67018571E-06
   42.5000000      -1.02520262E-05
   43.0000000      -6.84429187E-06
   43.5000000       3.95214101E-07
   44.0000000       7.91770890E-06
   44.5000000       1.28058691E-05
   45.0000000       1.31039333E-05
   45.5000000       8.37848256E-06
   46.0000000       6.21315394E-07
   46.5000000      -6.80973426E-06
   47.0000000      -1.12524085E-05
   47.5000000      -1.07486057E-05
   48.0000000      -5.49755896E-06
   48.5000000       2.81632992E-06
   49.0000000       1.07263168E-05
   49.5000000       1.52397861E-05
   50.0000000       1.47236306E-05
   50.5000000       9.12509586E-06
   51.0000000       4.43969384E-07
   51.5000000      -7.69343296E-06
   52.0000000      -1.29548853E-05
   52.5000000      -1.26789828E-05
   53.0000000      -7.47542890E-06
   53.5000000       9.85708084E-07
   54.0000000       1.04246164E-05
   54.5000000       1.69069335E-05
   55.0000000       1.79771887E-05
   55.5000000       1.40948105E-05
   56.0000000       5.59443197E-06
   56.5000000      -4.72611237E-06
   57.0000000      -1.23519631E-05
   57.5000000      -1.57390132E-05
   58.0000000      -1.40230759E-05
   58.5000000      -6.18131799E-06
   59.0000000       4.54624205E-06
   59.5000000       1.37056068E-05
   60.0000000       2.01449075E-05
   60.5000000       2.18689729E-05
   61.0000000       1.62328233E-05
   61.5000000       6.14715555E-06
   62.0000000      -4.12307554E-06
   62.5000000      -1.32647510E-05
   63.0000000      -1.91279414E-05
   63.5000000      -1.79702984E-05
   64.0000000      -9.92867081E-06
   64.5000000       7.09409505E-07
   65.0000000       1.14982122E-05
   65.5000000       2.16071658E-05
   66.0000000       2.68034928E-05
   66.5000000       2.42649130E-05
   67.0000000       1.53200526E-05
   67.5000000       4.07376911E-06
   68.0000000      -7.52513370E-06
   68.5000000      -1.83964075E-05
   69.0000000      -2.40908648E-05
   69.5000000      -2.13754702E-05
   70.0000000      -1.19589213E-05
   70.5000000      -1.26688064E-07
   71.0000000       1.24687122E-05
   71.5000000       2.45002484E-05
   72.0000000       3.24821594E-05
   72.5000000       3.19742649E-05
   73.0000000       2.31142913E-05
   73.5000000       1.07185842E-05
   74.0000000      -2.49870845E-06
   74.5000000      -1.57312024E-05
   75.0000000      -2.65304188E-05
   75.5000000      -3.04167734E-05
   76.0000000      -2.50772609E-05
   76.5000000      -1.24645840E-05
   77.0000000       2.15786395E-06
   77.5000000       1.65420624E-05
   78.0000000       2.99853273E-05
   78.5000000       3.97483382E-05
   79.0000000       4.18496638E-05
   79.5000000       3.38239806E-05
   80.0000000       1.87347105E-05
   80.5000000       1.84508554E-06
   81.0000000      -1.35848786E-05
   81.5000000      -2.68341428E-05
   82.0000000      -3.65720516E-05
   82.5000000      -3.90169880E-05
   83.0000000      -3.11733347E-05
   83.5000000      -1.46739940E-05
   84.0000000       5.25015912E-06
   84.5000000       2.34489307E-05
   85.0000000       3.82156613E-05
   85.5000000       4.89486156E-05
   86.0000000       5.42234484E-05
   86.5000000       5.01527829E-05
   87.0000000       3.56955279E-05
   87.5000000       1.38132482E-05
   88.0000000      -9.10108702E-06
   88.5000000      -2.81751927E-05
   89.0000000      -4.17109877E-05
   89.5000000      -4.97420988E-05
   90.0000000      -5.14146559E-05
   90.5000000      -4.39012947E-05
   91.0000000      -2.57167048E-05
   91.5000000      -2.46777745E-07
   92.0000000       2.66805237E-05
   92.5000000       4.90174607E-05
   93.0000000       6.38137208E-05
   93.5000000       7.14263733E-05
   94.0000000       7.21141187E-05
   94.5000000       6.46834378E-05
   95.0000000       4.70699961E-05
   95.5000000       2.03170421E-05
   96.0000000      -1.13309579E-05
   96.5000000      -4.05499777E-05
   97.0000000      -6.19186103E-05
   97.5000000      -7.34241548E-05
   98.0000000      -7.60838811E-05
   98.5000000      -7.10725508E-05
   99.0000000      -5.72848076E-05
   99.5000000      -3.36170560E-05
   100.000000      -7.94072548E-07
   100.500000       3.62631254E-05
   101.000000       7.05357161E-05
   101.500000       9.61733749E-05
   102.000000       1.10071531E-04
   102.500000       1.12931659E-04
   103.000000       1.06271742E-04
   103.500000       9.05096022E-05
   104.000000       6.49522844E-05
   104.500000       2.96320031E-05
   105.000000      -1.30495064E-05
   105.500000      -5.70993798E-05
   106.000000      -9.51020193E-05
   106.500000      -1.21315461E-04
   107.000000      -1.33660578E-04
   107.500000      -1.33018271E-04
   108.000000      -1.21243196E-04
   108.500000      -9.93575231E-05
   109.000000      -6.65041371E-05
   109.500000      -2.27504843E-05
   110.000000       2.96765174E-05
   110.500000       8.54490499E-05
   111.000000       1.36709816E-04
   111.500000       1.76679241E-04
   112.000000       2.01428804E-04
   112.500000       2.10443905E-04
   113.000000       2.05293109E-04
   113.500000       1.87057289E-04
   114.000000       1.55707676E-04
   114.500000       1.10674293E-04
   115.000000       5.17069566E-05
   115.500000      -1.79280833E-05
   116.000000      -9.18914739E-05
   116.500000      -1.62040727E-04
   117.000000      -2.21238792E-04
   117.500000      -2.64901144E-04
   118.000000      -2.91682867E-04
   118.500000      -3.01797380E-04
   119.000000      -2.96140934E-04
   119.500000      -2.73340876E-04
   120.000000      -2.31639511E-04
   120.500000      -1.69464489E-04
   121.000000      -8.78157734E-05
   121.500000       8.84113615E-06
   122.000000       1.13235481E-04
   122.500000       2.17260938E-04
   123.000000       3.13728640E-04
   123.500000       3.98066331E-04
   124.000000       4.67712758E-04
   124.500000       5.21710666E-04
   125.000000       5.58018917E-04
   125.500000       5.73687896E-04
   126.000000       5.64050861E-04
   126.500000       5.25162963E-04
   127.000000       4.55289352E-04
   127.500000       3.56080738E-04
   128.000000       2.32115985E-04
   128.500000       9.05455381E-05
   129.000000      -6.20272476E-05
   129.500000      -2.20464819E-04
   130.000000      -3.81556340E-04
   130.500000      -5.43207454E-04
   131.000000      -7.03588943E-04
   131.500000      -8.58647283E-04
   132.000000      -1.00275897E-03
   132.500000      -1.12869230E-03
   133.000000      -1.22891401E-03
   133.500000      -1.29782432E-03
   134.000000      -1.33258663E-03
   134.500000      -1.33275380E-03
   135.000000      -1.29996752E-03
   135.500000      -1.23567181E-03
   136.000000      -1.14023942E-03
   136.500000      -1.01228012E-03
   137.000000      -8.48954485E-04
   137.500000      -6.46936474E-04
   138.000000      -4.03910119E-04
   138.500000      -1.19811069E-04
   139.000000       2.02693729E-04
   139.500000       5.59623411E-04
   140.000000       9.46830201E-04
   140.500000       1.36058941E-03
   141.000000       1.79951906E-03
   141.500000       2.26445892E-03
   142.000000       2.75743171E-03
   142.500000       3.28052323E-03
   143.000000       3.83488904E-03
   143.500000       4.41922015E-03
   144.000000       5.03042340E-03
   144.500000       5.66371949E-03
   145.000000       6.31437171E-03
   145.500000       6.97928155E-03
   146.000000       7.65743153E-03
   146.500000       8.34994856E-03
   147.000000       9.05948598E-03
   147.500000       9.78930760E-03
   148.000000       1.05409184E-02
   148.500000       1.13134282E-02
   149.000000       1.21043986E-02
   149.500000       1.29096759E-02
   150.000000       1.37244938E-02
   150.500000       1.45454276E-02
   151.000000       1.53710227E-02
   151.500000       1.62024554E-02
   152.000000       1.70423742E-02
   152.500000       1.78951714E-02
   153.000000       1.87632237E-02
   153.500000       1.96480006E-02
   154.000000       2.05481220E-02
   154.500000       2.14599725E-02
   155.000000       2.23789141E-02
   155.500000       2.33002845E-02
   156.000000       2.42214333E-02
   156.500000       2.51419339E-02
   157.000000       2.60639098E-02
   157.500000       2.69914549E-02
   158.000000       2.79289279E-02
   158.500000       2.88796406E-02
   159.000000       2.98449043E-02
   159.500000       3.08230761E-02
   160.000000       3.18101756E-02
   160.500000       3.28008011E-02
   161.000000       3.37905213E-02
   161.500000       3.47756445E-02
   162.000000       3.57560664E-02
   162.500000       3.67343239E-02
   163.000000       3.77146117E-02
   163.500000       3.87027860E-02
   164.000000       3.97033356E-02
   164.500000       4.07179706E-02
   165.000000       4.17457893E-02
   165.500000       4.27826159E-02
   166.000000       4.38229516E-02
   166.500000       4.48604822E-02
   167.000000       4.58905101E-02
   167.500000       4.69118878E-02
   168.000000       4.79264744E-02
   168.500000       4.89387028E-02
   169.000000       4.99555431E-02
   169.500000       5.09828851E-02
   170.000000       5.20246141E-02
   170.500000       5.30815460E-02
   171.000000       5.41510023E-02
   171.500000       5.52264005E-02
   172.000000       5.63007779E-02
   172.500000       5.73669448E-02
   173.000000       5.84208220E-02
   173.500000       5.94620481E-02
   174.000000       6.04940616E-02
   174.500000       6.15243241E-02
   175.000000       6.25606850E-02
   175.500000       6.36104271E-02
   176.000000       6.46779239E-02
   176.500000       6.57627210E-02
   177.000000       6.68606907E-02
   177.500000       6.79631010E-02
   178.000000       6.90605715E-02
   178.500000       7.01453760E-02
   179.000000       7.12121204E-02
   179.500000       7.22614154E-02
   180.000000       7.32984543E-02
   180.500000       7.43324310E-02
   181.000000       7.53737837E-02
   181.500000       7.64317065E-02
   182.000000       7.75116757E-02
   182.500000       7.86133781E-02
   183.000000       7.97307864E-02
   183.500000       8.08532462E-02
   184.000000       8.19684193E-02
   184.500000       8.30658972E-02
   185.000000       8.41389820E-02
   185.500000       8.51878598E-02
   186.000000       8.62191021E-02
   186.500000       8.72444585E-02
   187.000000       8.82777944E-02
   187.500000       8.93310159E-02
   188.000000       9.04120803E-02
   188.500000       9.15206820E-02
   189.000000       9.26492214E-02
   189.500000       9.37843248E-02
   190.000000       9.49101299E-02
   190.500000       9.60124433E-02
   191.000000       9.70830545E-02
   191.500000       9.81220976E-02
   192.000000       9.91387218E-02
   192.500000      0.100148588    
   193.000000      0.101170219    
   193.500000      0.102219425    
   194.000000      0.103304289    
   194.500000      0.104422435    
   195.000000      0.105560862    
   195.500000      0.106698379    
   196.000000      0.107811987    
   196.500000      0.108883016    
   197.000000      0.109904438    
   197.500000      0.110883720    
   198.000000      0.111843616    
   198.500000      0.112816781    
   199.000000      0.113837101    
   199.500000      0.114929564    
   200.000000      0.116100855    
   200.500000      0.117333338    
   201.000000      0.118584923    
   201.500000      0.119797058    
   202.000000      0.120908551    
   202.500000      0.121872887    
   203.000000      0.122675575    
   203.500000      0.123345241    
   204.000000      0.123955198    
   204.500000      0.124613300    
   205.000000      0.125438407    
   205.500000      0.126533344    
   206.000000      0.127951428    
   206.500000      0.129673734    
   207.000000      0.131594509    
   207.500000      0.133530021    
   208.000000      0.135247737    
   208.500000      0.136516064    
   209.000000      0.137166575    
   209.500000      0.137150228    
   210.000000      0.136573642    
   210.500000      0.135699928    
   211.000000      0.134912148    
   211.500000      0.134644806    
   212.000000      0.135298178    
   212.500000      0.137144804    
   213.000000      0.140247688    
   213.500000      0.144397154    
   214.000000      0.149090961    
   214.500000      0.153578550    
   215.000000      0.156988010    
   215.500000      0.158528924    
   216.000000      0.157723486    
   216.500000      0.154581904    
   217.000000      0.149653524    
   217.500000      0.143930033    
   218.000000      0.138649657    
   218.500000      0.135074317    
   219.000000      0.134295523    
   219.500000      0.137076721    
   220.000000      0.143701524    
   220.500000      0.153805554    
   221.000000      0.166210249    
   221.500000      0.178870901    
   222.000000      0.189108938    
   222.500000      0.194249287    
   223.000000      0.192523152    
   223.500000      0.183799237    
   224.000000      0.169683933    
   224.500000      0.152933657    
   225.000000      0.136590078    
   225.500000      0.123319365    
   226.000000      0.115160786    
   226.500000      0.113577217    
   227.000000      0.119571887    
   227.500000      0.133645505    
   228.000000      0.155436277    
   228.500000      0.183025166    
   229.000000      0.212200746    
   229.500000      0.236467630    
   230.000000      0.248725399    
   230.500000      0.244448841    
   231.000000      0.224239871    
   231.500000      0.193439230    
   232.000000      0.159172788    
   232.500000      0.127410561    
   233.000000      0.101777643    
   233.500000       8.39118436E-02
   234.000000       7.43964091E-02
   234.500000       7.35963956E-02
   235.000000       8.21597576E-02
   235.500000      0.101119876    
   236.000000      0.131473079    
   236.500000      0.172997743    
   237.000000      0.222214520    
   237.500000      0.270337224    
   238.000000      0.303839117    
   238.500000      0.310273319    
   239.000000      0.286545038    
   239.500000      0.241240591    
   240.000000      0.188213482    
   240.500000      0.138669148    
   241.000000       9.81237292E-02
   241.500000       6.75744861E-02
   242.000000       4.57297899E-02
   242.500000       3.06182392E-02
   243.000000       2.03794762E-02
   243.500000       1.35300290E-02
   244.000000       8.98173358E-03
   244.500000       5.97290322E-03
   245.000000       3.98496119E-03
   245.500000       2.67071323E-03
   246.000000       1.80004560E-03
   246.500000       1.22133875E-03
   247.000000       8.35001236E-04
   247.500000       5.75693324E-04
   248.000000       4.00538440E-04
   248.500000       2.81364279E-04
   249.000000       1.99618895E-04
   249.500000       1.43048237E-04
   250.000000       1.03526763E-04
   250.500000       7.56411901E-05
   251.000000       5.57650965E-05
   251.500000       4.14534916E-05
   252.000000       3.10458199E-05
   252.500000       2.34051058E-05
   253.000000       1.77458696E-05
   253.500000       1.35202272E-05
   254.000000       1.03421462E-05
   254.500000       7.93677555E-06
   255.000000       6.10635789E-06
   255.500000       4.70713439E-06
   256.000000       3.63355093E-06
   256.500000       2.80738368E-06
   257.000000       2.17016350E-06
   257.500000       1.67785254E-06
   258.000000       1.29705597E-06
   258.500000       1.00230625E-06
   259.000000       7.74086061E-07
   259.500000       5.97379255E-07
   260.000000       4.60596482E-07
   260.500000       3.54771487E-07
   261.000000       2.72955162E-07
   261.500000       2.09755243E-07
   262.000000       1.60984484E-07
   262.500000       1.23390237E-07
   263.000000       9.44460012E-08
   263.500000       7.21898772E-08
   264.000000       5.50993207E-08
   264.500000       4.19936050E-08
   265.000000       3.19579527E-08
   265.500000       2.42844003E-08
   266.000000       1.84256912E-08
   266.500000       1.39593377E-08
   267.000000       1.05596181E-08
   267.500000       7.97576938E-09
   268.000000       6.01502448E-09
   268.500000       4.52942173E-09
   269.000000       3.40556627E-09
   269.500000       2.55669086E-09
   270.000000       1.91650940E-09
   270.500000       1.43446355E-09
   271.000000       1.07205256E-09
   271.500000       8.00005506E-10
   272.000000       5.96105165E-10
   272.500000       4.43515363E-10
   273.000000       3.29498373E-10
   273.500000       2.44432974E-10
   274.000000       1.81063678E-10
   274.500000       1.33927980E-10
   275.000000       9.89197405E-11
   275.500000       7.29574734E-11
   276.000000       5.37322686E-11
   276.500000       3.95168863E-11
   277.000000       2.90212351E-11
   277.500000       2.12832651E-11
   278.000000       1.55866726E-11
   278.500000       1.13989512E-11
   279.000000       8.32484776E-12
   279.500000       6.07143329E-12
   280.000000       4.42194415E-12
   280.500000       3.21622134E-12
   281.000000       2.33610787E-12
   281.500000       1.69456268E-12
   282.000000       1.22756276E-12
   282.500000       8.88085233E-13
   283.000000       6.41643802E-13
   283.500000       4.62983167E-13
   284.000000       3.33635111E-13
   284.500000       2.40113756E-13
   285.000000       1.72585633E-13
   285.500000       1.23890441E-13
   286.000000       8.88218806E-14
   286.500000       6.35996179E-14
   287.000000       4.54825420E-14
   287.500000       3.24858277E-14
   288.000000       2.31742353E-14
   288.500000       1.65113420E-14
   289.000000       1.17497370E-14
   289.500000       8.35114262E-15
   290.000000       5.92841621E-15
   290.500000       4.20348782E-15
   291.000000       2.97688671E-15
   291.500000       2.10571374E-15
   292.000000       1.48772930E-15
   292.500000       1.04987849E-15
   293.000000       7.40027381E-16
   293.500000       5.21018542E-16
   294.000000       3.66402207E-16
   294.500000       2.57374508E-16
   295.000000       1.80583613E-16
   295.500000       1.26560870E-16
   296.000000       8.85995801E-17
   296.500000       6.19552191E-17
   297.000000       4.32753831E-17
   297.500000       3.01941967E-17
   298.000000       2.10440042E-17
   298.500000       1.46506971E-17
   299.000000       1.01886351E-17
   299.500000       7.07789416E-18
   300.000000       4.91162560E-18
   300.500000       3.40472586E-18
   301.000000       2.35763928E-18
   301.500000       1.63084810E-18
   302.000000       1.12692016E-18
   302.500000       7.77891091E-19
   303.000000       5.36405172E-19
   303.500000       3.69503156E-19
   304.000000       2.54271029E-19
   304.500000       1.74796007E-19
   305.000000       1.20039597E-19
   305.500000       8.23527964E-20
   306.000000       5.64410794E-20
   306.500000       3.86436196E-20
   307.000000       2.64318844E-20
   307.500000       1.80612851E-20
   308.000000       1.23293920E-20
   308.500000       8.40832485E-21
   309.000000       5.72867689E-21
   309.500000       3.89922601E-21
   310.000000       2.65145334E-21
   310.500000       1.80124677E-21
   311.000000       1.22249853E-21
   311.500000       8.28917874E-22
   312.000000       5.61519523E-22
   312.500000       3.80023505E-22
   313.000000       2.56951131E-22
   313.500000       1.73574971E-22
   314.000000       1.17144582E-22
   314.500000       7.89874307E-23
   315.000000       5.32103846E-23
   315.500000       3.58128967E-23
   316.000000       2.40818156E-23
   316.500000       1.61788524E-23
   317.000000       1.08596738E-23
   317.500000       7.28280095E-24
   318.000000       4.87971685E-24
   318.500000       3.26668504E-24
   319.000000       2.18493349E-24
   319.500000       1.46012296E-24
   320.000000       9.74906058E-25
   320.500000       6.50369274E-25
   321.000000       4.33493957E-25
   321.500000       2.88691340E-25
   322.000000       1.92094040E-25
   322.500000       1.27710097E-25
   323.000000       8.48339353E-26
   323.500000       5.63052306E-26
   324.000000       3.73391501E-26
   324.500000       2.47410631E-26
   325.000000       1.63799402E-26
   325.500000       1.08354745E-26
   326.000000       7.16187942E-27
   326.500000       4.72989174E-27
   327.000000       3.12120328E-27
   327.500000       2.05798095E-27
   328.000000       1.35584727E-27
   328.500000       8.92548640E-28
   329.000000       5.87092203E-28
   329.500000       3.85865168E-28
   330.000000       2.53408614E-28
   330.500000       1.66289690E-28
   331.000000       1.09035741E-28
   331.500000       7.14387180E-29
   332.000000       4.67693369E-29
   332.500000       3.05951817E-29
   333.000000       1.99991108E-29
   333.500000       1.30627823E-29
   334.000000       8.52568862E-30
   334.500000       5.56024062E-30
   335.000000       3.62351043E-30
   335.500000       2.35960160E-30
   336.000000       1.53540354E-30
   336.500000       9.98349327E-31
   337.000000       6.48664490E-31
   337.500000       4.21149956E-31
   338.000000       2.73233388E-31
   338.500000       1.77138359E-31
   339.000000       1.14755802E-31
   339.500000       7.42884512E-32
   340.000000       4.80566982E-32
   340.500000       3.10651771E-32
   341.000000       2.00669963E-32
   341.500000       1.29533159E-32
   342.000000       8.35546968E-33
   342.500000       5.38583998E-33
   343.000000       3.46920525E-33
   343.500000       2.23306715E-33
   344.000000       1.43638292E-33
   344.500000       9.23286436E-34
   345.000000       5.93064313E-34
   345.500000       3.80686601E-34
   346.000000       2.44194005E-34
   346.500000       1.56532788E-34
   347.000000       1.00272021E-34
   347.500000       6.41888505E-35
   348.000000       4.10625604E-35
   348.500000       2.62506629E-35
   349.000000       1.67704042E-35
   349.500000       1.07067332E-35
   350.000000       6.83096097E-36
   350.500000       4.35531168E-36
   351.000000       2.77504754E-36
   351.500000       1.76699997E-36
   352.000000       1.12439444E-36
   352.500000       7.15019783E-37
   353.000000       4.54397371E-37
   353.500000       2.88584527E-37
   354.000000       1.83160113E-37
   354.500000       1.16174425E-37
   355.000000       7.36398710E-38
   355.500000       4.66486822E-38
   356.000000       2.95318607E-38
   356.500000       1.86839342E-38
   357.000000       1.18133482E-38
   357.500000       7.46458940E-39
   358.000000       4.71376765E-39
   358.500000       2.97481651E-39
   359.000000       1.87622234E-39
   359.500000       1.18260622E-39
   360.000000       7.44956888E-40
   360.500000       4.68978162E-40
   361.000000       2.95060207E-40
   361.500000       1.85526311E-40
   362.000000       1.16586631E-40
   362.500000       7.32164435E-41
   363.000000       4.59485766E-41
   363.500000       2.88205055E-41
   364.000000       1.80641385E-41
   364.500000       1.13154851E-41
   365.000000       7.08356374E-42
   365.500000       4.42950445E-42
   366.000000       2.76896577E-42
   366.500000       1.73060360E-42
   367.000000       1.07759852E-42
   367.500000       6.69820666E-43
   368.000000       4.16185644E-43
   368.500000       2.55036321E-43
   369.000000       1.56945428E-43
   369.500000       9.66895940E-44
   370.000000       5.60519386E-44
   370.500000       3.36311631E-44
   371.000000       1.82168800E-44
   371.500000       9.80908925E-45
   372.000000       4.20389539E-45
   372.500000       1.40129846E-45
   373.000000       0.00000000    
   373.500000       0.00000000    
   374.000000       0.00000000    
   374.500000       0.00000000    
   375.000000       0.00000000    
   375.500000       0.00000000    
   376.000000       0.00000000    
   376.500000       0.00000000    
   377.000000       0.00000000    
   377.500000       0.00000000    
   378.000000       0.00000000    
   378.500000       0.00000000    
   379.000000       0.00000000    
   379.500000       0.00000000    
   380.000000       0.00000000    
   380.500000       0.00000000    
   381.000000       0.00000000    
   381.500000       0.00000000    
   382.000000       0.00000000    
   382.500000       0.00000000    
   383.000000       0.00000000    
   383.500000       0.00000000    
   384.000000       0.00000000    
   384.500000       0.00000000    
   385.000000       0.00000000    
   385.500000       0.00000000    
   386.000000       0.00000000    
   386.500000       0.00000000    
   387.000000       0.00000000    
   387.500000       0.00000000    
   388.000000       0.00000000    
   388.500000       0.00000000    
   389.000000       0.00000000    
   389.500000       0.00000000    
   390.000000       0.00000000    
   390.500000       0.00000000    
   391.000000       0.00000000    
   391.500000       0.00000000    
   392.000000       0.00000000    
   392.500000       0.00000000    
   393.000000       0.00000000    
   393.500000       0.00000000    
   394.000000       0.00000000    
   394.500000       0.00000000    
   395.000000       0.00000000    
   395.500000       0.00000000    
   396.000000       0.00000000    
   396.500000       0.00000000    
   397.000000       0.00000000    
   397.500000       0.00000000    
   398.000000       0.00000000    
   398.500000       0.00000000    
   399.000000       0.00000000    
   399.500000       0.00000000    
   400.000000       0.00000000    
   400.500000       0.00000000    
   401.000000       0.00000000    
   401.500000       0.00000000    
   402.000000       0.00000000    
   402.500000       0.00000000    
   403.000000       0.00000000    
   403.500000       0.00000000    
   404.000000       0.00000000    
   404.500000       0.00000000    
   405.000000       0.00000000    
   405.500000       0.00000000    
   406.000000       0.00000000    
   406.500000       0.00000000    
   407.000000       0.00000000    
   407.500000       0.00000000    
   408.000000       0.00000000    
   408.500000       0.00000000    
   409.000000       0.00000000    
   409.500000       0.00000000    
   410.000000       0.00000000    
   410.500000       0.00000000    
   411.000000       0.00000000    
   411.500000       0.00000000    
   412.000000       0.00000000    
   412.500000       0.00000000    
   413.000000       0.00000000    
   413.500000       0.00000000    
   414.000000       0.00000000    
   414.500000       0.00000000    
   415.000000       0.00000000    
   415.500000       0.00000000    
   416.000000       0.00000000    
   416.500000       0.00000000    
   417.000000       0.00000000    
   417.500000       0.00000000    
   418.000000       0.00000000    
   418.500000       0.00000000    
   419.000000       0.00000000    
   419.500000       0.00000000    
   420.000000       0.00000000    
   420.500000       0.00000000    
   421.000000       0.00000000    
   421.500000       0.00000000    
   422.000000       0.00000000    
   422.500000       0.00000000    
   423.000000       0.00000000    
   423.500000       0.00000000    
   424.000000       0.00000000    
   424.500000       0.00000000    
   425.000000       0.00000000    
   425.500000       0.00000000    
   426.000000       0.00000000    
   426.500000       0.00000000    
   427.000000       0.00000000    
   427.500000       0.00000000    
   428.000000       0.00000000    
   428.500000       0.00000000    
   429.000000       0.00000000    
   429.500000       0.00000000    
   430.000000       0.00000000    
   430.500000       0.00000000    
   431.000000       0.00000000    
   431.500000       0.00000000    
   432.000000       0.00000000    
   432.500000       0.00000000    
   433.000000       0.00000000    
   433.500000       0.00000000    
   434.000000       0.00000000    
   434.500000       0.00000000    
   435.000000       0.00000000    
   435.500000       0.00000000    
   436.000000       0.00000000    
   436.500000       0.00000000    
   437.000000       0.00000000    
   437.500000       0.00000000    
   438.000000       0.00000000    
   438.500000       0.00000000    
   439.000000       0.00000000    
   439.500000       0.00000000    
   440.000000       0.00000000    
   440.500000       0.00000000    
   441.000000       0.00000000    
   441.500000       0.00000000    
   442.000000       0.00000000    
   442.500000       0.00000000    
   443.000000       0.00000000    
   443.500000       0.00000000    
   444.000000       0.00000000    
   444.500000       0.00000000    
   445.000000       0.00000000    
   445.500000       0.00000000    
   446.000000       0.00000000    
   446.500000       0.00000000    
   447.000000       0.00000000    
   447.500000       0.00000000    
   448.000000       0.00000000    
   448.500000       0.00000000    
   449.000000       0.00000000    
   449.500000       0.00000000    
   450.000000       0.00000000    
   450.500000       0.00000000    
   451.000000       0.00000000    
   451.500000       0.00000000    
   452.000000       0.00000000    
   452.500000       0.00000000    
   453.000000       0.00000000    
   453.500000       0.00000000    
   454.000000       0.00000000    
   454.500000       0.00000000    
   455.000000       0.00000000    
   455.500000       0.00000000    
   456.000000       0.00000000    
   456.500000       0.00000000    
   457.000000       0.00000000    
   457.500000       0.00000000    
   458.000000       0.00000000    
   458.500000       0.00000000    
   459.000000       0.00000000    
   459.500000       0.00000000    
   460.000000       0.00000000    
   460.500000       0.00000000    
   461.000000       0.00000000    
   461.500000       0.00000000    
   462.000000       0.00000000    
   462.500000       0.00000000    
   463.000000       0.00000000    
   463.500000       0.00000000    
   464.000000       0.00000000    
   464.500000       0.00000000    
   465.000000       0.00000000    
   465.500000       0.00000000    
   466.000000       0.00000000    
   466.500000       0.00000000    
   467.000000       0.00000000    
   467.500000       0.00000000    
   468.000000       0.00000000    
   468.500000       0.00000000    
   469.000000       0.00000000    
   469.500000       0.00000000    
   470.000000       0.00000000    
   470.500000       0.00000000    
   471.000000       0.00000000    
   471.500000       0.00000000    
   472.000000       0.00000000    
   472.500000       0.00000000    
   473.000000       0.00000000    
   473.500000       0.00000000    
   474.000000       0.00000000    
   474.500000       0.00000000    
   475.000000       0.00000000    
   475.500000       0.00000000    
   476.000000       0.00000000    
   476.500000       0.00000000    
   477.000000       0.00000000    
   477.500000       0.00000000    
   478.000000       0.00000000    
   478.500000       0.00000000    
   479.000000       0.00000000    
   479.500000       0.00000000    
   480.000000       0.00000000    
   480.500000       0.00000000    
   481.000000       0.00000000    
   481.500000       0.00000000    
   482.000000       0.00000000    
   482.500000       0.00000000    
   483.000000       0.00000000    
   483.500000       0.00000000    
   484.000000       0.00000000    
   484.500000       0.00000000    
   485.000000       0.00000000    
   485.500000       0.00000000    
   486.000000       0.00000000    
   486.500000       0.00000000    
   487.000000       0.00000000    
   487.500000       0.00000000    
   488.000000       0.00000000    
   488.500000       0.00000000    
   489.000000       0.00000000    
   489.500000       0.00000000    
   490.000000       0.00000000    
   490.500000       0.00000000    
   491.000000       0.00000000    
   491.500000       0.00000000    
   492.000000       0.00000000    
   492.500000       0.00000000    
   493.000000       0.00000000    
   493.500000       0.00000000    
   494.000000       0.00000000    
   494.500000       0.00000000    
   495.000000       0.00000000    
   495.500000       0.00000000    
   496.000000       0.00000000    
   496.500000       0.00000000    
   497.000000       0.00000000    
   497.500000       0.00000000    
   498.000000       0.00000000    
   498.500000       0.00000000    
   499.000000       0.00000000    
   499.500000       0.00000000    
   500.000000       0.00000000    
   500.500000       0.00000000    
   501.000000       0.00000000    
   501.500000       0.00000000    
   502.000000       0.00000000    
   502.500000       0.00000000    
   503.000000       0.00000000    
   503.500000       0.00000000    
   504.000000       0.00000000    
   504.500000       0.00000000    
   505.000000       0.00000000    
   505.500000       0.00000000    
   506.000000       0.00000000    
   506.500000       0.00000000    
   507.000000       0.00000000    
   507.500000       0.00000000    
   508.000000       0.00000000    
   508.500000       0.00000000    
   509.000000       0.00000000    
   509.500000       0.00000000    
   510.000000       0.00000000    
   510.500000       0.00000000    
   511.000000       0.00000000    
   511.500000       0.00000000    
   512.000000       0.00000000    
   512.500000       0.00000000    
   513.000000       0.00000000    
   513.500000       0.00000000    
   514.000000       0.00000000    
   514.500000       0.00000000    
   515.000000       0.00000000    
   515.500000       0.00000000    
   516.000000       0.00000000    
   516.500000       0.00000000    
   517.000000       0.00000000    
   517.500000       0.00000000    
   518.000000       0.00000000    
   518.500000       0.00000000    
   519.000000       0.00000000    
   519.500000       0.00000000    
   520.000000       0.00000000    
   520.500000       0.00000000    
   521.000000       0.00000000    
   521.500000       0.00000000    
   522.000000       0.00000000    
   522.500000       0.00000000    
   523.000000       0.00000000    
   523.500000       0.00000000    
   524.000000       0.00000000    
   524.500000       0.00000000    
   525.000000       0.00000000    
   525.500000       0.00000000    
   526.000000       0.00000000    
   526.500000       0.00000000    
   527.000000       0.00000000    
   527.500000       0.00000000    
   528.000000       0.00000000    
   528.500000       0.00000000    
   529.000000       0.00000000    
   529.500000       0.00000000    
   530.000000       0.00000000    
   530.500000       0.00000000    
   531.000000       0.00000000    
   531.500000       0.00000000    
   532.000000       0.00000000    
   532.500000       0.00000000    
   533.000000       0.00000000    
   533.500000       0.00000000    
   534.000000       0.00000000    
   534.500000       0.00000000    
   535.000000       0.00000000    
   535.500000       0.00000000    
   536.000000       0.00000000    
   536.500000       0.00000000    
   537.000000       0.00000000    
   537.500000       0.00000000    
   538.000000       0.00000000    
   538.500000       0.00000000    
   539.000000       0.00000000    
   539.500000       0.00000000    
   540.000000       0.00000000    
   540.500000       0.00000000    
   541.000000       0.00000000    
   541.500000       0.00000000    
   542.000000       0.00000000    
   542.500000       0.00000000    
   543.000000       0.00000000    
   543.500000       0.00000000    
   544.000000       0.00000000    
   544.500000       0.00000000    
   545.000000       0.00000000    
   545.500000       0.00000000    
   546.000000       0.00000000    
   546.500000       0.00000000    
   547.000000       0.00000000    
   547.500000       0.00000000    
   548.000000       0.00000000    
   548.500000       0.00000000    
   549.000000       0.00000000    
   549.500000       0.00000000    
   550.000000       0.00000000    
   550.500000       0.00000000    
   551.000000       0.00000000    
   551.500000       0.00000000    
   552.000000       0.00000000    
   552.500000       0.00000000    
   553.000000       0.00000000    
   553.500000       0.00000000    
   554.000000       0.00000000    
   554.500000       0.00000000    
   555.000000       0.00000000    
   555.500000       0.00000000    
   556.000000       0.00000000    
   556.500000       0.00000000    
   557.000000       0.00000000    
   557.500000       0.00000000    
   558.000000       0.00000000    
   558.500000       0.00000000    
   559.000000       0.00000000    
   559.500000       0.00000000    
   560.000000       0.00000000    
   560.500000       0.00000000    
   561.000000       0.00000000    
   561.500000       0.00000000    
   562.000000       0.00000000    
   562.500000       0.00000000    
   563.000000       0.00000000    
   563.500000       0.00000000    
   564.000000       0.00000000    
   564.500000       0.00000000    
   565.000000       0.00000000    
   565.500000       0.00000000    
   566.000000       0.00000000    
   566.500000       0.00000000    
   567.000000       0.00000000    
   567.500000       0.00000000    
   568.000000       0.00000000    
   568.500000       0.00000000    
   569.000000       0.00000000    
   569.500000       0.00000000    
   570.000000       0.00000000    
   570.500000       0.00000000    
   571.000000       0.00000000    
   571.500000       0.00000000    
   572.000000       0.00000000    
   572.500000       0.00000000    
   573.000000       0.00000000    
   573.500000       0.00000000    
   574.000000       0.00000000    
   574.500000       0.00000000    
   575.000000       0.00000000    
   575.500000       0.00000000    
   576.000000       0.00000000    
   576.500000       0.00000000    
   577.000000       0.00000000    
   577.500000       0.00000000    
   578.000000       0.00000000    
   578.500000       0.00000000    
   579.000000       0.00000000    
   579.500000       0.00000000    
   580.000000       0.00000000    
   580.500000       0.00000000    
   581.000000       0.00000000    
   581.500000       0.00000000    
   582.000000       0.00000000    
   582.500000       0.00000000    
   583.000000       0.00000000    
   583.500000       0.00000000    
   584.000000       0.00000000    
   584.500000       0.00000000    
   585.000000       0.00000000    
   585.500000       0.00000000    
   586.000000       0.00000000    
   586.500000       0.00000000    
   587.000000       0.00000000    
   587.500000       0.00000000    
   588.000000       0.00000000    
   588.500000       0.00000000    
   589.000000       0.00000000    
   589.500000       0.00000000    
   590.000000       0.00000000    
   590.500000       0.00000000    
   591.000000       0.00000000    
   591.500000       0.00000000    
   592.000000       0.00000000    
   592.500000       0.00000000    
   593.000000       0.00000000    
   593.500000       0.00000000    
   594.000000       0.00000000    
   594.500000       0.00000000    
   595.000000       0.00000000    
   595.500000       0.00000000    
   596.000000       0.00000000    
   596.500000       0.00000000    
   597.000000       0.00000000    
   597.500000       0.00000000    
   598.000000       0.00000000    
   598.500000       0.00000000    
   599.000000       0.00000000    
   599.500000       0.00000000    
   600.000000       0.00000000    
   600.500000       0.00000000    
   601.000000       0.00000000    
   601.500000       0.00000000    
   602.000000       0.00000000    
   602.500000       0.00000000    
   603.000000       0.00000000    
   603.500000       0.00000000    
   604.000000       0.00000000    
   604.500000       0.00000000    
   605.000000       0.00000000    
   605.500000       0.00000000    
   606.000000       0.00000000    
   606.500000       0.00000000    
   607.000000       0.00000000    
   607.500000       0.00000000    
   608.000000       0.00000000    
   608.500000       0.00000000    
   609.000000       0.00000000    
   609.500000       0.00000000    
   610.000000       0.00000000    
   610.500000       0.00000000    
   611.000000       0.00000000    
   611.500000       0.00000000    
   612.000000       0.00000000    
   612.500000       0.00000000    
   613.000000       0.00000000    
   613.500000       0.00000000    
   614.000000       0.00000000    
   614.500000       0.00000000    
   615.000000       0.00000000    
   615.500000       0.00000000    
   616.000000       0.00000000    
   616.500000       0.00000000    
   617.000000       0.00000000    
   617.500000       0.00000000    
   618.000000       0.00000000    
   618.500000       0.00000000    
   619.000000       0.00000000    
   619.500000       0.00000000    
   620.000000       0.00000000    
   620.500000       0.00000000    
   621.000000       0.00000000    
   621.500000       0.00000000    
   622.000000       0.00000000    
   622.500000       0.00000000    
   623.000000       0.00000000    
   623.500000       0.00000000    
   624.000000       0.00000000    
   624.500000       0.00000000    
   625.000000       0.00000000    
   625.500000       0.00000000    
   626.000000       0.00000000    
   626.500000       0.00000000    
   627.000000       0.00000000    
   627.500000       0.00000000    
   628.000000       0.00000000    
   628.500000       0.00000000    
   629.000000       0.00000000    
   629.500000       0.00000000    
   630.000000       0.00000000    
   630.500000       0.00000000    
   631.000000       0.00000000    
   631.500000       0.00000000    
   632.000000       0.00000000    
   632.500000       0.00000000    
   633.000000       0.00000000    
   633.500000       0.00000000    
   634.000000       0.00000000    
   634.500000       0.00000000    
   635.000000       0.00000000    
   635.500000       0.00000000    
   636.000000       0.00000000    
   636.500000       0.00000000    
   637.000000       0.00000000    
   637.500000       0.00000000    
   638.000000       0.00000000    
   638.500000       0.00000000    
   639.000000       0.00000000    
   639.500000       0.00000000    
   640.000000       0.00000000    
   640.500000       0.00000000    
   641.000000       0.00000000    
   641.500000       0.00000000    
   642.000000       0.00000000    
   642.500000       0.00000000    
   643.000000       0.00000000    
   643.500000       0.00000000    
   644.000000       0.00000000    
   644.500000       0.00000000    
   645.000000       0.00000000    
   645.500000       0.00000000    
   646.000000       0.00000000    
   646.500000       0.00000000    
   647.000000       0.00000000    
   647.500000       0.00000000    
   648.000000       0.00000000    
   648.500000       0.00000000    
   649.000000       0.00000000    
   649.500000       0.00000000    
   650.000000       0.00000000    
   650.500000       0.00000000    
   651.000000       0.00000000    
   651.500000       0.00000000    
   652.000000       0.00000000    
   652.500000       0.00000000    
   653.000000       0.00000000    
   653.500000       0.00000000    
   654.000000       0.00000000    
   654.500000       0.00000000    
   655.000000       0.00000000    
   655.500000       0.00000000    
   656.000000       0.00000000    
   656.500000       0.00000000    
   657.000000       0.00000000    
   657.500000       0.00000000    
   658.000000       0.00000000    
   658.500000       0.00000000    
   659.000000       0.00000000    
   659.500000       0.00000000    
   660.000000       0.00000000    
   660.500000       0.00000000    
   661.000000       0.00000000    
   661.500000       0.00000000    
   662.000000       0.00000000    
   662.500000       0.00000000    
   663.000000       0.00000000    
   663.500000       0.00000000    
   664.000000       0.00000000    
   664.500000       0.00000000    
   665.000000       0.00000000    
   665.500000       0.00000000    
   666.000000       0.00000000    
   666.500000       0.00000000    
   667.000000       0.00000000    
   667.500000       0.00000000    
   668.000000       0.00000000    
   668.500000       0.00000000    
   669.000000       0.00000000    
   669.500000       0.00000000    
   670.000000       0.00000000    
   670.500000       0.00000000    
   671.000000       0.00000000    
   671.500000       0.00000000    
   672.000000       0.00000000    
   672.500000       0.00000000    
   673.000000       0.00000000    
   673.500000       0.00000000    
   674.000000       0.00000000    
   674.500000       0.00000000    
   675.000000       0.00000000    
   675.500000       0.00000000    
   676.000000       0.00000000    
   676.500000       0.00000000    
   677.000000       0.00000000    
   677.500000       0.00000000    
   678.000000       0.00000000    
   678.500000       0.00000000    
   679.000000       0.00000000    
   679.500000       0.00000000    
   680.000000       0.00000000    
   680.500000       0.00000000    
   681.000000       0.00000000    
   681.500000       0.00000000    
   682.000000       0.00000000    
   682.500000       0.00000000    
   683.000000       0.00000000    
   683.500000       0.00000000    
   684.000000       0.00000000    
   684.500000       0.00000000    
   685.000000       0.00000000    
   685.500000       0.00000000    
   686.000000       0.00000000    
   686.500000       0.00000000    
   687.000000       0.00000000    
   687.500000       0.00000000    
   688.000000       0.00000000    
   688.500000       0.00000000    
   689.000000       0.00000000    
   689.500000       0.00000000    
   690.000000       0.00000000    
   690.500000       0.00000000    
   691.000000       0.00000000    
   691.500000       0.00000000    
   692.000000       0.00000000    
   692.500000       0.00000000    
   693.000000       0.00000000    
   693.500000       0.00000000    
   694.000000       0.00000000    
   694.500000       0.00000000    
   695.000000       0.00000000    
   695.500000       0.00000000    
   696.000000       0.00000000    
   696.500000       0.00000000    
   697.000000       0.00000000    
   697.500000       0.00000000    
   698.000000       0.00000000    
   698.500000       0.00000000    
   699.000000       0.00000000    
   699.500000       0.00000000    
   700.000000       0.00000000    
   700.500000       0.00000000    
   701.000000       0.00000000    
   701.500000       0.00000000    
   702.000000       0.00000000    
   702.500000       0.00000000    
   703.000000       0.00000000    
   703.500000       0.00000000    
   704.000000       0.00000000    
   704.500000       0.00000000    
   705.000000       0.00000000    
   705.500000       0.00000000    
   706.000000       0.00000000    
   706.500000       0.00000000    
   707.000000       0.00000000    
   707.500000       0.00000000    
   708.000000       0.00000000    
   708.500000       0.00000000    
   709.000000       0.00000000    
   709.500000       0.00000000    
   710.000000       0.00000000    
   710.500000       0.00000000    
   711.000000       0.00000000    
   711.500000       0.00000000    
   712.000000       0.00000000    
   712.500000       0.00000000    
   713.000000       0.00000000    
   713.500000       0.00000000    
   714.000000       0.00000000    
   714.500000       0.00000000    
   715.000000       0.00000000    
   715.500000       0.00000000    
   716.000000       0.00000000    
   716.500000       0.00000000    
   717.000000       0.00000000    
   717.500000       0.00000000    
   718.000000       0.00000000    
   718.500000       0.00000000    
   719.000000       0.00000000    
   719.500000       0.00000000    
   720.000000       0.00000000    
   720.500000       0.00000000    
   721.000000       0.00000000    
   721.500000       0.00000000    
   722.000000       0.00000000    
   722.500000       0.00000000    
   723.000000       0.00000000    
   723.500000       0.00000000    
   724.000000       0.00000000    
   724.500000       0.00000000    
   725.000000       0.00000000    
   725.500000       0.00000000    
   726.000000       0.00000000    
   726.500000       0.00000000    
   727.000000       0.00000000    
   727.500000       0.00000000    
   728.000000       0.00000000    
   728.500000       0.00000000    
   729.000000       0.00000000    
   729.500000       0.00000000    
   730.000000       0.00000000    
   730.500000       0.00000000    
   731.000000       0.00000000    
   731.500000       0.00000000    
   732.000000       0.00000000    
   732.500000       0.00000000    
   733.000000       0.00000000    
   733.500000       0.00000000    
   734.000000       0.00000000    
   734.500000       0.00000000    
   735.000000       0.00000000    
   735.500000       0.00000000    
   736.000000       0.00000000    
   736.500000       0.00000000    
   737.000000       0.00000000    
   737.500000       0.00000000    
   738.000000       0.00000000    
   738.500000       0.00000000    
   739.000000       0.00000000    
   739.500000       0.00000000    
   740.000000       0.00000000    
   740.500000       0.00000000    
   741.000000       0.00000000    
   741.500000       0.00000000    
   742.000000       0.00000000    
   742.500000       0.00000000    
   743.000000       0.00000000    
   743.500000       0.00000000    
   744.000000       0.00000000    
   744.500000       0.00000000    
   745.000000       0.00000000    
   745.500000       0.00000000    
   746.000000       0.00000000    
   746.500000       0.00000000    
   747.000000       0.00000000    
   747.500000       0.00000000    
   748.000000       0.00000000    
   748.500000       0.00000000    
   749.000000       0.00000000    
   749.500000       0.00000000    
   750.000000       0.00000000    
   750.500000       0.00000000    
   751.000000       0.00000000    
   751.500000       0.00000000    
   752.000000       0.00000000    
   752.500000       0.00000000    
   753.000000       0.00000000    
   753.500000       0.00000000    
   754.000000       0.00000000    
   754.500000       0.00000000    
   755.000000       0.00000000    
   755.500000       0.00000000    
   756.000000       0.00000000    
   756.500000       0.00000000    
   757.000000       0.00000000    
   757.500000       0.00000000    
   758.000000       0.00000000    
   758.500000       0.00000000    
   759.000000       0.00000000    
   759.500000       0.00000000    
   760.000000       0.00000000    
   760.500000       0.00000000    
   761.000000       0.00000000    
   761.500000       0.00000000    
   762.000000       0.00000000    
   762.500000       0.00000000    
   763.000000       0.00000000    
   763.500000       0.00000000    
   764.000000       0.00000000    
   764.500000       0.00000000    
   765.000000       0.00000000    
   765.500000       0.00000000    
   766.000000       0.00000000    
   766.500000       0.00000000    
   767.000000       0.00000000    
   767.500000       0.00000000    
   768.000000       0.00000000    
   768.500000       0.00000000    
   769.000000       0.00000000    
   769.500000       0.00000000    
   770.000000       0.00000000    
   770.500000       0.00000000    
   771.000000       0.00000000    
   771.500000       0.00000000    
   772.000000       0.00000000    
   772.500000       0.00000000    
   773.000000       0.00000000    
   773.500000       0.00000000    
   774.000000       0.00000000    
   774.500000       0.00000000    
   775.000000       0.00000000    
   775.500000       0.00000000    
   776.000000       0.00000000    
   776.500000       0.00000000    
   777.000000       0.00000000    
   777.500000       0.00000000    
   778.000000       0.00000000    
   778.500000       0.00000000    
   779.000000       0.00000000    
   779.500000       0.00000000    
   780.000000       0.00000000    
   780.500000       0.00000000    
   781.000000       0.00000000    
   781.500000       0.00000000    
   782.000000       0.00000000    
   782.500000       0.00000000    
   783.000000       0.00000000    
   783.500000       0.00000000    
   784.000000       0.00000000    
   784.500000       0.00000000    
   785.000000       0.00000000    
   785.500000       0.00000000    
   786.000000       0.00000000    
   786.500000       0.00000000    
   787.000000       0.00000000    
   787.500000       0.00000000    
   788.000000       0.00000000    
   788.500000       0.00000000    
   789.000000       0.00000000    
   789.500000       0.00000000    
   790.000000       0.00000000    
   790.500000       0.00000000    
   791.000000       0.00000000    
   791.500000       0.00000000    
   792.000000       0.00000000    
   792.500000       0.00000000    
   793.000000       0.00000000    
   793.500000       0.00000000    
   794.000000       0.00000000    
   794.500000       0.00000000    
   795.000000       0.00000000    
   795.500000       0.00000000    
   796.000000       0.00000000    
   796.500000       0.00000000    
   797.000000       0.00000000    
   797.500000       0.00000000    
   798.000000       0.00000000    
   798.500000       0.00000000    
   799.000000       0.00000000    
   799.500000       0.00000000    
   800.000000       0.00000000    
   800.500000       0.00000000    
   801.000000       0.00000000    
   801.500000       0.00000000    
   802.000000       0.00000000    
   802.500000       0.00000000    
   803.000000       0.00000000    
   803.500000       0.00000000    
   804.000000       0.00000000    
   804.500000       0.00000000    
   805.000000       0.00000000    
   805.500000       0.00000000    
   806.000000       0.00000000    
   806.500000       0.00000000    
   807.000000       0.00000000    
   807.500000       0.00000000    
   808.000000       0.00000000    
   808.500000       0.00000000    
   809.000000       0.00000000    
   809.500000       0.00000000    
   810.000000       0.00000000    
   810.500000       0.00000000    
   811.000000       0.00000000    
   811.500000       0.00000000    
   812.000000       0.00000000    
   812.500000       0.00000000    
   813.000000       0.00000000    
   813.500000       0.00000000    
   814.000000       0.00000000    
   814.500000       0.00000000    
   815.000000       0.00000000    
   815.500000       0.00000000    
   816.000000       0.00000000    
   816.500000       0.00000000    
   817.000000       0.00000000    
   817.500000       0.00000000    
   818.000000       0.00000000    
   818.500000       0.00000000    
   819.000000       0.00000000    
   819.500000       0.00000000    
   820.000000       0.00000000    
   820.500000       0.00000000    
   821.000000       0.00000000    
   821.500000       0.00000000    
   822.000000       0.00000000    
   822.500000       0.00000000    
   823.000000       0.00000000    
   823.500000       0.00000000    
   824.000000       0.00000000    
   824.500000       0.00000000    
   825.000000       0.00000000    
   825.500000       0.00000000    
   826.000000       0.00000000    
   826.500000       0.00000000    
   827.000000       0.00000000    
   827.500000       0.00000000    
   828.000000       0.00000000    
   828.500000       0.00000000    
   829.000000       0.00000000    
   829.500000       0.00000000    
   830.000000       0.00000000    
   830.500000       0.00000000    
   831.000000       0.00000000    
   831.500000       0.00000000    
   832.000000       0.00000000    
   832.500000       0.00000000    
   833.000000       0.00000000    
   833.500000       0.00000000    
   834.000000       0.00000000    
   834.500000       0.00000000    
   835.000000       0.00000000    
   835.500000       0.00000000    
   836.000000       0.00000000    
   836.500000       0.00000000    
   837.000000       0.00000000    
   837.500000       0.00000000    
   838.000000       0.00000000    
   838.500000       0.00000000    
   839.000000       0.00000000    
   839.500000       0.00000000    
   840.000000       0.00000000    
   840.500000       0.00000000    
   841.000000       0.00000000    
   841.500000       0.00000000    
   842.000000       0.00000000    
   842.500000       0.00000000    
   843.000000       0.00000000    
   843.500000       0.00000000    
   844.000000       0.00000000    
   844.500000       0.00000000    
   845.000000       0.00000000    
   845.500000       0.00000000    
   846.000000       0.00000000    
   846.500000       0.00000000    
   847.000000       0.00000000    
   847.500000       0.00000000    
   848.000000       0.00000000    
   848.500000       0.00000000    
   849.000000       0.00000000    
   849.500000       0.00000000    
   850.000000       0.00000000    
   850.500000       0.00000000    
   851.000000       0.00000000    
   851.500000       0.00000000    
   852.000000       0.00000000    
   852.500000       0.00000000    
   853.000000       0.00000000    
   853.500000       0.00000000    
   854.000000       0.00000000    
   854.500000       0.00000000    
   855.000000       0.00000000    
   855.500000       0.00000000    
   856.000000       0.00000000    
   856.500000       0.00000000    
   857.000000       0.00000000    
   857.500000       0.00000000    
   858.000000       0.00000000    
   858.500000       0.00000000    
   859.000000       0.00000000    
   859.500000       0.00000000    
   860.000000       0.00000000    
   860.500000       0.00000000    
   861.000000       0.00000000    
   861.500000       0.00000000    
   862.000000       0.00000000    
   862.500000       0.00000000    
   863.000000       0.00000000    
   863.500000       0.00000000    
   864.000000       0.00000000    
   864.500000       0.00000000    
   865.000000       0.00000000    
   865.500000       0.00000000    
   866.000000       0.00000000    
   866.500000       0.00000000    
   867.000000       0.00000000    
   867.500000       0.00000000    
   868.000000       0.00000000    
   868.500000       0.00000000    
   869.000000       0.00000000    
   869.500000       0.00000000    
   870.000000       0.00000000    
   870.500000       0.00000000    
   871.000000       0.00000000    
   871.500000       0.00000000    
   872.000000       0.00000000    
   872.500000       0.00000000    
   873.000000       0.00000000    
   873.500000       0.00000000    
   874.000000       0.00000000    
   874.500000       0.00000000    
   875.000000       0.00000000    
   875.500000       0.00000000    
   876.000000       0.00000000    
   876.500000       0.00000000    
   877.000000       0.00000000    
   877.500000       0.00000000    
   878.000000       0.00000000    
   878.500000       0.00000000    
   879.000000       0.00000000    
   879.500000       0.00000000    
   880.000000       0.00000000    
   880.500000       0.00000000    
   881.000000       0.00000000    
   881.500000       0.00000000    
   882.000000       0.00000000    
   882.500000       0.00000000    
   883.000000       0.00000000    
   883.500000       0.00000000    
   884.000000       0.00000000    
   884.500000       0.00000000    
   885.000000       0.00000000    
   885.500000       0.00000000    
   886.000000       0.00000000    
   886.500000       0.00000000    
   887.000000       0.00000000    
   887.500000       0.00000000    
   888.000000       0.00000000    
   888.500000       0.00000000    
   889.000000       0.00000000    
   889.500000       0.00000000    
   890.000000       0.00000000    
   890.500000       0.00000000    
   891.000000       0.00000000    
   891.500000       0.00000000    
   892.000000       0.00000000    
   892.500000       0.00000000    
   893.000000       0.00000000    
   893.500000       0.00000000    
   894.000000       0.00000000    
   894.500000       0.00000000    
   895.000000       0.00000000    
   895.500000       0.00000000    
   896.000000       0.00000000    
   896.500000       0.00000000    
   897.000000       0.00000000    
   897.500000       0.00000000    
   898.000000       0.00000000    
   898.500000       0.00000000    
   899.000000       0.00000000    
   899.500000       0.00000000    
   900.000000       0.00000000    
   900.500000       0.00000000    
   901.000000       0.00000000    
   901.500000       0.00000000    
   902.000000       0.00000000    
   902.500000       0.00000000    
   903.000000       0.00000000    
   903.500000       0.00000000    
   904.000000       0.00000000    
   904.500000       0.00000000    
   905.000000       0.00000000    
   905.500000       0.00000000    
   906.000000       0.00000000    
   906.500000       0.00000000    
   907.000000       0.00000000    
   907.500000       0.00000000    
   908.000000       0.00000000    
   908.500000       0.00000000    
   909.000000       0.00000000    
   909.500000       0.00000000    
   910.000000       0.00000000    
   910.500000       0.00000000    
   911.000000       0.00000000    
   911.500000       0.00000000    
   912.000000       0.00000000    
   912.500000       0.00000000    
   913.000000       0.00000000    
   913.500000       0.00000000    
   914.000000       0.00000000    
   914.500000       0.00000000    
   915.000000       0.00000000    
   915.500000       0.00000000    
   916.000000       0.00000000    
   916.500000       0.00000000    
   917.000000       0.00000000    
   917.500000       0.00000000    
   918.000000       0.00000000    
   918.500000       0.00000000    
   919.000000       0.00000000    
   919.500000       0.00000000    
   920.000000       0.00000000    
   920.500000       0.00000000    
   921.000000       0.00000000    
   921.500000       0.00000000    
   922.000000       0.00000000    
   922.500000       0.00000000    
   923.000000       0.00000000    
   923.500000       0.00000000    
   924.000000       0.00000000    
   924.500000       0.00000000    
   925.000000       0.00000000    
   925.500000       0.00000000    
   926.000000       0.00000000    
   926.500000       0.00000000    
   927.000000       0.00000000    
   927.500000       0.00000000    
   928.000000       0.00000000    
   928.500000       0.00000000    
   929.000000       0.00000000    
   929.500000       0.00000000    
   930.000000       0.00000000    
   930.500000       0.00000000    
   931.000000       0.00000000    
   931.500000       0.00000000    
   932.000000       0.00000000    
   932.500000       0.00000000    
   933.000000       0.00000000    
   933.500000       0.00000000    
   934.000000       0.00000000    
   934.500000       0.00000000    
   935.000000       0.00000000    
   935.500000       0.00000000    
   936.000000       0.00000000    
   936.500000       0.00000000    
   937.000000       0.00000000    
   937.500000       0.00000000    
   938.000000       0.00000000    
   938.500000       0.00000000    
   939.000000       0.00000000    
   939.500000       0.00000000    
   940.000000       0.00000000    
   940.500000       0.00000000    
   941.000000       0.00000000    
   941.500000       0.00000000    
   942.000000       0.00000000    
   942.500000       0.00000000    
   943.000000       0.00000000    
   943.500000       0.00000000    
   944.000000       0.00000000    
   944.500000       0.00000000    
   945.000000       0.00000000    
   945.500000       0.00000000    
   946.000000       0.00000000    
   946.500000       0.00000000    
   947.000000       0.00000000    
   947.500000       0.00000000    
   948.000000       0.00000000    
   948.500000       0.00000000    
   949.000000       0.00000000    
   949.500000       0.00000000    
   950.000000       0.00000000    
   950.500000       0.00000000    
   951.000000       0.00000000    
   951.500000       0.00000000    
   952.000000       0.00000000    
   952.500000       0.00000000    
   953.000000       0.00000000    
   953.500000       0.00000000    
   954.000000       0.00000000    
   954.500000       0.00000000    
   955.000000       0.00000000    
   955.500000       0.00000000    
   956.000000       0.00000000    
   956.500000       0.00000000    
   957.000000       0.00000000    
   957.500000       0.00000000    
   958.000000       0.00000000    
   958.500000       0.00000000    
   959.000000       0.00000000    
   959.500000       0.00000000    
   960.000000       0.00000000    
   960.500000       0.00000000    
   961.000000       0.00000000    
   961.500000       0.00000000    
   962.000000       0.00000000    
   962.500000       0.00000000    
   963.000000       0.00000000    
   963.500000       0.00000000    
   964.000000       0.00000000    
   964.500000       0.00000000    
   965.000000       0.00000000    
   965.500000       0.00000000    
   966.000000       0.00000000    
   966.500000       0.00000000    
   967.000000       0.00000000    
   967.500000       0.00000000    
   968.000000       0.00000000    
   968.500000       0.00000000    
   969.000000       0.00000000    
   969.500000       0.00000000    
   970.000000       0.00000000    
   970.500000       0.00000000    
   971.000000       0.00000000    
   971.500000       0.00000000    
   972.000000       0.00000000    
   972.500000       0.00000000    
   973.000000       0.00000000    
   973.500000       0.00000000    
   974.000000       0.00000000    
   974.500000       0.00000000    
   975.000000       0.00000000    
   975.500000       0.00000000    
   976.000000       0.00000000    
   976.500000       0.00000000    
   977.000000       0.00000000    
   977.500000       0.00000000    
   978.000000       0.00000000    
   978.500000       0.00000000    
   979.000000       0.00000000    
   979.500000       0.00000000    
   980.000000       0.00000000    
   980.500000       0.00000000    
   981.000000       0.00000000    
   981.500000       0.00000000    
   982.000000       0.00000000    
   982.500000       0.00000000    
   983.000000       0.00000000    
   983.500000       0.00000000    
   984.000000       0.00000000    
   984.500000       0.00000000    
   985.000000       0.00000000    
   985.500000       0.00000000    
   986.000000       0.00000000    
   986.500000       0.00000000    
   987.000000       0.00000000    
   987.500000       0.00000000    
   988.000000       0.00000000    
   988.500000       0.00000000    
   989.000000       0.00000000    
   989.500000       0.00000000    
   990.000000       0.00000000    
   990.500000       0.00000000    
   991.000000       0.00000000    
   991.500000       0.00000000    
   992.000000       0.00000000    
   992.500000       0.00000000    
   993.000000       0.00000000    
   993.500000       0.00000000    
   994.000000       0.00000000    
   994.500000       0.00000000    
   995.000000       0.00000000    
   995.500000       0.00000000    
   996.000000       0.00000000    
   996.500000       0.00000000    
   997.000000       0.00000000    
   997.500000       0.00000000    
   998.000000       0.00000000    
   998.500000       0.00000000    
   999.000000       0.00000000    
   999.500000       0.00000000    
   1000.00000       0.00000000    
