 -0.250000000       3.07591632E-04
  0.250000000       3.07591632E-04
  0.750000000       4.99835412E-04
   1.25000000       2.38200603E-03
   1.75000000       6.04901928E-03
   2.25000000       1.12281349E-02
   2.75000000       1.76553447E-02
   3.25000000       2.48182975E-02
   3.75000000       3.28429490E-02
   4.25000000       4.13688943E-02
   4.75000000       5.03970943E-02
   5.25000000       5.98031208E-02
   5.75000000       6.94308206E-02
   6.25000000       7.93256238E-02
   6.75000000       8.92360583E-02
   7.25000000       9.92896780E-02
   7.75000000      0.109192349    
   8.25000000      0.119100973    
   8.75000000      0.128700912    
   9.25000000      0.138153762    
   9.75000000      0.147125930    
   10.2500000      0.155772686    
   10.7500000      0.163731381    
   11.2500000      0.171140283    
   11.7500000      0.177597880    
   12.2500000      0.183200166    
   12.7500000      0.187496886    
   13.2500000      0.190495268    
   13.7500000      0.191685989    
   14.2500000      0.190897107    
   14.7500000      0.187549099    
   15.2500000      0.181150958    
   15.7500000      0.171058282    
   16.2500000      0.156405926    
   16.7500000      0.136884719    
   17.2500000      0.112412237    
   17.7500000       8.54464322E-02
   18.2500000       5.91657944E-02
   18.7500000       3.70870158E-02
   19.2500000       2.07730085E-02
   19.7500000       9.57650971E-03
   20.2500000       3.11801722E-03
   20.7500000       5.21553913E-04
   21.2500000      -4.07237458E-05
   21.7500000      -3.44899527E-05
   22.2500000      -1.97723784E-06
   22.7500000       1.46994614E-06
   23.2500000       1.23556347E-07
   23.7500000      -6.17723543E-08
   24.2500000      -2.65770916E-09
   24.7500000       2.47122545E-09
   25.2500000      -9.73434250E-11
   25.7500000      -7.61010213E-11
   26.2500000       1.15291526E-11
   26.7500000       1.05148377E-12
   27.2500000      -4.98949081E-13
   27.7500000       3.88474416E-14
   28.2500000       8.90008180E-15
   28.7500000      -2.52414061E-15
   29.2500000       1.65004943E-16
   29.7500000       4.13475130E-17
   30.2500000      -1.17382463E-17
   30.7500000       1.03284563E-18
   31.2500000       1.13171000E-19
   31.7500000      -4.78675785E-20
   32.2500000       6.42705038E-21
   32.7500000      -8.29391947E-23
   33.2500000      -1.40036909E-22
   33.7500000       3.04600621E-23
   34.2500000      -2.95414604E-24
   34.7500000      -9.70930988E-26
   35.2500000       8.87879959E-26
   35.7500000      -1.66947712E-26
   36.2500000       1.58347610E-27
   36.7500000       2.97574232E-29
   37.2500000      -4.15447524E-29
   37.7500000       8.50134517E-30
   38.2500000      -9.84646072E-31
   38.7500000       3.70999917E-32
   39.2500000       1.26470056E-32
   39.7500000      -3.64105224E-33
   40.2500000       5.61962294E-34
   40.7500000      -5.25830192E-35
   41.2500000       4.66850767E-37
   41.7500000       9.68928877E-37
   42.2500000      -2.33549326E-37
   42.7500000       3.46614090E-38
   43.2500000      -3.39408641E-39
   43.7500000       1.03270092E-40
   44.2500000       4.29343836E-41
   44.7500000      -1.21324421E-41
   45.2500000       2.02487628E-42
   45.7500000      -2.45227231E-43
   46.2500000       1.96181785E-44
   46.7500000       1.40129846E-45
   47.2500000       0.00000000    
   47.7500000       0.00000000    
   48.2500000       0.00000000    
   48.7500000       0.00000000    
   49.2500000       0.00000000    
   49.7500000       0.00000000    
   50.2500000       0.00000000    
   50.7500000       0.00000000    
   51.2500000       0.00000000    
   51.7500000       0.00000000    
   52.2500000       0.00000000    
   52.7500000       0.00000000    
   53.2500000       0.00000000    
   53.7500000       0.00000000    
   54.2500000       0.00000000    
   54.7500000       0.00000000    
   55.2500000       0.00000000    
   55.7500000       0.00000000    
   56.2500000       0.00000000    
   56.7500000       0.00000000    
   57.2500000       0.00000000    
   57.7500000       0.00000000    
   58.2500000       0.00000000    
   58.7500000       0.00000000    
   59.2500000       0.00000000    
   59.7500000       0.00000000    
   60.2500000       0.00000000    
   60.7500000       0.00000000    
   61.2500000       0.00000000    
   61.7500000       0.00000000    
   62.2500000       0.00000000    
   62.7500000       0.00000000    
   63.2500000       0.00000000    
   63.7500000       0.00000000    
   64.2500000       0.00000000    
   64.7500000       0.00000000    
   65.2500000       0.00000000    
   65.7500000       0.00000000    
   66.2500000       0.00000000    
   66.7500000       0.00000000    
   67.2500000       0.00000000    
   67.7500000       0.00000000    
   68.2500000       0.00000000    
   68.7500000       0.00000000    
   69.2500000       0.00000000    
   69.7500000       0.00000000    
   70.2500000       0.00000000    
   70.7500000       0.00000000    
   71.2500000       0.00000000    
   71.7500000       0.00000000    
   72.2500000       0.00000000    
   72.7500000       0.00000000    
   73.2500000       0.00000000    
   73.7500000       0.00000000    
   74.2500000       0.00000000    
   74.7500000       0.00000000    
   75.2500000       0.00000000    
   75.7500000       0.00000000    
   76.2500000       0.00000000    
   76.7500000       0.00000000    
   77.2500000       0.00000000    
   77.7500000       0.00000000    
   78.2500000       0.00000000    
   78.7500000       0.00000000    
   79.2500000       0.00000000    
   79.7500000       0.00000000    
   80.2500000       0.00000000    
   80.7500000       0.00000000    
   81.2500000       0.00000000    
   81.7500000       0.00000000    
   82.2500000       0.00000000    
   82.7500000       0.00000000    
   83.2500000       0.00000000    
   83.7500000       0.00000000    
   84.2500000       0.00000000    
   84.7500000       0.00000000    
   85.2500000       0.00000000    
   85.7500000       0.00000000    
   86.2500000       0.00000000    
   86.7500000       0.00000000    
   87.2500000       0.00000000    
   87.7500000       0.00000000    
   88.2500000       0.00000000    
   88.7500000       0.00000000    
   89.2500000       0.00000000    
   89.7500000       0.00000000    
   90.2500000       0.00000000    
   90.7500000       0.00000000    
   91.2500000       0.00000000    
   91.7500000       0.00000000    
   92.2500000       0.00000000    
   92.7500000       0.00000000    
   93.2500000       0.00000000    
   93.7500000       0.00000000    
   94.2500000       0.00000000    
   94.7500000       0.00000000    
   95.2500000       0.00000000    
   95.7500000       0.00000000    
   96.2500000       0.00000000    
   96.7500000       0.00000000    
   97.2500000       0.00000000    
   97.7500000       0.00000000    
   98.2500000       0.00000000    
   98.7500000       0.00000000    
   99.2500000       0.00000000    
   99.7500000       0.00000000    
   100.250000       0.00000000    
