   0.00000000       0.00000000    
  0.500000000       2.55508960E-04
   1.00000000       7.81605253E-04
   1.50000000       2.99189612E-03
   2.00000000       7.20339222E-03
   2.50000000       1.26140304E-02
   3.00000000       1.91949587E-02
   3.50000000       2.65094992E-02
   4.00000000       3.44647504E-02
   4.50000000       4.30014282E-02
   5.00000000       5.18180504E-02
   5.50000000       6.10564798E-02
   6.00000000       7.03602210E-02
   6.50000000       7.99166486E-02
   7.00000000       8.93965140E-02
   7.50000000       9.89659280E-02
   8.00000000      0.108338445    
   8.50000000      0.117647707    
   9.00000000      0.126633242    
   9.50000000      0.135407344    
   10.0000000      0.143706694    
   10.5000000      0.151637584    
   11.0000000      0.158901006    
   11.5000000      0.165609404    
   12.0000000      0.171395704    
   12.5000000      0.176375359    
   13.0000000      0.180081561    
   13.5000000      0.182607934    
   14.0000000      0.183353484    
   14.5000000      0.182314590    
   15.0000000      0.178725794    
   15.5000000      0.172334895    
   16.0000000      0.162213147    
   16.5000000      0.147741094    
   17.0000000      0.128316164    
   17.5000000      0.104145378    
   18.0000000       7.78657794E-02
   18.5000000       5.27151302E-02
   19.0000000       3.22444737E-02
   19.5000000       1.73609518E-02
   20.0000000       7.38739921E-03
   20.5000000       2.06367671E-03
   21.0000000       2.15450476E-04
   21.5000000      -6.74386465E-05
   22.0000000      -2.21981918E-05
   22.5000000       1.15807848E-06
   23.0000000       1.10755366E-06
   23.5000000      -3.53089398E-08
   24.0000000      -4.58782772E-08
   24.5000000       3.39246098E-09
   25.0000000       1.52433710E-09
   25.5000000      -2.51325544E-10
   26.0000000      -2.83656501E-11
   26.5000000       1.17085803E-11
   27.0000000      -5.40269435E-13
   27.5000000      -2.97609268E-13
   28.0000000       5.97926521E-14
   28.5000000      -2.41608948E-16
   29.0000000      -1.70907161E-15
   29.5000000       2.92483785E-16
   30.0000000      -2.85868657E-18
   30.5000000      -7.49343661E-18
   31.0000000       1.44941627E-18
   31.5000000      -7.44900375E-20
   32.0000000      -2.32510454E-20
   32.5000000       6.43797336E-21
   33.0000000      -6.96290893E-22
   33.5000000      -1.84828217E-23
   34.0000000       2.07358810E-23
   34.5000000      -3.85516758E-24
   35.0000000       3.17117745E-25
   35.5000000       2.30271025E-26
   36.0000000      -1.22702453E-26
   36.5000000       2.12547670E-27
   37.0000000      -1.85678184E-28
   37.5000000      -6.79940088E-30
   38.0000000       5.62091757E-30
   38.5000000      -1.10320690E-30
   39.0000000       1.25129469E-31
   39.5000000      -4.44636689E-33
   40.0000000      -1.66508940E-33
   40.5000000       4.73796911E-34
   41.0000000      -7.35408379E-35
   41.5000000       7.04336930E-36
   42.0000000      -1.05871372E-37
   42.5000000      -1.20114887E-37
   43.0000000       3.01325945E-38
   43.5000000      -4.60956990E-39
   44.0000000       4.74696861E-40
   44.5000000      -1.95284954E-41
   45.0000000      -4.82186802E-42
   45.5000000       1.52741533E-42
   46.0000000      -2.67648007E-43
   46.5000000       3.36311631E-44
   47.0000000      -2.80259693E-45
   47.5000000       0.00000000    
   48.0000000       0.00000000    
   48.5000000       0.00000000    
   49.0000000       0.00000000    
   49.5000000       0.00000000    
   50.0000000       0.00000000    
   50.5000000       0.00000000    
   51.0000000       0.00000000    
   51.5000000       0.00000000    
   52.0000000       0.00000000    
   52.5000000       0.00000000    
   53.0000000       0.00000000    
   53.5000000       0.00000000    
   54.0000000       0.00000000    
   54.5000000       0.00000000    
   55.0000000       0.00000000    
   55.5000000       0.00000000    
   56.0000000       0.00000000    
   56.5000000       0.00000000    
   57.0000000       0.00000000    
   57.5000000       0.00000000    
   58.0000000       0.00000000    
   58.5000000       0.00000000    
   59.0000000       0.00000000    
   59.5000000       0.00000000    
   60.0000000       0.00000000    
   60.5000000       0.00000000    
   61.0000000       0.00000000    
   61.5000000       0.00000000    
   62.0000000       0.00000000    
   62.5000000       0.00000000    
   63.0000000       0.00000000    
   63.5000000       0.00000000    
   64.0000000       0.00000000    
   64.5000000       0.00000000    
   65.0000000       0.00000000    
   65.5000000       0.00000000    
   66.0000000       0.00000000    
   66.5000000       0.00000000    
   67.0000000       0.00000000    
   67.5000000       0.00000000    
   68.0000000       0.00000000    
   68.5000000       0.00000000    
   69.0000000       0.00000000    
   69.5000000       0.00000000    
   70.0000000       0.00000000    
   70.5000000       0.00000000    
   71.0000000       0.00000000    
   71.5000000       0.00000000    
   72.0000000       0.00000000    
   72.5000000       0.00000000    
   73.0000000       0.00000000    
   73.5000000       0.00000000    
   74.0000000       0.00000000    
   74.5000000       0.00000000    
   75.0000000       0.00000000    
   75.5000000       0.00000000    
   76.0000000       0.00000000    
   76.5000000       0.00000000    
   77.0000000       0.00000000    
   77.5000000       0.00000000    
   78.0000000       0.00000000    
   78.5000000       0.00000000    
   79.0000000       0.00000000    
   79.5000000       0.00000000    
   80.0000000       0.00000000    
   80.5000000       0.00000000    
   81.0000000       0.00000000    
   81.5000000       0.00000000    
   82.0000000       0.00000000    
   82.5000000       0.00000000    
   83.0000000       0.00000000    
   83.5000000       0.00000000    
   84.0000000       0.00000000    
   84.5000000       0.00000000    
   85.0000000       0.00000000    
   85.5000000       0.00000000    
   86.0000000       0.00000000    
   86.5000000       0.00000000    
   87.0000000       0.00000000    
   87.5000000       0.00000000    
   88.0000000       0.00000000    
   88.5000000       0.00000000    
   89.0000000       0.00000000    
   89.5000000       0.00000000    
   90.0000000       0.00000000    
   90.5000000       0.00000000    
   91.0000000       0.00000000    
   91.5000000       0.00000000    
   92.0000000       0.00000000    
   92.5000000       0.00000000    
   93.0000000       0.00000000    
   93.5000000       0.00000000    
   94.0000000       0.00000000    
   94.5000000       0.00000000    
   95.0000000       0.00000000    
   95.5000000       0.00000000    
   96.0000000       0.00000000    
   96.5000000       0.00000000    
   97.0000000       0.00000000    
   97.5000000       0.00000000    
   98.0000000       0.00000000    
   98.5000000       0.00000000    
   99.0000000       0.00000000    
   99.5000000       0.00000000    
   100.000000       0.00000000    
