 -0.250000000      -1.14008881E-05
  0.250000000      -1.14008881E-05
  0.750000000      -8.50990182E-06
   1.25000000      -1.47240526E-05
   1.75000000      -4.92979143E-06
   2.25000000      -1.93906562E-05
   2.75000000      -4.20044614E-07
   3.25000000      -2.52034351E-05
   3.75000000       4.77322919E-06
   4.25000000      -3.15454818E-05
   4.75000000       9.23071184E-06
   5.25000000      -3.63566796E-05
   5.75000000       1.06949929E-05
   6.25000000      -3.72877548E-05
   6.75000000       6.97647920E-06
   7.25000000      -3.28559690E-05
   7.75000000      -2.44570265E-06
   8.25000000      -2.41839189E-05
   8.75000000      -1.44479081E-05
   9.25000000      -1.59728206E-05
   9.75000000      -2.28893859E-05
   10.2500000      -1.50820742E-05
   10.7500000      -2.17780944E-05
   11.2500000      -2.56347321E-05
   11.7500000      -1.01728856E-05
   12.2500000      -4.35865149E-05
   12.7500000       2.88684168E-06
   13.2500000      -5.60335866E-05
   13.7500000       2.87240414E-06
   14.2500000      -5.05600510E-05
   14.7500000      -1.65225028E-05
   15.2500000      -2.97868210E-05
   15.7500000      -4.23159690E-05
   16.2500000      -1.49077341E-05
   16.7500000      -5.08787598E-05
   17.2500000      -2.39854380E-05
   17.7500000      -3.76140488E-05
   18.2500000      -4.36192022E-05
   18.7500000      -3.08878480E-05
   19.2500000      -4.02528312E-05
   19.7500000      -5.41858608E-05
   20.2500000      -1.53445508E-05
   20.7500000      -7.56802692E-05
   21.2500000      -2.05528231E-05
   21.7500000      -4.80668677E-05
   22.2500000      -6.97627038E-05
   22.7500000      -7.93877643E-06
   23.2500000      -8.66011833E-05
   23.7500000      -3.25116343E-05
   24.2500000      -4.18542404E-05
   24.7500000      -7.52907363E-05
   25.2500000      -3.56913952E-05
   25.7500000      -4.97644614E-05
   26.2500000      -7.10254681E-05
   26.7500000      -4.94258238E-05
   27.2500000      -3.10854775E-05
   27.7500000      -1.00267753E-04
   28.2500000      -3.25310466E-05
   28.7500000      -2.95813315E-05
   29.2500000      -1.24042432E-04
   29.7500000      -1.21854173E-05
   30.2500000      -3.91077192E-05
   30.7500000      -1.21139245E-04
   31.2500000      -2.96656490E-05
   31.7500000      -2.68037547E-05
   32.2500000      -9.13143376E-05
   32.7500000      -1.00195211E-04
   33.2500000      -5.58283409E-06
   33.7500000      -6.59092575E-06
   34.2500000      -1.82026837E-04
   34.7500000      -7.94815060E-05
   35.2500000       1.29028384E-04
   35.7500000      -6.26095380E-06
   36.2500000      -5.77565843E-05
   36.7500000       4.58375434E-04
   37.2500000       1.79892243E-03
   37.7500000       4.14941180E-03
   38.2500000       7.10869906E-03
   38.7500000       1.03791701E-02
   39.2500000       1.41145820E-02
   39.7500000       1.80055797E-02
   40.2500000       2.19437722E-02
   40.7500000       2.62383111E-02
   41.2500000       3.05131041E-02
   41.7500000       3.48440669E-02
   42.2500000       3.94950844E-02
   42.7500000       4.38408852E-02
   43.2500000       4.86035012E-02
   43.7500000       5.35612851E-02
   44.2500000       5.74236102E-02
   44.7500000       6.30352646E-02
   45.2500000       6.85253218E-02
   45.7500000       7.04962984E-02
   46.2500000       7.79372454E-02
   46.7500000       8.52598548E-02
   47.2500000       8.19316581E-02
   47.7500000       9.22125876E-02
   48.2500000      0.106117159    
   48.7500000       9.11220089E-02
   49.2500000      0.101818614    
   49.7500000      0.134506837    
   50.2500000      0.101441205    
   50.7500000       9.83733386E-02
   51.2500000      0.169435769    
   51.7500000      0.124776803    
   52.2500000       7.64184147E-02
   52.7500000      0.193125367    
   53.2500000      0.177959815    
   53.7500000       5.17489761E-02
   54.2500000      0.170137748    
   54.7500000      0.260745227    
   55.2500000       6.25343099E-02
   55.7500000       9.46625695E-02
   56.2500000      0.319688410    
   56.7500000      0.139414832    
   57.2500000       3.16986740E-02
   57.7500000      0.285085827    
   58.2500000      0.252720267    
   58.7500000       1.19552566E-02
   59.2500000      -5.57785109E-03
   59.7500000       7.11113447E-04
   60.2500000       2.09135305E-05
   60.7500000      -2.26707543E-05
   61.2500000       3.46911725E-06
   61.7500000      -1.35985490E-08
   62.2500000      -8.81532287E-08
   62.7500000       1.61153686E-08
   63.2500000      -5.87382365E-10
   63.7500000      -3.47152862E-10
   64.2500000       8.02261313E-11
   64.7500000      -2.93675132E-12
   65.2500000      -1.79758118E-12
   65.7500000       2.72886423E-13
   66.2500000       1.00290988E-14
   66.7500000      -2.78450795E-15
   67.2500000      -2.87143719E-16
   67.7500000      -1.78725937E-16
   68.2500000       6.47333945E-17
   68.7500000       7.98139707E-18
   69.2500000      -4.63820932E-18
   69.7500000      -6.55461278E-20
   70.2500000       2.31841924E-19
   70.7500000      -1.19282554E-20
   71.2500000      -9.95477940E-21
   71.7500000       1.19004269E-21
   72.2500000       3.72793349E-22
   72.7500000      -8.11849890E-23
   73.2500000      -1.03996985E-23
   73.7500000       4.48679273E-24
   74.2500000       5.73412392E-26
   74.7500000      -2.00131953E-25
   75.2500000       1.72725625E-26
   75.7500000       6.68001714E-27
   76.2500000      -1.43371541E-27
   76.7500000      -1.16494134E-28
   77.2500000       7.16119193E-29
   77.7500000      -3.74416053E-30
   78.2500000      -2.39187315E-30
   78.7500000       4.44165713E-31
   79.2500000       3.63954210E-32
   79.7500000      -2.18182801E-32
   80.2500000       1.52118208E-33
   80.7500000       6.14903804E-34
   81.2500000      -1.42002783E-34
   81.7500000      -2.64601454E-36
   82.2500000       5.57539970E-36
   82.7500000      -7.19518691E-37
   83.2500000      -9.33160913E-38
   83.7500000       3.96950805E-38
   84.2500000      -2.78510032E-39
   84.7500000      -9.56428241E-40
   85.2500000       2.47128793E-40
   85.7500000      -6.46839371E-42
   86.2500000      -7.39184940E-42
   86.7500000       1.42652184E-42
   87.2500000       1.54142831E-44
   87.7500000      -5.04467447E-44
   88.2500000       8.40779079E-45
   88.7500000       0.00000000    
   89.2500000       0.00000000    
   89.7500000       0.00000000    
   90.2500000       0.00000000    
   90.7500000       0.00000000    
   91.2500000       0.00000000    
   91.7500000       0.00000000    
   92.2500000       0.00000000    
   92.7500000       0.00000000    
   93.2500000       0.00000000    
   93.7500000       0.00000000    
   94.2500000       0.00000000    
   94.7500000       0.00000000    
   95.2500000       0.00000000    
   95.7500000       0.00000000    
   96.2500000       0.00000000    
   96.7500000       0.00000000    
   97.2500000       0.00000000    
   97.7500000       0.00000000    
   98.2500000       0.00000000    
   98.7500000       0.00000000    
   99.2500000       0.00000000    
   99.7500000       0.00000000    
   100.250000       0.00000000    
