   0.00000000       0.00000000    
  0.500000000       4.74080723E-03
   1.00000000       9.47809219E-03
   1.50000000       1.42103415E-02
   2.00000000       1.89346634E-02
   2.50000000       2.36480832E-02
   3.00000000       2.83475649E-02
   3.50000000       3.30306999E-02
   4.00000000       3.76944095E-02
   4.50000000       4.23365273E-02
   5.00000000       4.69534807E-02
   5.50000000       5.15432060E-02
   6.00000000       5.61022386E-02
   6.50000000       6.06281497E-02
   7.00000000       6.51181787E-02
   7.50000000       6.95695281E-02
   8.00000000       7.39788413E-02
   8.50000000       7.83433020E-02
   9.00000000       8.26606229E-02
   9.50000000       8.69273990E-02
   10.0000000       9.11403149E-02
   10.5000000       9.52972919E-02
   11.0000000       9.93945673E-02
   11.5000000      0.103429377    
   12.0000000      0.107398413    
   12.5000000      0.111299030    
   13.0000000      0.115127556    
   13.5000000      0.118881300    
   14.0000000      0.122557022    
   14.5000000      0.126151383    
   15.0000000      0.129660293    
   15.5000000      0.133082390    
   16.0000000      0.136412933    
   16.5000000      0.139648467    
   17.0000000      0.142786503    
   17.5000000      0.145823464    
   18.0000000      0.148755476    
   18.5000000      0.151578933    
   19.0000000      0.154290825    
   19.5000000      0.156887785    
   20.0000000      0.159365043    
   20.5000000      0.161720440    
   21.0000000      0.163950205    
   21.5000000      0.166049942    
   22.0000000      0.168016478    
   22.5000000      0.169846058    
   23.0000000      0.171535283    
   23.5000000      0.173080474    
   24.0000000      0.174477786    
   24.5000000      0.175723806    
   25.0000000      0.176814139    
   25.5000000      0.177746654    
   26.0000000      0.178516865    
   26.5000000      0.179121107    
   27.0000000      0.179555759    
   27.5000000      0.179817945    
   28.0000000      0.179904655    
   28.5000000      0.179812193    
   29.0000000      0.179537967    
   29.5000000      0.179075047    
   30.0000000      0.178414300    
   30.5000000      0.177566156    
   31.0000000      0.176572815    
   31.5000000      0.175477400    
   32.0000000      0.174290165    
   32.5000000      0.173008636    
   33.0000000      0.171639502    
   33.5000000      0.170183137    
   34.0000000      0.168635309    
   34.5000000      0.167000368    
   35.0000000      0.165277466    
   35.5000000      0.163464576    
   36.0000000      0.161565557    
   36.5000000      0.159579039    
   37.0000000      0.157505810    
   37.5000000      0.155348316    
   38.0000000      0.153105900    
   38.5000000      0.150781333    
   39.0000000      0.148374975    
   39.5000000      0.145888492    
   40.0000000      0.143325061    
   40.5000000      0.140685141    
   41.0000000      0.137972057    
   41.5000000      0.135188147    
   42.0000000      0.132336035    
   42.5000000      0.129418209    
   43.0000000      0.126438379    
   43.5000000      0.123400159    
   44.0000000      0.120306551    
   44.5000000      0.117162049    
   45.0000000      0.113970257    
   45.5000000      0.110735789    
   46.0000000      0.107462890    
   46.5000000      0.104155883    
   47.0000000      0.100820556    
   47.5000000       9.74613801E-02
   48.0000000       9.40837264E-02
   48.5000000       9.06925946E-02
   49.0000000       8.72940570E-02
   49.5000000       8.38934705E-02
   50.0000000       8.04962888E-02
   50.5000000       7.71084577E-02
   51.0000000       7.37360716E-02
   51.5000000       7.03842640E-02
   52.0000000       6.70588613E-02
   52.5000000       6.37662113E-02
   53.0000000       6.05113953E-02
   53.5000000       5.73002584E-02
   54.0000000       5.41387312E-02
   54.5000000       5.10312356E-02
   55.0000000       4.79836091E-02
   55.5000000       4.50006537E-02
   56.0000000       4.20868881E-02
   56.5000000       3.92475687E-02
   57.0000000       3.64863984E-02
   57.5000000       3.38080227E-02
   58.0000000       3.12156379E-02
   58.5000000       2.87134144E-02
   59.0000000       2.63037495E-02
   59.5000000       2.39907373E-02
   60.0000000       2.17767935E-02
   60.5000000       1.96635593E-02
   61.0000000       1.76543426E-02
   61.5000000       1.57495327E-02
   62.0000000       1.39523558E-02
   62.5000000       1.22629814E-02
   63.0000000       1.06819905E-02
   63.5000000       9.21195745E-03
   64.0000000       7.85077177E-03
   64.5000000       6.60106307E-03
   65.0000000       5.46258083E-03
   65.5000000       4.43178741E-03
   66.0000000       3.51338927E-03
   66.5000000       2.70523317E-03
   67.0000000       2.00150907E-03
   67.5000000       1.40829186E-03
   68.0000000       9.24722524E-04
   68.5000000       5.39751141E-04
   69.0000000       2.57742766E-04
   69.5000000       8.89942166E-05
   70.0000000       1.64984467E-05
   70.5000000      -1.58303737E-06
   71.0000000      -1.76348988E-06
   71.5000000      -2.85774888E-07
   72.0000000       7.09412120E-08
   72.5000000       2.79780643E-08
   73.0000000      -1.61726843E-09
   73.5000000      -1.72723680E-09
   74.0000000       2.20851670E-11
   74.5000000       9.13562559E-11
   75.0000000      -1.59416967E-12
   75.5000000      -4.39937236E-12
   76.0000000       2.48930244E-13
   76.5000000       1.85530953E-13
   77.0000000      -2.33503436E-14
   77.5000000      -6.04215918E-15
   78.0000000       1.50489379E-15
   78.5000000       9.35730532E-17
   79.0000000      -6.90684959E-17
   79.5000000       4.44625006E-18
   80.0000000       2.03117984E-18
   80.5000000      -4.27703869E-19
   81.0000000      -1.41625309E-20
   81.5000000       1.70332030E-20
   82.0000000      -2.03838770E-21
   82.5000000      -2.63207089E-22
   83.0000000       1.09355433E-22
   83.5000000      -9.18272432E-24
   84.0000000      -1.98443049E-24
   84.5000000       6.29382615E-25
   85.0000000      -4.78307567E-26
   85.5000000      -1.08468012E-26
   86.0000000       3.41376552E-27
   86.5000000      -3.03837452E-28
   87.0000000      -4.40280044E-29
   87.5000000       1.72142673E-29
   88.0000000      -2.04050923E-30
   88.5000000      -9.31239555E-32
   89.0000000       7.58217425E-32
   89.5000000      -1.25087278E-32
   90.0000000       4.27540841E-34
   90.5000000       2.54394541E-34
   91.0000000      -6.37349134E-35
   91.5000000       6.38297881E-36
   92.0000000       3.57315100E-37
   92.5000000      -2.42738929E-37
   93.0000000       4.21162215E-38
   93.5000000      -2.72046542E-39
   94.0000000      -4.93345341E-40
   94.5000000       1.75613526E-40
   95.0000000      -2.57572671E-41
   95.5000000       1.24575433E-42
   96.0000000       3.65738899E-43
   96.5000000      -1.10702579E-43
   97.0000000       1.12103877E-44
   97.5000000      -2.80259693E-45
   98.0000000       0.00000000    
   98.5000000       0.00000000    
   99.0000000       0.00000000    
   99.5000000       0.00000000    
   100.000000       0.00000000    
   100.500000       0.00000000    
   101.000000       0.00000000    
   101.500000       0.00000000    
   102.000000       0.00000000    
   102.500000       0.00000000    
   103.000000       0.00000000    
   103.500000       0.00000000    
   104.000000       0.00000000    
   104.500000       0.00000000    
   105.000000       0.00000000    
   105.500000       0.00000000    
   106.000000       0.00000000    
   106.500000       0.00000000    
   107.000000       0.00000000    
   107.500000       0.00000000    
   108.000000       0.00000000    
   108.500000       0.00000000    
   109.000000       0.00000000    
   109.500000       0.00000000    
   110.000000       0.00000000    
   110.500000       0.00000000    
   111.000000       0.00000000    
   111.500000       0.00000000    
   112.000000       0.00000000    
   112.500000       0.00000000    
   113.000000       0.00000000    
   113.500000       0.00000000    
   114.000000       0.00000000    
   114.500000       0.00000000    
   115.000000       0.00000000    
   115.500000       0.00000000    
   116.000000       0.00000000    
   116.500000       0.00000000    
   117.000000       0.00000000    
   117.500000       0.00000000    
   118.000000       0.00000000    
   118.500000       0.00000000    
   119.000000       0.00000000    
   119.500000       0.00000000    
   120.000000       0.00000000    
   120.500000       0.00000000    
   121.000000       0.00000000    
   121.500000       0.00000000    
   122.000000       0.00000000    
   122.500000       0.00000000    
   123.000000       0.00000000    
   123.500000       0.00000000    
   124.000000       0.00000000    
   124.500000       0.00000000    
   125.000000       0.00000000    
   125.500000       0.00000000    
   126.000000       0.00000000    
   126.500000       0.00000000    
   127.000000       0.00000000    
   127.500000       0.00000000    
   128.000000       0.00000000    
   128.500000       0.00000000    
   129.000000       0.00000000    
   129.500000       0.00000000    
   130.000000       0.00000000    
   130.500000       0.00000000    
   131.000000       0.00000000    
   131.500000       0.00000000    
   132.000000       0.00000000    
   132.500000       0.00000000    
   133.000000       0.00000000    
   133.500000       0.00000000    
   134.000000       0.00000000    
   134.500000       0.00000000    
   135.000000       0.00000000    
   135.500000       0.00000000    
   136.000000       0.00000000    
   136.500000       0.00000000    
   137.000000       0.00000000    
   137.500000       0.00000000    
   138.000000       0.00000000    
   138.500000       0.00000000    
   139.000000       0.00000000    
   139.500000       0.00000000    
   140.000000       0.00000000    
   140.500000       0.00000000    
   141.000000       0.00000000    
   141.500000       0.00000000    
   142.000000       0.00000000    
   142.500000       0.00000000    
   143.000000       0.00000000    
   143.500000       0.00000000    
   144.000000       0.00000000    
   144.500000       0.00000000    
   145.000000       0.00000000    
   145.500000       0.00000000    
   146.000000       0.00000000    
   146.500000       0.00000000    
   147.000000       0.00000000    
   147.500000       0.00000000    
   148.000000       0.00000000    
   148.500000       0.00000000    
   149.000000       0.00000000    
   149.500000       0.00000000    
   150.000000       0.00000000    
   150.500000       0.00000000    
   151.000000       0.00000000    
   151.500000       0.00000000    
   152.000000       0.00000000    
   152.500000       0.00000000    
   153.000000       0.00000000    
   153.500000       0.00000000    
   154.000000       0.00000000    
   154.500000       0.00000000    
   155.000000       0.00000000    
   155.500000       0.00000000    
   156.000000       0.00000000    
   156.500000       0.00000000    
   157.000000       0.00000000    
   157.500000       0.00000000    
   158.000000       0.00000000    
   158.500000       0.00000000    
   159.000000       0.00000000    
   159.500000       0.00000000    
   160.000000       0.00000000    
   160.500000       0.00000000    
   161.000000       0.00000000    
   161.500000       0.00000000    
   162.000000       0.00000000    
   162.500000       0.00000000    
   163.000000       0.00000000    
   163.500000       0.00000000    
   164.000000       0.00000000    
   164.500000       0.00000000    
   165.000000       0.00000000    
   165.500000       0.00000000    
   166.000000       0.00000000    
   166.500000       0.00000000    
   167.000000       0.00000000    
   167.500000       0.00000000    
   168.000000       0.00000000    
   168.500000       0.00000000    
   169.000000       0.00000000    
   169.500000       0.00000000    
   170.000000       0.00000000    
   170.500000       0.00000000    
   171.000000       0.00000000    
   171.500000       0.00000000    
   172.000000       0.00000000    
   172.500000       0.00000000    
   173.000000       0.00000000    
   173.500000       0.00000000    
   174.000000       0.00000000    
   174.500000       0.00000000    
   175.000000       0.00000000    
   175.500000       0.00000000    
   176.000000       0.00000000    
   176.500000       0.00000000    
   177.000000       0.00000000    
   177.500000       0.00000000    
   178.000000       0.00000000    
   178.500000       0.00000000    
   179.000000       0.00000000    
   179.500000       0.00000000    
   180.000000       0.00000000    
   180.500000       0.00000000    
   181.000000       0.00000000    
   181.500000       0.00000000    
   182.000000       0.00000000    
   182.500000       0.00000000    
   183.000000       0.00000000    
   183.500000       0.00000000    
   184.000000       0.00000000    
   184.500000       0.00000000    
   185.000000       0.00000000    
   185.500000       0.00000000    
   186.000000       0.00000000    
   186.500000       0.00000000    
   187.000000       0.00000000    
   187.500000       0.00000000    
   188.000000       0.00000000    
   188.500000       0.00000000    
   189.000000       0.00000000    
   189.500000       0.00000000    
   190.000000       0.00000000    
   190.500000       0.00000000    
   191.000000       0.00000000    
   191.500000       0.00000000    
   192.000000       0.00000000    
   192.500000       0.00000000    
   193.000000       0.00000000    
   193.500000       0.00000000    
   194.000000       0.00000000    
   194.500000       0.00000000    
   195.000000       0.00000000    
   195.500000       0.00000000    
   196.000000       0.00000000    
   196.500000       0.00000000    
   197.000000       0.00000000    
   197.500000       0.00000000    
   198.000000       0.00000000    
   198.500000       0.00000000    
   199.000000       0.00000000    
   199.500000       0.00000000    
   200.000000       0.00000000    
   200.500000       0.00000000    
   201.000000       0.00000000    
   201.500000       0.00000000    
   202.000000       0.00000000    
   202.500000       0.00000000    
   203.000000       0.00000000    
   203.500000       0.00000000    
   204.000000       0.00000000    
   204.500000       0.00000000    
   205.000000       0.00000000    
   205.500000       0.00000000    
   206.000000       0.00000000    
   206.500000       0.00000000    
   207.000000       0.00000000    
   207.500000       0.00000000    
   208.000000       0.00000000    
   208.500000       0.00000000    
   209.000000       0.00000000    
   209.500000       0.00000000    
   210.000000       0.00000000    
   210.500000       0.00000000    
   211.000000       0.00000000    
   211.500000       0.00000000    
   212.000000       0.00000000    
   212.500000       0.00000000    
   213.000000       0.00000000    
   213.500000       0.00000000    
   214.000000       0.00000000    
   214.500000       0.00000000    
   215.000000       0.00000000    
   215.500000       0.00000000    
   216.000000       0.00000000    
   216.500000       0.00000000    
   217.000000       0.00000000    
   217.500000       0.00000000    
   218.000000       0.00000000    
   218.500000       0.00000000    
   219.000000       0.00000000    
   219.500000       0.00000000    
   220.000000       0.00000000    
   220.500000       0.00000000    
   221.000000       0.00000000    
   221.500000       0.00000000    
   222.000000       0.00000000    
   222.500000       0.00000000    
   223.000000       0.00000000    
   223.500000       0.00000000    
   224.000000       0.00000000    
   224.500000       0.00000000    
   225.000000       0.00000000    
   225.500000       0.00000000    
   226.000000       0.00000000    
   226.500000       0.00000000    
   227.000000       0.00000000    
   227.500000       0.00000000    
   228.000000       0.00000000    
   228.500000       0.00000000    
   229.000000       0.00000000    
   229.500000       0.00000000    
   230.000000       0.00000000    
   230.500000       0.00000000    
   231.000000       0.00000000    
   231.500000       0.00000000    
   232.000000       0.00000000    
   232.500000       0.00000000    
   233.000000       0.00000000    
   233.500000       0.00000000    
   234.000000       0.00000000    
   234.500000       0.00000000    
   235.000000       0.00000000    
   235.500000       0.00000000    
   236.000000       0.00000000    
   236.500000       0.00000000    
   237.000000       0.00000000    
   237.500000       0.00000000    
   238.000000       0.00000000    
   238.500000       0.00000000    
   239.000000       0.00000000    
   239.500000       0.00000000    
   240.000000       0.00000000    
   240.500000       0.00000000    
   241.000000       0.00000000    
   241.500000       0.00000000    
   242.000000       0.00000000    
   242.500000       0.00000000    
   243.000000       0.00000000    
   243.500000       0.00000000    
   244.000000       0.00000000    
   244.500000       0.00000000    
   245.000000       0.00000000    
   245.500000       0.00000000    
   246.000000       0.00000000    
   246.500000       0.00000000    
   247.000000       0.00000000    
   247.500000       0.00000000    
   248.000000       0.00000000    
   248.500000       0.00000000    
   249.000000       0.00000000    
   249.500000       0.00000000    
   250.000000       0.00000000    
   250.500000       0.00000000    
   251.000000       0.00000000    
   251.500000       0.00000000    
   252.000000       0.00000000    
   252.500000       0.00000000    
   253.000000       0.00000000    
   253.500000       0.00000000    
   254.000000       0.00000000    
   254.500000       0.00000000    
   255.000000       0.00000000    
   255.500000       0.00000000    
   256.000000       0.00000000    
   256.500000       0.00000000    
   257.000000       0.00000000    
   257.500000       0.00000000    
   258.000000       0.00000000    
   258.500000       0.00000000    
   259.000000       0.00000000    
   259.500000       0.00000000    
   260.000000       0.00000000    
   260.500000       0.00000000    
   261.000000       0.00000000    
   261.500000       0.00000000    
   262.000000       0.00000000    
   262.500000       0.00000000    
   263.000000       0.00000000    
   263.500000       0.00000000    
   264.000000       0.00000000    
   264.500000       0.00000000    
   265.000000       0.00000000    
   265.500000       0.00000000    
   266.000000       0.00000000    
   266.500000       0.00000000    
   267.000000       0.00000000    
   267.500000       0.00000000    
   268.000000       0.00000000    
   268.500000       0.00000000    
   269.000000       0.00000000    
   269.500000       0.00000000    
   270.000000       0.00000000    
   270.500000       0.00000000    
   271.000000       0.00000000    
   271.500000       0.00000000    
   272.000000       0.00000000    
   272.500000       0.00000000    
   273.000000       0.00000000    
   273.500000       0.00000000    
   274.000000       0.00000000    
   274.500000       0.00000000    
   275.000000       0.00000000    
   275.500000       0.00000000    
   276.000000       0.00000000    
   276.500000       0.00000000    
   277.000000       0.00000000    
   277.500000       0.00000000    
   278.000000       0.00000000    
   278.500000       0.00000000    
   279.000000       0.00000000    
   279.500000       0.00000000    
   280.000000       0.00000000    
   280.500000       0.00000000    
   281.000000       0.00000000    
   281.500000       0.00000000    
   282.000000       0.00000000    
   282.500000       0.00000000    
   283.000000       0.00000000    
   283.500000       0.00000000    
   284.000000       0.00000000    
   284.500000       0.00000000    
   285.000000       0.00000000    
   285.500000       0.00000000    
   286.000000       0.00000000    
   286.500000       0.00000000    
   287.000000       0.00000000    
   287.500000       0.00000000    
   288.000000       0.00000000    
   288.500000       0.00000000    
   289.000000       0.00000000    
   289.500000       0.00000000    
   290.000000       0.00000000    
   290.500000       0.00000000    
   291.000000       0.00000000    
   291.500000       0.00000000    
   292.000000       0.00000000    
   292.500000       0.00000000    
   293.000000       0.00000000    
   293.500000       0.00000000    
   294.000000       0.00000000    
   294.500000       0.00000000    
   295.000000       0.00000000    
   295.500000       0.00000000    
   296.000000       0.00000000    
   296.500000       0.00000000    
   297.000000       0.00000000    
   297.500000       0.00000000    
   298.000000       0.00000000    
   298.500000       0.00000000    
   299.000000       0.00000000    
   299.500000       0.00000000    
   300.000000       0.00000000    
   300.500000       0.00000000    
   301.000000       0.00000000    
   301.500000       0.00000000    
   302.000000       0.00000000    
   302.500000       0.00000000    
   303.000000       0.00000000    
   303.500000       0.00000000    
   304.000000       0.00000000    
   304.500000       0.00000000    
   305.000000       0.00000000    
   305.500000       0.00000000    
   306.000000       0.00000000    
   306.500000       0.00000000    
   307.000000       0.00000000    
   307.500000       0.00000000    
   308.000000       0.00000000    
   308.500000       0.00000000    
   309.000000       0.00000000    
   309.500000       0.00000000    
   310.000000       0.00000000    
   310.500000       0.00000000    
   311.000000       0.00000000    
   311.500000       0.00000000    
   312.000000       0.00000000    
   312.500000       0.00000000    
   313.000000       0.00000000    
   313.500000       0.00000000    
   314.000000       0.00000000    
   314.500000       0.00000000    
   315.000000       0.00000000    
   315.500000       0.00000000    
   316.000000       0.00000000    
   316.500000       0.00000000    
   317.000000       0.00000000    
   317.500000       0.00000000    
   318.000000       0.00000000    
   318.500000       0.00000000    
   319.000000       0.00000000    
   319.500000       0.00000000    
   320.000000       0.00000000    
   320.500000       0.00000000    
   321.000000       0.00000000    
   321.500000       0.00000000    
   322.000000       0.00000000    
   322.500000       0.00000000    
   323.000000       0.00000000    
   323.500000       0.00000000    
   324.000000       0.00000000    
   324.500000       0.00000000    
   325.000000       0.00000000    
   325.500000       0.00000000    
   326.000000       0.00000000    
   326.500000       0.00000000    
   327.000000       0.00000000    
   327.500000       0.00000000    
   328.000000       0.00000000    
   328.500000       0.00000000    
   329.000000       0.00000000    
   329.500000       0.00000000    
   330.000000       0.00000000    
   330.500000       0.00000000    
   331.000000       0.00000000    
   331.500000       0.00000000    
   332.000000       0.00000000    
   332.500000       0.00000000    
   333.000000       0.00000000    
   333.500000       0.00000000    
   334.000000       0.00000000    
   334.500000       0.00000000    
   335.000000       0.00000000    
   335.500000       0.00000000    
   336.000000       0.00000000    
   336.500000       0.00000000    
   337.000000       0.00000000    
   337.500000       0.00000000    
   338.000000       0.00000000    
   338.500000       0.00000000    
   339.000000       0.00000000    
   339.500000       0.00000000    
   340.000000       0.00000000    
   340.500000       0.00000000    
   341.000000       0.00000000    
   341.500000       0.00000000    
   342.000000       0.00000000    
   342.500000       0.00000000    
   343.000000       0.00000000    
   343.500000       0.00000000    
   344.000000       0.00000000    
   344.500000       0.00000000    
   345.000000       0.00000000    
   345.500000       0.00000000    
   346.000000       0.00000000    
   346.500000       0.00000000    
   347.000000       0.00000000    
   347.500000       0.00000000    
   348.000000       0.00000000    
   348.500000       0.00000000    
   349.000000       0.00000000    
   349.500000       0.00000000    
   350.000000       0.00000000    
   350.500000       0.00000000    
   351.000000       0.00000000    
   351.500000       0.00000000    
   352.000000       0.00000000    
   352.500000       0.00000000    
   353.000000       0.00000000    
   353.500000       0.00000000    
   354.000000       0.00000000    
   354.500000       0.00000000    
   355.000000       0.00000000    
   355.500000       0.00000000    
   356.000000       0.00000000    
   356.500000       0.00000000    
   357.000000       0.00000000    
   357.500000       0.00000000    
   358.000000       0.00000000    
   358.500000       0.00000000    
   359.000000       0.00000000    
   359.500000       0.00000000    
   360.000000       0.00000000    
   360.500000       0.00000000    
   361.000000       0.00000000    
   361.500000       0.00000000    
   362.000000       0.00000000    
   362.500000       0.00000000    
   363.000000       0.00000000    
   363.500000       0.00000000    
   364.000000       0.00000000    
   364.500000       0.00000000    
   365.000000       0.00000000    
   365.500000       0.00000000    
   366.000000       0.00000000    
   366.500000       0.00000000    
   367.000000       0.00000000    
   367.500000       0.00000000    
   368.000000       0.00000000    
   368.500000       0.00000000    
   369.000000       0.00000000    
   369.500000       0.00000000    
   370.000000       0.00000000    
   370.500000       0.00000000    
   371.000000       0.00000000    
   371.500000       0.00000000    
   372.000000       0.00000000    
   372.500000       0.00000000    
   373.000000       0.00000000    
   373.500000       0.00000000    
   374.000000       0.00000000    
   374.500000       0.00000000    
   375.000000       0.00000000    
   375.500000       0.00000000    
   376.000000       0.00000000    
   376.500000       0.00000000    
   377.000000       0.00000000    
   377.500000       0.00000000    
   378.000000       0.00000000    
   378.500000       0.00000000    
   379.000000       0.00000000    
   379.500000       0.00000000    
   380.000000       0.00000000    
   380.500000       0.00000000    
   381.000000       0.00000000    
   381.500000       0.00000000    
   382.000000       0.00000000    
   382.500000       0.00000000    
   383.000000       0.00000000    
   383.500000       0.00000000    
   384.000000       0.00000000    
   384.500000       0.00000000    
   385.000000       0.00000000    
   385.500000       0.00000000    
   386.000000       0.00000000    
   386.500000       0.00000000    
   387.000000       0.00000000    
   387.500000       0.00000000    
   388.000000       0.00000000    
   388.500000       0.00000000    
   389.000000       0.00000000    
   389.500000       0.00000000    
   390.000000       0.00000000    
   390.500000       0.00000000    
   391.000000       0.00000000    
   391.500000       0.00000000    
   392.000000       0.00000000    
   392.500000       0.00000000    
   393.000000       0.00000000    
   393.500000       0.00000000    
   394.000000       0.00000000    
   394.500000       0.00000000    
   395.000000       0.00000000    
   395.500000       0.00000000    
   396.000000       0.00000000    
   396.500000       0.00000000    
   397.000000       0.00000000    
   397.500000       0.00000000    
   398.000000       0.00000000    
   398.500000       0.00000000    
   399.000000       0.00000000    
   399.500000       0.00000000    
   400.000000       0.00000000    
   400.500000       0.00000000    
   401.000000       0.00000000    
   401.500000       0.00000000    
   402.000000       0.00000000    
   402.500000       0.00000000    
   403.000000       0.00000000    
   403.500000       0.00000000    
   404.000000       0.00000000    
   404.500000       0.00000000    
   405.000000       0.00000000    
   405.500000       0.00000000    
   406.000000       0.00000000    
   406.500000       0.00000000    
   407.000000       0.00000000    
   407.500000       0.00000000    
   408.000000       0.00000000    
   408.500000       0.00000000    
   409.000000       0.00000000    
   409.500000       0.00000000    
   410.000000       0.00000000    
   410.500000       0.00000000    
   411.000000       0.00000000    
   411.500000       0.00000000    
   412.000000       0.00000000    
   412.500000       0.00000000    
   413.000000       0.00000000    
   413.500000       0.00000000    
   414.000000       0.00000000    
   414.500000       0.00000000    
   415.000000       0.00000000    
   415.500000       0.00000000    
   416.000000       0.00000000    
   416.500000       0.00000000    
   417.000000       0.00000000    
   417.500000       0.00000000    
   418.000000       0.00000000    
   418.500000       0.00000000    
   419.000000       0.00000000    
   419.500000       0.00000000    
   420.000000       0.00000000    
   420.500000       0.00000000    
   421.000000       0.00000000    
   421.500000       0.00000000    
   422.000000       0.00000000    
   422.500000       0.00000000    
   423.000000       0.00000000    
   423.500000       0.00000000    
   424.000000       0.00000000    
   424.500000       0.00000000    
   425.000000       0.00000000    
   425.500000       0.00000000    
   426.000000       0.00000000    
   426.500000       0.00000000    
   427.000000       0.00000000    
   427.500000       0.00000000    
   428.000000       0.00000000    
   428.500000       0.00000000    
   429.000000       0.00000000    
   429.500000       0.00000000    
   430.000000       0.00000000    
   430.500000       0.00000000    
   431.000000       0.00000000    
   431.500000       0.00000000    
   432.000000       0.00000000    
   432.500000       0.00000000    
   433.000000       0.00000000    
   433.500000       0.00000000    
   434.000000       0.00000000    
   434.500000       0.00000000    
   435.000000       0.00000000    
   435.500000       0.00000000    
   436.000000       0.00000000    
   436.500000       0.00000000    
   437.000000       0.00000000    
   437.500000       0.00000000    
   438.000000       0.00000000    
   438.500000       0.00000000    
   439.000000       0.00000000    
   439.500000       0.00000000    
   440.000000       0.00000000    
   440.500000       0.00000000    
   441.000000       0.00000000    
   441.500000       0.00000000    
   442.000000       0.00000000    
   442.500000       0.00000000    
   443.000000       0.00000000    
   443.500000       0.00000000    
   444.000000       0.00000000    
   444.500000       0.00000000    
   445.000000       0.00000000    
   445.500000       0.00000000    
   446.000000       0.00000000    
   446.500000       0.00000000    
   447.000000       0.00000000    
   447.500000       0.00000000    
   448.000000       0.00000000    
   448.500000       0.00000000    
   449.000000       0.00000000    
   449.500000       0.00000000    
   450.000000       0.00000000    
   450.500000       0.00000000    
   451.000000       0.00000000    
   451.500000       0.00000000    
   452.000000       0.00000000    
   452.500000       0.00000000    
   453.000000       0.00000000    
   453.500000       0.00000000    
   454.000000       0.00000000    
   454.500000       0.00000000    
   455.000000       0.00000000    
   455.500000       0.00000000    
   456.000000       0.00000000    
   456.500000       0.00000000    
   457.000000       0.00000000    
   457.500000       0.00000000    
   458.000000       0.00000000    
   458.500000       0.00000000    
   459.000000       0.00000000    
   459.500000       0.00000000    
   460.000000       0.00000000    
   460.500000       0.00000000    
   461.000000       0.00000000    
   461.500000       0.00000000    
   462.000000       0.00000000    
   462.500000       0.00000000    
   463.000000       0.00000000    
   463.500000       0.00000000    
   464.000000       0.00000000    
   464.500000       0.00000000    
   465.000000       0.00000000    
   465.500000       0.00000000    
   466.000000       0.00000000    
   466.500000       0.00000000    
   467.000000       0.00000000    
   467.500000       0.00000000    
   468.000000       0.00000000    
   468.500000       0.00000000    
   469.000000       0.00000000    
   469.500000       0.00000000    
   470.000000       0.00000000    
   470.500000       0.00000000    
   471.000000       0.00000000    
   471.500000       0.00000000    
   472.000000       0.00000000    
   472.500000       0.00000000    
   473.000000       0.00000000    
   473.500000       0.00000000    
   474.000000       0.00000000    
   474.500000       0.00000000    
   475.000000       0.00000000    
   475.500000       0.00000000    
   476.000000       0.00000000    
   476.500000       0.00000000    
   477.000000       0.00000000    
   477.500000       0.00000000    
   478.000000       0.00000000    
   478.500000       0.00000000    
   479.000000       0.00000000    
   479.500000       0.00000000    
   480.000000       0.00000000    
   480.500000       0.00000000    
   481.000000       0.00000000    
   481.500000       0.00000000    
   482.000000       0.00000000    
   482.500000       0.00000000    
   483.000000       0.00000000    
   483.500000       0.00000000    
   484.000000       0.00000000    
   484.500000       0.00000000    
   485.000000       0.00000000    
   485.500000       0.00000000    
   486.000000       0.00000000    
   486.500000       0.00000000    
   487.000000       0.00000000    
   487.500000       0.00000000    
   488.000000       0.00000000    
   488.500000       0.00000000    
   489.000000       0.00000000    
   489.500000       0.00000000    
   490.000000       0.00000000    
   490.500000       0.00000000    
   491.000000       0.00000000    
   491.500000       0.00000000    
   492.000000       0.00000000    
   492.500000       0.00000000    
   493.000000       0.00000000    
   493.500000       0.00000000    
   494.000000       0.00000000    
   494.500000       0.00000000    
   495.000000       0.00000000    
   495.500000       0.00000000    
   496.000000       0.00000000    
   496.500000       0.00000000    
   497.000000       0.00000000    
   497.500000       0.00000000    
   498.000000       0.00000000    
   498.500000       0.00000000    
   499.000000       0.00000000    
   499.500000       0.00000000    
   500.000000       0.00000000    
   500.500000       0.00000000    
   501.000000       0.00000000    
   501.500000       0.00000000    
   502.000000       0.00000000    
   502.500000       0.00000000    
   503.000000       0.00000000    
   503.500000       0.00000000    
   504.000000       0.00000000    
   504.500000       0.00000000    
   505.000000       0.00000000    
   505.500000       0.00000000    
   506.000000       0.00000000    
   506.500000       0.00000000    
   507.000000       0.00000000    
   507.500000       0.00000000    
   508.000000       0.00000000    
   508.500000       0.00000000    
   509.000000       0.00000000    
   509.500000       0.00000000    
   510.000000       0.00000000    
   510.500000       0.00000000    
   511.000000       0.00000000    
   511.500000       0.00000000    
   512.000000       0.00000000    
   512.500000       0.00000000    
   513.000000       0.00000000    
   513.500000       0.00000000    
   514.000000       0.00000000    
   514.500000       0.00000000    
   515.000000       0.00000000    
   515.500000       0.00000000    
   516.000000       0.00000000    
   516.500000       0.00000000    
   517.000000       0.00000000    
   517.500000       0.00000000    
   518.000000       0.00000000    
   518.500000       0.00000000    
   519.000000       0.00000000    
   519.500000       0.00000000    
   520.000000       0.00000000    
   520.500000       0.00000000    
   521.000000       0.00000000    
   521.500000       0.00000000    
   522.000000       0.00000000    
   522.500000       0.00000000    
   523.000000       0.00000000    
   523.500000       0.00000000    
   524.000000       0.00000000    
   524.500000       0.00000000    
   525.000000       0.00000000    
   525.500000       0.00000000    
   526.000000       0.00000000    
   526.500000       0.00000000    
   527.000000       0.00000000    
   527.500000       0.00000000    
   528.000000       0.00000000    
   528.500000       0.00000000    
   529.000000       0.00000000    
   529.500000       0.00000000    
   530.000000       0.00000000    
   530.500000       0.00000000    
   531.000000       0.00000000    
   531.500000       0.00000000    
   532.000000       0.00000000    
   532.500000       0.00000000    
   533.000000       0.00000000    
   533.500000       0.00000000    
   534.000000       0.00000000    
   534.500000       0.00000000    
   535.000000       0.00000000    
   535.500000       0.00000000    
   536.000000       0.00000000    
   536.500000       0.00000000    
   537.000000       0.00000000    
   537.500000       0.00000000    
   538.000000       0.00000000    
   538.500000       0.00000000    
   539.000000       0.00000000    
   539.500000       0.00000000    
   540.000000       0.00000000    
   540.500000       0.00000000    
   541.000000       0.00000000    
   541.500000       0.00000000    
   542.000000       0.00000000    
   542.500000       0.00000000    
   543.000000       0.00000000    
   543.500000       0.00000000    
   544.000000       0.00000000    
   544.500000       0.00000000    
   545.000000       0.00000000    
   545.500000       0.00000000    
   546.000000       0.00000000    
   546.500000       0.00000000    
   547.000000       0.00000000    
   547.500000       0.00000000    
   548.000000       0.00000000    
   548.500000       0.00000000    
   549.000000       0.00000000    
   549.500000       0.00000000    
   550.000000       0.00000000    
   550.500000       0.00000000    
   551.000000       0.00000000    
   551.500000       0.00000000    
   552.000000       0.00000000    
   552.500000       0.00000000    
   553.000000       0.00000000    
   553.500000       0.00000000    
   554.000000       0.00000000    
   554.500000       0.00000000    
   555.000000       0.00000000    
   555.500000       0.00000000    
   556.000000       0.00000000    
   556.500000       0.00000000    
   557.000000       0.00000000    
   557.500000       0.00000000    
   558.000000       0.00000000    
   558.500000       0.00000000    
   559.000000       0.00000000    
   559.500000       0.00000000    
   560.000000       0.00000000    
   560.500000       0.00000000    
   561.000000       0.00000000    
   561.500000       0.00000000    
   562.000000       0.00000000    
   562.500000       0.00000000    
   563.000000       0.00000000    
   563.500000       0.00000000    
   564.000000       0.00000000    
   564.500000       0.00000000    
   565.000000       0.00000000    
   565.500000       0.00000000    
   566.000000       0.00000000    
   566.500000       0.00000000    
   567.000000       0.00000000    
   567.500000       0.00000000    
   568.000000       0.00000000    
   568.500000       0.00000000    
   569.000000       0.00000000    
   569.500000       0.00000000    
   570.000000       0.00000000    
   570.500000       0.00000000    
   571.000000       0.00000000    
   571.500000       0.00000000    
   572.000000       0.00000000    
   572.500000       0.00000000    
   573.000000       0.00000000    
   573.500000       0.00000000    
   574.000000       0.00000000    
   574.500000       0.00000000    
   575.000000       0.00000000    
   575.500000       0.00000000    
   576.000000       0.00000000    
   576.500000       0.00000000    
   577.000000       0.00000000    
   577.500000       0.00000000    
   578.000000       0.00000000    
   578.500000       0.00000000    
   579.000000       0.00000000    
   579.500000       0.00000000    
   580.000000       0.00000000    
   580.500000       0.00000000    
   581.000000       0.00000000    
   581.500000       0.00000000    
   582.000000       0.00000000    
   582.500000       0.00000000    
   583.000000       0.00000000    
   583.500000       0.00000000    
   584.000000       0.00000000    
   584.500000       0.00000000    
   585.000000       0.00000000    
   585.500000       0.00000000    
   586.000000       0.00000000    
   586.500000       0.00000000    
   587.000000       0.00000000    
   587.500000       0.00000000    
   588.000000       0.00000000    
   588.500000       0.00000000    
   589.000000       0.00000000    
   589.500000       0.00000000    
   590.000000       0.00000000    
   590.500000       0.00000000    
   591.000000       0.00000000    
   591.500000       0.00000000    
   592.000000       0.00000000    
   592.500000       0.00000000    
   593.000000       0.00000000    
   593.500000       0.00000000    
   594.000000       0.00000000    
   594.500000       0.00000000    
   595.000000       0.00000000    
   595.500000       0.00000000    
   596.000000       0.00000000    
   596.500000       0.00000000    
   597.000000       0.00000000    
   597.500000       0.00000000    
   598.000000       0.00000000    
   598.500000       0.00000000    
   599.000000       0.00000000    
   599.500000       0.00000000    
   600.000000       0.00000000    
   600.500000       0.00000000    
   601.000000       0.00000000    
   601.500000       0.00000000    
   602.000000       0.00000000    
   602.500000       0.00000000    
   603.000000       0.00000000    
   603.500000       0.00000000    
   604.000000       0.00000000    
   604.500000       0.00000000    
   605.000000       0.00000000    
   605.500000       0.00000000    
   606.000000       0.00000000    
   606.500000       0.00000000    
   607.000000       0.00000000    
   607.500000       0.00000000    
   608.000000       0.00000000    
   608.500000       0.00000000    
   609.000000       0.00000000    
   609.500000       0.00000000    
   610.000000       0.00000000    
   610.500000       0.00000000    
   611.000000       0.00000000    
   611.500000       0.00000000    
   612.000000       0.00000000    
   612.500000       0.00000000    
   613.000000       0.00000000    
   613.500000       0.00000000    
   614.000000       0.00000000    
   614.500000       0.00000000    
   615.000000       0.00000000    
   615.500000       0.00000000    
   616.000000       0.00000000    
   616.500000       0.00000000    
   617.000000       0.00000000    
   617.500000       0.00000000    
   618.000000       0.00000000    
   618.500000       0.00000000    
   619.000000       0.00000000    
   619.500000       0.00000000    
   620.000000       0.00000000    
   620.500000       0.00000000    
   621.000000       0.00000000    
   621.500000       0.00000000    
   622.000000       0.00000000    
   622.500000       0.00000000    
   623.000000       0.00000000    
   623.500000       0.00000000    
   624.000000       0.00000000    
   624.500000       0.00000000    
   625.000000       0.00000000    
   625.500000       0.00000000    
   626.000000       0.00000000    
   626.500000       0.00000000    
   627.000000       0.00000000    
   627.500000       0.00000000    
   628.000000       0.00000000    
   628.500000       0.00000000    
   629.000000       0.00000000    
   629.500000       0.00000000    
   630.000000       0.00000000    
   630.500000       0.00000000    
   631.000000       0.00000000    
   631.500000       0.00000000    
   632.000000       0.00000000    
   632.500000       0.00000000    
   633.000000       0.00000000    
   633.500000       0.00000000    
   634.000000       0.00000000    
   634.500000       0.00000000    
   635.000000       0.00000000    
   635.500000       0.00000000    
   636.000000       0.00000000    
   636.500000       0.00000000    
   637.000000       0.00000000    
   637.500000       0.00000000    
   638.000000       0.00000000    
   638.500000       0.00000000    
   639.000000       0.00000000    
   639.500000       0.00000000    
   640.000000       0.00000000    
   640.500000       0.00000000    
   641.000000       0.00000000    
   641.500000       0.00000000    
   642.000000       0.00000000    
   642.500000       0.00000000    
   643.000000       0.00000000    
   643.500000       0.00000000    
   644.000000       0.00000000    
   644.500000       0.00000000    
   645.000000       0.00000000    
   645.500000       0.00000000    
   646.000000       0.00000000    
   646.500000       0.00000000    
   647.000000       0.00000000    
   647.500000       0.00000000    
   648.000000       0.00000000    
   648.500000       0.00000000    
   649.000000       0.00000000    
   649.500000       0.00000000    
   650.000000       0.00000000    
   650.500000       0.00000000    
   651.000000       0.00000000    
   651.500000       0.00000000    
   652.000000       0.00000000    
   652.500000       0.00000000    
   653.000000       0.00000000    
   653.500000       0.00000000    
   654.000000       0.00000000    
   654.500000       0.00000000    
   655.000000       0.00000000    
   655.500000       0.00000000    
   656.000000       0.00000000    
   656.500000       0.00000000    
   657.000000       0.00000000    
   657.500000       0.00000000    
   658.000000       0.00000000    
   658.500000       0.00000000    
   659.000000       0.00000000    
   659.500000       0.00000000    
   660.000000       0.00000000    
   660.500000       0.00000000    
   661.000000       0.00000000    
   661.500000       0.00000000    
   662.000000       0.00000000    
   662.500000       0.00000000    
   663.000000       0.00000000    
   663.500000       0.00000000    
   664.000000       0.00000000    
   664.500000       0.00000000    
   665.000000       0.00000000    
   665.500000       0.00000000    
   666.000000       0.00000000    
   666.500000       0.00000000    
   667.000000       0.00000000    
   667.500000       0.00000000    
   668.000000       0.00000000    
   668.500000       0.00000000    
   669.000000       0.00000000    
   669.500000       0.00000000    
   670.000000       0.00000000    
   670.500000       0.00000000    
   671.000000       0.00000000    
   671.500000       0.00000000    
   672.000000       0.00000000    
   672.500000       0.00000000    
   673.000000       0.00000000    
   673.500000       0.00000000    
   674.000000       0.00000000    
   674.500000       0.00000000    
   675.000000       0.00000000    
   675.500000       0.00000000    
   676.000000       0.00000000    
   676.500000       0.00000000    
   677.000000       0.00000000    
   677.500000       0.00000000    
   678.000000       0.00000000    
   678.500000       0.00000000    
   679.000000       0.00000000    
   679.500000       0.00000000    
   680.000000       0.00000000    
   680.500000       0.00000000    
   681.000000       0.00000000    
   681.500000       0.00000000    
   682.000000       0.00000000    
   682.500000       0.00000000    
   683.000000       0.00000000    
   683.500000       0.00000000    
   684.000000       0.00000000    
   684.500000       0.00000000    
   685.000000       0.00000000    
   685.500000       0.00000000    
   686.000000       0.00000000    
   686.500000       0.00000000    
   687.000000       0.00000000    
   687.500000       0.00000000    
   688.000000       0.00000000    
   688.500000       0.00000000    
   689.000000       0.00000000    
   689.500000       0.00000000    
   690.000000       0.00000000    
   690.500000       0.00000000    
   691.000000       0.00000000    
   691.500000       0.00000000    
   692.000000       0.00000000    
   692.500000       0.00000000    
   693.000000       0.00000000    
   693.500000       0.00000000    
   694.000000       0.00000000    
   694.500000       0.00000000    
   695.000000       0.00000000    
   695.500000       0.00000000    
   696.000000       0.00000000    
   696.500000       0.00000000    
   697.000000       0.00000000    
   697.500000       0.00000000    
   698.000000       0.00000000    
   698.500000       0.00000000    
   699.000000       0.00000000    
   699.500000       0.00000000    
   700.000000       0.00000000    
   700.500000       0.00000000    
   701.000000       0.00000000    
   701.500000       0.00000000    
   702.000000       0.00000000    
   702.500000       0.00000000    
   703.000000       0.00000000    
   703.500000       0.00000000    
   704.000000       0.00000000    
   704.500000       0.00000000    
   705.000000       0.00000000    
   705.500000       0.00000000    
   706.000000       0.00000000    
   706.500000       0.00000000    
   707.000000       0.00000000    
   707.500000       0.00000000    
   708.000000       0.00000000    
   708.500000       0.00000000    
   709.000000       0.00000000    
   709.500000       0.00000000    
   710.000000       0.00000000    
   710.500000       0.00000000    
   711.000000       0.00000000    
   711.500000       0.00000000    
   712.000000       0.00000000    
   712.500000       0.00000000    
   713.000000       0.00000000    
   713.500000       0.00000000    
   714.000000       0.00000000    
   714.500000       0.00000000    
   715.000000       0.00000000    
   715.500000       0.00000000    
   716.000000       0.00000000    
   716.500000       0.00000000    
   717.000000       0.00000000    
   717.500000       0.00000000    
   718.000000       0.00000000    
   718.500000       0.00000000    
   719.000000       0.00000000    
   719.500000       0.00000000    
   720.000000       0.00000000    
   720.500000       0.00000000    
   721.000000       0.00000000    
   721.500000       0.00000000    
   722.000000       0.00000000    
   722.500000       0.00000000    
   723.000000       0.00000000    
   723.500000       0.00000000    
   724.000000       0.00000000    
   724.500000       0.00000000    
   725.000000       0.00000000    
   725.500000       0.00000000    
   726.000000       0.00000000    
   726.500000       0.00000000    
   727.000000       0.00000000    
   727.500000       0.00000000    
   728.000000       0.00000000    
   728.500000       0.00000000    
   729.000000       0.00000000    
   729.500000       0.00000000    
   730.000000       0.00000000    
   730.500000       0.00000000    
   731.000000       0.00000000    
   731.500000       0.00000000    
   732.000000       0.00000000    
   732.500000       0.00000000    
   733.000000       0.00000000    
   733.500000       0.00000000    
   734.000000       0.00000000    
   734.500000       0.00000000    
   735.000000       0.00000000    
   735.500000       0.00000000    
   736.000000       0.00000000    
   736.500000       0.00000000    
   737.000000       0.00000000    
   737.500000       0.00000000    
   738.000000       0.00000000    
   738.500000       0.00000000    
   739.000000       0.00000000    
   739.500000       0.00000000    
   740.000000       0.00000000    
   740.500000       0.00000000    
   741.000000       0.00000000    
   741.500000       0.00000000    
   742.000000       0.00000000    
   742.500000       0.00000000    
   743.000000       0.00000000    
   743.500000       0.00000000    
   744.000000       0.00000000    
   744.500000       0.00000000    
   745.000000       0.00000000    
   745.500000       0.00000000    
   746.000000       0.00000000    
   746.500000       0.00000000    
   747.000000       0.00000000    
   747.500000       0.00000000    
   748.000000       0.00000000    
   748.500000       0.00000000    
   749.000000       0.00000000    
   749.500000       0.00000000    
   750.000000       0.00000000    
   750.500000       0.00000000    
   751.000000       0.00000000    
   751.500000       0.00000000    
   752.000000       0.00000000    
   752.500000       0.00000000    
   753.000000       0.00000000    
   753.500000       0.00000000    
   754.000000       0.00000000    
   754.500000       0.00000000    
   755.000000       0.00000000    
   755.500000       0.00000000    
   756.000000       0.00000000    
   756.500000       0.00000000    
   757.000000       0.00000000    
   757.500000       0.00000000    
   758.000000       0.00000000    
   758.500000       0.00000000    
   759.000000       0.00000000    
   759.500000       0.00000000    
   760.000000       0.00000000    
   760.500000       0.00000000    
   761.000000       0.00000000    
   761.500000       0.00000000    
   762.000000       0.00000000    
   762.500000       0.00000000    
   763.000000       0.00000000    
   763.500000       0.00000000    
   764.000000       0.00000000    
   764.500000       0.00000000    
   765.000000       0.00000000    
   765.500000       0.00000000    
   766.000000       0.00000000    
   766.500000       0.00000000    
   767.000000       0.00000000    
   767.500000       0.00000000    
   768.000000       0.00000000    
   768.500000       0.00000000    
   769.000000       0.00000000    
   769.500000       0.00000000    
   770.000000       0.00000000    
   770.500000       0.00000000    
   771.000000       0.00000000    
   771.500000       0.00000000    
   772.000000       0.00000000    
   772.500000       0.00000000    
   773.000000       0.00000000    
   773.500000       0.00000000    
   774.000000       0.00000000    
   774.500000       0.00000000    
   775.000000       0.00000000    
   775.500000       0.00000000    
   776.000000       0.00000000    
   776.500000       0.00000000    
   777.000000       0.00000000    
   777.500000       0.00000000    
   778.000000       0.00000000    
   778.500000       0.00000000    
   779.000000       0.00000000    
   779.500000       0.00000000    
   780.000000       0.00000000    
   780.500000       0.00000000    
   781.000000       0.00000000    
   781.500000       0.00000000    
   782.000000       0.00000000    
   782.500000       0.00000000    
   783.000000       0.00000000    
   783.500000       0.00000000    
   784.000000       0.00000000    
   784.500000       0.00000000    
   785.000000       0.00000000    
   785.500000       0.00000000    
   786.000000       0.00000000    
   786.500000       0.00000000    
   787.000000       0.00000000    
   787.500000       0.00000000    
   788.000000       0.00000000    
   788.500000       0.00000000    
   789.000000       0.00000000    
   789.500000       0.00000000    
   790.000000       0.00000000    
   790.500000       0.00000000    
   791.000000       0.00000000    
   791.500000       0.00000000    
   792.000000       0.00000000    
   792.500000       0.00000000    
   793.000000       0.00000000    
   793.500000       0.00000000    
   794.000000       0.00000000    
   794.500000       0.00000000    
   795.000000       0.00000000    
   795.500000       0.00000000    
   796.000000       0.00000000    
   796.500000       0.00000000    
   797.000000       0.00000000    
   797.500000       0.00000000    
   798.000000       0.00000000    
   798.500000       0.00000000    
   799.000000       0.00000000    
   799.500000       0.00000000    
   800.000000       0.00000000    
   800.500000       0.00000000    
   801.000000       0.00000000    
   801.500000       0.00000000    
   802.000000       0.00000000    
   802.500000       0.00000000    
   803.000000       0.00000000    
   803.500000       0.00000000    
   804.000000       0.00000000    
   804.500000       0.00000000    
   805.000000       0.00000000    
   805.500000       0.00000000    
   806.000000       0.00000000    
   806.500000       0.00000000    
   807.000000       0.00000000    
   807.500000       0.00000000    
   808.000000       0.00000000    
   808.500000       0.00000000    
   809.000000       0.00000000    
   809.500000       0.00000000    
   810.000000       0.00000000    
   810.500000       0.00000000    
   811.000000       0.00000000    
   811.500000       0.00000000    
   812.000000       0.00000000    
   812.500000       0.00000000    
   813.000000       0.00000000    
   813.500000       0.00000000    
   814.000000       0.00000000    
   814.500000       0.00000000    
   815.000000       0.00000000    
   815.500000       0.00000000    
   816.000000       0.00000000    
   816.500000       0.00000000    
   817.000000       0.00000000    
   817.500000       0.00000000    
   818.000000       0.00000000    
   818.500000       0.00000000    
   819.000000       0.00000000    
   819.500000       0.00000000    
   820.000000       0.00000000    
   820.500000       0.00000000    
   821.000000       0.00000000    
   821.500000       0.00000000    
   822.000000       0.00000000    
   822.500000       0.00000000    
   823.000000       0.00000000    
   823.500000       0.00000000    
   824.000000       0.00000000    
   824.500000       0.00000000    
   825.000000       0.00000000    
   825.500000       0.00000000    
   826.000000       0.00000000    
   826.500000       0.00000000    
   827.000000       0.00000000    
   827.500000       0.00000000    
   828.000000       0.00000000    
   828.500000       0.00000000    
   829.000000       0.00000000    
   829.500000       0.00000000    
   830.000000       0.00000000    
   830.500000       0.00000000    
   831.000000       0.00000000    
   831.500000       0.00000000    
   832.000000       0.00000000    
   832.500000       0.00000000    
   833.000000       0.00000000    
   833.500000       0.00000000    
   834.000000       0.00000000    
   834.500000       0.00000000    
   835.000000       0.00000000    
   835.500000       0.00000000    
   836.000000       0.00000000    
   836.500000       0.00000000    
   837.000000       0.00000000    
   837.500000       0.00000000    
   838.000000       0.00000000    
   838.500000       0.00000000    
   839.000000       0.00000000    
   839.500000       0.00000000    
   840.000000       0.00000000    
   840.500000       0.00000000    
   841.000000       0.00000000    
   841.500000       0.00000000    
   842.000000       0.00000000    
   842.500000       0.00000000    
   843.000000       0.00000000    
   843.500000       0.00000000    
   844.000000       0.00000000    
   844.500000       0.00000000    
   845.000000       0.00000000    
   845.500000       0.00000000    
   846.000000       0.00000000    
   846.500000       0.00000000    
   847.000000       0.00000000    
   847.500000       0.00000000    
   848.000000       0.00000000    
   848.500000       0.00000000    
   849.000000       0.00000000    
   849.500000       0.00000000    
   850.000000       0.00000000    
   850.500000       0.00000000    
   851.000000       0.00000000    
   851.500000       0.00000000    
   852.000000       0.00000000    
   852.500000       0.00000000    
   853.000000       0.00000000    
   853.500000       0.00000000    
   854.000000       0.00000000    
   854.500000       0.00000000    
   855.000000       0.00000000    
   855.500000       0.00000000    
   856.000000       0.00000000    
   856.500000       0.00000000    
   857.000000       0.00000000    
   857.500000       0.00000000    
   858.000000       0.00000000    
   858.500000       0.00000000    
   859.000000       0.00000000    
   859.500000       0.00000000    
   860.000000       0.00000000    
   860.500000       0.00000000    
   861.000000       0.00000000    
   861.500000       0.00000000    
   862.000000       0.00000000    
   862.500000       0.00000000    
   863.000000       0.00000000    
   863.500000       0.00000000    
   864.000000       0.00000000    
   864.500000       0.00000000    
   865.000000       0.00000000    
   865.500000       0.00000000    
   866.000000       0.00000000    
   866.500000       0.00000000    
   867.000000       0.00000000    
   867.500000       0.00000000    
   868.000000       0.00000000    
   868.500000       0.00000000    
   869.000000       0.00000000    
   869.500000       0.00000000    
   870.000000       0.00000000    
   870.500000       0.00000000    
   871.000000       0.00000000    
   871.500000       0.00000000    
   872.000000       0.00000000    
   872.500000       0.00000000    
   873.000000       0.00000000    
   873.500000       0.00000000    
   874.000000       0.00000000    
   874.500000       0.00000000    
   875.000000       0.00000000    
   875.500000       0.00000000    
   876.000000       0.00000000    
   876.500000       0.00000000    
   877.000000       0.00000000    
   877.500000       0.00000000    
   878.000000       0.00000000    
   878.500000       0.00000000    
   879.000000       0.00000000    
   879.500000       0.00000000    
   880.000000       0.00000000    
   880.500000       0.00000000    
   881.000000       0.00000000    
   881.500000       0.00000000    
   882.000000       0.00000000    
   882.500000       0.00000000    
   883.000000       0.00000000    
   883.500000       0.00000000    
   884.000000       0.00000000    
   884.500000       0.00000000    
   885.000000       0.00000000    
   885.500000       0.00000000    
   886.000000       0.00000000    
   886.500000       0.00000000    
   887.000000       0.00000000    
   887.500000       0.00000000    
   888.000000       0.00000000    
   888.500000       0.00000000    
   889.000000       0.00000000    
   889.500000       0.00000000    
   890.000000       0.00000000    
   890.500000       0.00000000    
   891.000000       0.00000000    
   891.500000       0.00000000    
   892.000000       0.00000000    
   892.500000       0.00000000    
   893.000000       0.00000000    
   893.500000       0.00000000    
   894.000000       0.00000000    
   894.500000       0.00000000    
   895.000000       0.00000000    
   895.500000       0.00000000    
   896.000000       0.00000000    
   896.500000       0.00000000    
   897.000000       0.00000000    
   897.500000       0.00000000    
   898.000000       0.00000000    
   898.500000       0.00000000    
   899.000000       0.00000000    
   899.500000       0.00000000    
   900.000000       0.00000000    
   900.500000       0.00000000    
   901.000000       0.00000000    
   901.500000       0.00000000    
   902.000000       0.00000000    
   902.500000       0.00000000    
   903.000000       0.00000000    
   903.500000       0.00000000    
   904.000000       0.00000000    
   904.500000       0.00000000    
   905.000000       0.00000000    
   905.500000       0.00000000    
   906.000000       0.00000000    
   906.500000       0.00000000    
   907.000000       0.00000000    
   907.500000       0.00000000    
   908.000000       0.00000000    
   908.500000       0.00000000    
   909.000000       0.00000000    
   909.500000       0.00000000    
   910.000000       0.00000000    
   910.500000       0.00000000    
   911.000000       0.00000000    
   911.500000       0.00000000    
   912.000000       0.00000000    
   912.500000       0.00000000    
   913.000000       0.00000000    
   913.500000       0.00000000    
   914.000000       0.00000000    
   914.500000       0.00000000    
   915.000000       0.00000000    
   915.500000       0.00000000    
   916.000000       0.00000000    
   916.500000       0.00000000    
   917.000000       0.00000000    
   917.500000       0.00000000    
   918.000000       0.00000000    
   918.500000       0.00000000    
   919.000000       0.00000000    
   919.500000       0.00000000    
   920.000000       0.00000000    
   920.500000       0.00000000    
   921.000000       0.00000000    
   921.500000       0.00000000    
   922.000000       0.00000000    
   922.500000       0.00000000    
   923.000000       0.00000000    
   923.500000       0.00000000    
   924.000000       0.00000000    
   924.500000       0.00000000    
   925.000000       0.00000000    
   925.500000       0.00000000    
   926.000000       0.00000000    
   926.500000       0.00000000    
   927.000000       0.00000000    
   927.500000       0.00000000    
   928.000000       0.00000000    
   928.500000       0.00000000    
   929.000000       0.00000000    
   929.500000       0.00000000    
   930.000000       0.00000000    
   930.500000       0.00000000    
   931.000000       0.00000000    
   931.500000       0.00000000    
   932.000000       0.00000000    
   932.500000       0.00000000    
   933.000000       0.00000000    
   933.500000       0.00000000    
   934.000000       0.00000000    
   934.500000       0.00000000    
   935.000000       0.00000000    
   935.500000       0.00000000    
   936.000000       0.00000000    
   936.500000       0.00000000    
   937.000000       0.00000000    
   937.500000       0.00000000    
   938.000000       0.00000000    
   938.500000       0.00000000    
   939.000000       0.00000000    
   939.500000       0.00000000    
   940.000000       0.00000000    
   940.500000       0.00000000    
   941.000000       0.00000000    
   941.500000       0.00000000    
   942.000000       0.00000000    
   942.500000       0.00000000    
   943.000000       0.00000000    
   943.500000       0.00000000    
   944.000000       0.00000000    
   944.500000       0.00000000    
   945.000000       0.00000000    
   945.500000       0.00000000    
   946.000000       0.00000000    
   946.500000       0.00000000    
   947.000000       0.00000000    
   947.500000       0.00000000    
   948.000000       0.00000000    
   948.500000       0.00000000    
   949.000000       0.00000000    
   949.500000       0.00000000    
   950.000000       0.00000000    
   950.500000       0.00000000    
   951.000000       0.00000000    
   951.500000       0.00000000    
   952.000000       0.00000000    
   952.500000       0.00000000    
   953.000000       0.00000000    
   953.500000       0.00000000    
   954.000000       0.00000000    
   954.500000       0.00000000    
   955.000000       0.00000000    
   955.500000       0.00000000    
   956.000000       0.00000000    
   956.500000       0.00000000    
   957.000000       0.00000000    
   957.500000       0.00000000    
   958.000000       0.00000000    
   958.500000       0.00000000    
   959.000000       0.00000000    
   959.500000       0.00000000    
   960.000000       0.00000000    
   960.500000       0.00000000    
   961.000000       0.00000000    
   961.500000       0.00000000    
   962.000000       0.00000000    
   962.500000       0.00000000    
   963.000000       0.00000000    
   963.500000       0.00000000    
   964.000000       0.00000000    
   964.500000       0.00000000    
   965.000000       0.00000000    
   965.500000       0.00000000    
   966.000000       0.00000000    
   966.500000       0.00000000    
   967.000000       0.00000000    
   967.500000       0.00000000    
   968.000000       0.00000000    
   968.500000       0.00000000    
   969.000000       0.00000000    
   969.500000       0.00000000    
   970.000000       0.00000000    
   970.500000       0.00000000    
   971.000000       0.00000000    
   971.500000       0.00000000    
   972.000000       0.00000000    
   972.500000       0.00000000    
   973.000000       0.00000000    
   973.500000       0.00000000    
   974.000000       0.00000000    
   974.500000       0.00000000    
   975.000000       0.00000000    
   975.500000       0.00000000    
   976.000000       0.00000000    
   976.500000       0.00000000    
   977.000000       0.00000000    
   977.500000       0.00000000    
   978.000000       0.00000000    
   978.500000       0.00000000    
   979.000000       0.00000000    
   979.500000       0.00000000    
   980.000000       0.00000000    
   980.500000       0.00000000    
   981.000000       0.00000000    
   981.500000       0.00000000    
   982.000000       0.00000000    
   982.500000       0.00000000    
   983.000000       0.00000000    
   983.500000       0.00000000    
   984.000000       0.00000000    
   984.500000       0.00000000    
   985.000000       0.00000000    
   985.500000       0.00000000    
   986.000000       0.00000000    
   986.500000       0.00000000    
   987.000000       0.00000000    
   987.500000       0.00000000    
   988.000000       0.00000000    
   988.500000       0.00000000    
   989.000000       0.00000000    
   989.500000       0.00000000    
   990.000000       0.00000000    
   990.500000       0.00000000    
   991.000000       0.00000000    
   991.500000       0.00000000    
   992.000000       0.00000000    
   992.500000       0.00000000    
   993.000000       0.00000000    
   993.500000       0.00000000    
   994.000000       0.00000000    
   994.500000       0.00000000    
   995.000000       0.00000000    
   995.500000       0.00000000    
   996.000000       0.00000000    
   996.500000       0.00000000    
   997.000000       0.00000000    
   997.500000       0.00000000    
   998.000000       0.00000000    
   998.500000       0.00000000    
   999.000000       0.00000000    
   999.500000       0.00000000    
   1000.00000       0.00000000    
