 -0.250000000       7.50530671E-06
  0.250000000       7.50530671E-06
  0.750000000      -2.66955776E-05
   1.25000000       3.74661686E-05
   1.75000000      -4.82821233E-05
   2.25000000       4.60914125E-05
   2.75000000      -4.00453064E-05
   3.25000000       2.05667639E-05
   3.75000000      -1.87064995E-06
   4.25000000      -1.90180090E-05
   4.75000000       2.31595677E-05
   5.25000000      -1.55759026E-05
   5.75000000      -1.23959244E-05
   6.25000000       3.64163534E-05
   6.75000000      -4.77963767E-05
   7.25000000       2.19766498E-05
   7.75000000       2.00446611E-05
   8.25000000      -5.27338198E-05
   8.75000000       2.43876875E-05
   9.25000000       4.78481161E-05
   9.75000000      -9.61679543E-05
   10.2500000       4.31702683E-05
   10.7500000       1.37027600E-04
   11.2500000       1.24635917E-04
   11.7500000       4.88989113E-04
   12.2500000       2.21322314E-03
   12.7500000       5.26878005E-03
   13.2500000       9.50028934E-03
   13.7500000       1.44611504E-02
   14.2500000       1.99926142E-02
   14.7500000       2.60089450E-02
   15.2500000       3.23079899E-02
   15.7500000       3.90135869E-02
   16.2500000       4.58419956E-02
   16.7500000       5.29709160E-02
   17.2500000       6.01997972E-02
   17.7500000       6.75517023E-02
   18.2500000       7.50742480E-02
   18.7500000       8.25343505E-02
   19.2500000       9.02013853E-02
   19.7500000       9.77359414E-02
   20.2500000      0.105363704    
   20.7500000      0.112950556    
   21.2500000      0.120391257    
   21.7500000      0.127926201    
   22.2500000      0.135116860    
   22.7500000      0.142393306    
   23.2500000      0.149303183    
   23.7500000      0.156061485    
   24.2500000      0.162624061    
   24.7500000      0.168526366    
   25.2500000      0.174646363    
   25.7500000      0.179296717    
   26.2500000      0.184285730    
   26.7500000      0.188398555    
   27.2500000      0.189030215    
   27.7500000      0.194531620    
   28.2500000      0.189961821    
   28.7500000      0.183358818    
   29.2500000      0.194261000    
   29.7500000      0.144021407    
   30.2500000       5.69151416E-02
   30.7500000       1.49907265E-02
   31.2500000       3.61567317E-03
   31.7500000       5.71057317E-04
   32.2500000      -6.78881406E-05
   32.7500000      -6.23855958E-05
   33.2500000      -1.01778669E-05
   33.7500000       2.25267831E-06
   34.2500000       9.96662152E-07
   34.7500000      -2.39364528E-08
   35.2500000      -6.01942531E-08
   35.7500000      -1.99473904E-09
   36.2500000       3.14825566E-09
   36.7500000       1.34801906E-10
   37.2500000      -1.56097996E-10
   37.7500000      -2.55832074E-12
   38.2500000       7.26321043E-12
   38.7500000      -2.68366248E-13
   39.2500000      -2.95823153E-13
   39.7500000       3.35696911E-14
   40.2500000       9.20042698E-15
   40.7500000      -2.20398460E-15
   41.2500000      -1.30508375E-16
   41.7500000       9.80187982E-17
   42.2500000      -6.68299648E-18
   42.7500000      -2.73256055E-18
   43.2500000       5.94084218E-19
   43.7500000       1.47466722E-20
   44.2500000      -2.24750885E-20
   44.7500000       2.78888467E-21
   45.2500000       3.24791074E-22
   45.7500000      -1.41446572E-22
   46.2500000       1.20935154E-23
   46.7500000       2.50609868E-24
   47.2500000      -7.95466728E-25
   47.7500000       5.82267787E-26
   48.2500000       1.40684160E-26
   48.7500000      -4.22914687E-27
   49.2500000       3.41893010E-28
   49.7500000       6.15067996E-29
   50.2500000      -2.12519854E-29
   50.7500000       2.21903015E-30
   51.2500000       1.80651335E-31
   51.7500000      -9.67661542E-32
   52.2500000       1.37594259E-32
   52.7500000      -4.16705401E-35
   53.2500000      -3.65561248E-34
   53.7500000       7.41390486E-35
   54.2500000      -5.19136661E-36
   54.7500000      -9.04608067E-37
   55.2500000       3.21301864E-37
   55.7500000      -4.28034575E-38
   56.2500000       6.17472359E-40
   56.7500000       9.64911702E-40
   57.2500000      -2.18905241E-40
   57.7500000       2.21068846E-41
   58.2500000       7.56701171E-43
   58.7500000      -7.11859620E-43
   59.2500000       1.35925951E-43
   59.7500000      -1.26116862E-44
   60.2500000      -2.80259693E-45
   60.7500000       0.00000000    
   61.2500000       0.00000000    
   61.7500000       0.00000000    
   62.2500000       0.00000000    
   62.7500000       0.00000000    
   63.2500000       0.00000000    
   63.7500000       0.00000000    
   64.2500000       0.00000000    
   64.7500000       0.00000000    
   65.2500000       0.00000000    
   65.7500000       0.00000000    
   66.2500000       0.00000000    
   66.7500000       0.00000000    
   67.2500000       0.00000000    
   67.7500000       0.00000000    
   68.2500000       0.00000000    
   68.7500000       0.00000000    
   69.2500000       0.00000000    
   69.7500000       0.00000000    
   70.2500000       0.00000000    
   70.7500000       0.00000000    
   71.2500000       0.00000000    
   71.7500000       0.00000000    
   72.2500000       0.00000000    
   72.7500000       0.00000000    
   73.2500000       0.00000000    
   73.7500000       0.00000000    
   74.2500000       0.00000000    
   74.7500000       0.00000000    
   75.2500000       0.00000000    
   75.7500000       0.00000000    
   76.2500000       0.00000000    
   76.7500000       0.00000000    
   77.2500000       0.00000000    
   77.7500000       0.00000000    
   78.2500000       0.00000000    
   78.7500000       0.00000000    
   79.2500000       0.00000000    
   79.7500000       0.00000000    
   80.2500000       0.00000000    
   80.7500000       0.00000000    
   81.2500000       0.00000000    
   81.7500000       0.00000000    
   82.2500000       0.00000000    
   82.7500000       0.00000000    
   83.2500000       0.00000000    
   83.7500000       0.00000000    
   84.2500000       0.00000000    
   84.7500000       0.00000000    
   85.2500000       0.00000000    
   85.7500000       0.00000000    
   86.2500000       0.00000000    
   86.7500000       0.00000000    
   87.2500000       0.00000000    
   87.7500000       0.00000000    
   88.2500000       0.00000000    
   88.7500000       0.00000000    
   89.2500000       0.00000000    
   89.7500000       0.00000000    
   90.2500000       0.00000000    
   90.7500000       0.00000000    
   91.2500000       0.00000000    
   91.7500000       0.00000000    
   92.2500000       0.00000000    
   92.7500000       0.00000000    
   93.2500000       0.00000000    
   93.7500000       0.00000000    
   94.2500000       0.00000000    
   94.7500000       0.00000000    
   95.2500000       0.00000000    
   95.7500000       0.00000000    
   96.2500000       0.00000000    
   96.7500000       0.00000000    
   97.2500000       0.00000000    
   97.7500000       0.00000000    
   98.2500000       0.00000000    
   98.7500000       0.00000000    
   99.2500000       0.00000000    
   99.7500000       0.00000000    
   100.250000       0.00000000    
