 -0.250000000      -3.86006377E-06
  0.250000000      -3.86006377E-06
  0.750000000      -3.32002196E-06
   1.25000000      -3.52162260E-06
   1.75000000      -5.07625145E-06
   2.25000000      -4.39411458E-08
   2.75000000      -1.05867357E-05
   3.25000000       6.71280077E-06
   3.75000000      -1.82669919E-05
   4.25000000       1.38730156E-05
   4.75000000      -2.36752057E-05
   5.25000000       1.54256304E-05
   5.75000000      -2.09566952E-05
   6.25000000       6.70153122E-06
   6.75000000      -7.68408609E-06
   7.25000000      -1.02378854E-05
   7.75000000       8.77604725E-06
   8.25000000      -2.32540024E-05
   8.75000000       1.27667281E-05
   9.25000000      -1.68384995E-05
   9.75000000      -5.55184761E-06
   10.2500000       8.42977079E-06
   10.7500000      -3.26999070E-05
   11.2500000       2.69397951E-05
   11.7500000      -3.71035494E-05
   12.2500000       1.25115766E-05
   12.7500000      -1.12619455E-05
   13.2500000      -1.55900543E-05
   13.7500000       1.45982278E-06
   14.2500000      -5.96184100E-06
   14.7500000      -3.11994954E-05
   15.2500000       2.86919840E-05
   15.7500000      -4.67747268E-05
   16.2500000       3.53224686E-06
   16.7500000       9.74331761E-06
   17.2500000      -5.73331963E-05
   17.7500000       3.00461124E-05
   18.2500000      -2.44866624E-05
   18.7500000      -3.38139253E-05
   19.2500000       6.13929569E-06
   19.7500000      -1.53713742E-07
   20.2500000      -6.45819746E-05
   20.7500000       1.24423950E-05
   21.2500000       2.37343793E-05
   21.7500000      -1.08196800E-04
   22.2500000       2.07752801E-05
   22.7500000       4.00941826E-05
   23.2500000      -9.22916734E-05
   23.7500000      -6.39997234E-05
   24.2500000       7.18079173E-05
   24.7500000       1.23437421E-04
   25.2500000      -1.02895194E-06
   25.7500000       4.48950828E-04
   26.2500000       2.02425546E-03
   26.7500000       4.54429490E-03
   27.2500000       7.95844011E-03
   27.7500000       1.18952552E-02
   28.2500000       1.61150862E-02
   28.7500000       2.07682755E-02
   29.2500000       2.55428124E-02
   29.7500000       3.04843653E-02
   30.2500000       3.57325859E-02
   30.7500000       4.09287065E-02
   31.2500000       4.63226624E-02
   31.7500000       5.18923327E-02
   32.2500000       5.73483296E-02
   32.7500000       6.30269423E-02
   33.2500000       6.87562302E-02
   33.7500000       7.44422525E-02
   34.2500000       8.01366195E-02
   34.7500000       8.61134678E-02
   35.2500000       9.19563472E-02
   35.7500000       9.70972627E-02
   36.2500000      0.104206294    
   36.7500000      0.109376386    
   37.2500000      0.113177255    
   37.7500000      0.124152131    
   38.2500000      0.125231430    
   38.7500000      0.127621561    
   39.2500000      0.148392513    
   39.7500000      0.136396572    
   40.2500000      0.139613062    
   40.7500000      0.180757582    
   41.2500000      0.138841972    
   41.7500000      0.146453738    
   42.2500000      0.225349963    
   42.7500000      0.132468954    
   43.2500000      0.139011815    
   43.7500000      0.281594992    
   44.2500000      0.130238757    
   44.7500000      0.102844797    
   45.2500000      0.327925563    
   45.7500000      0.159906849    
   46.2500000      -4.71347477E-03
   46.7500000      -2.57594022E-03
   47.2500000       5.10027981E-04
   47.7500000      -1.65276688E-05
   48.2500000      -8.52744870E-06
   48.7500000       2.38541043E-06
   49.2500000      -1.44567124E-07
   49.7500000      -8.31195806E-08
   50.2500000       8.83242990E-09
   50.7500000       2.96417446E-09
   51.2500000      -2.25334751E-11
   51.7500000      -1.58506042E-10
   52.2500000      -1.57612343E-11
   52.7500000       9.46866023E-12
   53.2500000       1.14912821E-12
   53.7500000      -5.36952861E-13
   54.2500000      -5.68097612E-14
   54.7500000       2.91349518E-14
   55.2500000       2.05596962E-15
   55.7500000      -1.51888476E-15
   56.2500000      -3.06749541E-17
   56.7500000       7.37162848E-17
   57.2500000      -3.09249496E-18
   57.7500000      -3.14832593E-18
   58.2500000       3.76124169E-19
   58.7500000       1.07337845E-19
   59.2500000      -2.56781774E-20
   59.7500000      -2.13559738E-21
   60.2500000       1.28212197E-21
   60.7500000      -4.65334912E-23
   61.2500000      -4.66474847E-23
   61.7500000       7.17467731E-24
   62.2500000       9.76395230E-25
   62.7500000      -3.97002139E-25
   63.2500000       1.31683657E-26
   63.7500000       1.32005750E-26
   64.2500000      -2.26239010E-27
   64.7500000      -1.71677467E-28
   65.2500000       1.06129633E-28
   65.7500000      -9.19294661E-30
   66.2500000      -2.39538966E-30
   66.7500000       6.81898960E-31
   67.2500000      -2.17583857E-32
   67.7500000      -1.99289977E-32
   68.2500000       3.89958092E-33
   68.7500000       3.90447336E-35
   69.2500000      -1.35772444E-34
   69.7500000       2.12558336E-35
   70.2500000       8.42913357E-37
   70.7500000      -8.29169063E-37
   71.2500000       1.16109909E-37
   71.7500000       6.00214248E-39
   72.2500000      -4.70615720E-39
   72.7500000       6.52539853E-40
   73.2500000       2.77779395E-41
   73.7500000      -2.50482100E-41
   74.2500000       3.75968378E-42
   74.7500000       6.02558340E-44
   75.2500000      -1.24715563E-43
   75.7500000       2.10194770E-44
   76.2500000       1.40129846E-45
   76.7500000       0.00000000    
   77.2500000       0.00000000    
   77.7500000       0.00000000    
   78.2500000       0.00000000    
   78.7500000       0.00000000    
   79.2500000       0.00000000    
   79.7500000       0.00000000    
   80.2500000       0.00000000    
   80.7500000       0.00000000    
   81.2500000       0.00000000    
   81.7500000       0.00000000    
   82.2500000       0.00000000    
   82.7500000       0.00000000    
   83.2500000       0.00000000    
   83.7500000       0.00000000    
   84.2500000       0.00000000    
   84.7500000       0.00000000    
   85.2500000       0.00000000    
   85.7500000       0.00000000    
   86.2500000       0.00000000    
   86.7500000       0.00000000    
   87.2500000       0.00000000    
   87.7500000       0.00000000    
   88.2500000       0.00000000    
   88.7500000       0.00000000    
   89.2500000       0.00000000    
   89.7500000       0.00000000    
   90.2500000       0.00000000    
   90.7500000       0.00000000    
   91.2500000       0.00000000    
   91.7500000       0.00000000    
   92.2500000       0.00000000    
   92.7500000       0.00000000    
   93.2500000       0.00000000    
   93.7500000       0.00000000    
   94.2500000       0.00000000    
   94.7500000       0.00000000    
   95.2500000       0.00000000    
   95.7500000       0.00000000    
   96.2500000       0.00000000    
   96.7500000       0.00000000    
   97.2500000       0.00000000    
   97.7500000       0.00000000    
   98.2500000       0.00000000    
   98.7500000       0.00000000    
   99.2500000       0.00000000    
   99.7500000       0.00000000    
   100.250000       0.00000000    
