   0.00000000       0.00000000    
  0.500000000      -6.79165441E-06
   1.00000000       1.34011943E-05
   1.50000000      -1.78384380E-05
   2.00000000       2.24770483E-05
   2.50000000      -2.27065138E-05
   3.00000000       2.38924513E-05
   3.50000000      -1.89665170E-05
   4.00000000       1.65388683E-05
   4.50000000      -7.56329246E-06
   5.00000000       4.06441541E-06
   5.50000000       5.28659439E-06
   6.00000000      -5.01939303E-06
   6.50000000       9.45307875E-06
   7.00000000      -7.76389697E-07
   7.50000000      -1.99634815E-06
   8.00000000       1.81811629E-05
   8.50000000      -2.27637684E-05
   9.00000000       3.71367496E-05
   9.50000000      -3.19877036E-05
   10.0000000       3.38702557E-05
   10.5000000      -1.22855272E-05
   11.0000000       3.67960456E-06
   11.5000000       2.24014730E-05
   12.0000000      -2.13886779E-05
   12.5000000       3.04688656E-05
   13.0000000      -6.16105081E-06
   13.5000000       1.82204440E-06
   14.0000000       2.29341822E-05
   14.5000000      -4.98190093E-06
   15.0000000       4.15624527E-07
   15.5000000       4.37373674E-05
   16.0000000      -4.43389072E-05
   16.5000000       5.66479721E-05
   17.0000000      -3.92713991E-06
   17.5000000      -1.49511761E-05
   18.0000000       5.77891478E-05
   18.5000000      -1.66301652E-05
   19.0000000       4.35941729E-06
   19.5000000       4.22764497E-05
   20.0000000       1.53490346E-05
   20.5000000      -3.76674034E-05
   21.0000000       8.29136407E-05
   21.5000000       1.81842624E-05
   22.0000000      -6.84492697E-05
   22.5000000       1.03575505E-04
   23.0000000       4.59073526E-05
   23.5000000      -6.25886169E-05
   24.0000000       7.58811802E-06
   24.5000000       1.60040800E-04
   25.0000000       1.48674793E-04
   25.5000000       4.43612662E-05
   26.0000000       7.62576412E-04
   26.5000000       2.59577716E-03
   27.0000000       5.33876615E-03
   27.5000000       8.93553998E-03
   28.0000000       1.29081467E-02
   28.5000000       1.71956085E-02
   29.0000000       2.18761191E-02
   29.5000000       2.65839398E-02
   30.0000000       3.15425619E-02
   30.5000000       3.67133096E-02
   31.0000000       4.17924821E-02
   31.5000000       4.71521243E-02
   32.0000000       5.25474846E-02
   32.5000000       5.78636266E-02
   33.0000000       6.34220988E-02
   33.5000000       6.89342842E-02
   34.0000000       7.44229406E-02
   34.5000000       7.98931271E-02
   35.0000000       8.57548043E-02
   35.5000000       9.10817683E-02
   36.0000000       9.61247906E-02
   36.5000000      0.103361838    
   37.0000000      0.106951348    
   37.5000000      0.111871049    
   38.0000000      0.122802325    
   38.5000000      0.119889632    
   39.0000000      0.127553865    
   39.5000000      0.145921275    
   40.0000000      0.125907242    
   40.5000000      0.144238070    
   41.0000000      0.175421655    
   41.5000000      0.120017953    
   42.0000000      0.160857111    
   42.5000000      0.215094447    
   43.0000000      0.101010747    
   43.5000000      0.166848451    
   44.0000000      0.268316269    
   44.5000000       8.15097168E-02
   45.0000000      0.138467267    
   45.5000000      0.325176477    
   46.0000000       9.35420543E-02
   46.5000000      -1.29806958E-02
   47.0000000      -4.44211240E-04
   47.5000000       3.93905444E-04
   48.0000000      -5.05101998E-05
   48.5000000      -3.57899808E-07
   49.0000000       1.69701627E-06
   49.5000000      -2.98990301E-07
   50.0000000      -3.24251381E-08
   50.5000000       1.07654028E-08
   51.0000000       1.40323497E-09
   51.5000000      -2.13207924E-10
   52.0000000      -1.15845923E-10
   52.5000000       2.82524611E-12
   53.0000000       7.80955335E-12
   53.5000000      -8.00851898E-14
   54.0000000      -4.42907592E-13
   54.5000000       1.06765081E-14
   55.0000000       2.28477634E-14
   55.5000000      -1.25866788E-15
   56.0000000      -1.08317610E-15
   56.5000000       1.13194863E-16
   57.0000000       4.51736336E-17
   57.5000000      -8.15784959E-18
   58.0000000      -1.48597186E-18
   58.5000000       4.81428215E-19
   59.0000000       2.48982528E-20
   59.5000000      -2.30625128E-20
   60.0000000       1.15261297E-21
   60.5000000       8.47201574E-22
   61.0000000      -1.37479182E-22
   61.5000000      -1.90205692E-23
   62.0000000       7.68469324E-24
   62.5000000      -1.75515832E-25
   63.0000000      -2.75983900E-25
   63.5000000       4.21070255E-26
   64.0000000       4.84930710E-27
   64.5000000      -2.22576276E-27
   65.0000000       1.31395066E-28
   65.5000000       6.21284417E-29
   66.0000000      -1.37647236E-29
   66.5000000      -1.57847074E-31
   67.0000000       5.06873822E-31
   67.5000000      -7.27908244E-32
   68.0000000      -5.96721928E-33
   68.5000000       3.42635297E-33
   69.0000000      -3.55020921E-34
   69.5000000      -5.56789143E-35
   70.0000000       2.10030678E-35
   70.5000000      -1.73300361E-36
   71.0000000      -3.83131502E-37
   71.5000000       1.22015833E-37
   72.0000000      -9.21057646E-39
   72.5000000      -2.21425476E-39
   73.0000000       6.84621180E-40
   73.5000000      -5.52209686E-41
   74.0000000      -1.09707657E-41
   74.5000000       3.71063833E-42
   75.0000000      -3.54528511E-43
   75.5000000      -4.48415509E-44
   76.0000000       1.96181785E-44
   76.5000000       0.00000000    
   77.0000000       0.00000000    
   77.5000000       0.00000000    
   78.0000000       0.00000000    
   78.5000000       0.00000000    
   79.0000000       0.00000000    
   79.5000000       0.00000000    
   80.0000000       0.00000000    
   80.5000000       0.00000000    
   81.0000000       0.00000000    
   81.5000000       0.00000000    
   82.0000000       0.00000000    
   82.5000000       0.00000000    
   83.0000000       0.00000000    
   83.5000000       0.00000000    
   84.0000000       0.00000000    
   84.5000000       0.00000000    
   85.0000000       0.00000000    
   85.5000000       0.00000000    
   86.0000000       0.00000000    
   86.5000000       0.00000000    
   87.0000000       0.00000000    
   87.5000000       0.00000000    
   88.0000000       0.00000000    
   88.5000000       0.00000000    
   89.0000000       0.00000000    
   89.5000000       0.00000000    
   90.0000000       0.00000000    
   90.5000000       0.00000000    
   91.0000000       0.00000000    
   91.5000000       0.00000000    
   92.0000000       0.00000000    
   92.5000000       0.00000000    
   93.0000000       0.00000000    
   93.5000000       0.00000000    
   94.0000000       0.00000000    
   94.5000000       0.00000000    
   95.0000000       0.00000000    
   95.5000000       0.00000000    
   96.0000000       0.00000000    
   96.5000000       0.00000000    
   97.0000000       0.00000000    
   97.5000000       0.00000000    
   98.0000000       0.00000000    
   98.5000000       0.00000000    
   99.0000000       0.00000000    
   99.5000000       0.00000000    
   100.000000       0.00000000    
