 -0.250000000      -1.20833993E-05
  0.250000000      -1.20833993E-05
  0.750000000      -9.02598458E-06
   1.25000000      -1.49430607E-05
   1.75000000      -7.36947550E-06
   2.25000000      -1.59171923E-05
   2.75000000      -8.38593314E-06
   3.25000000      -1.43931893E-05
   3.75000000      -1.25147726E-05
   4.25000000      -1.01439846E-05
   4.75000000      -1.91220261E-05
   5.25000000      -4.53035136E-06
   5.75000000      -2.64025002E-05
   6.25000000      -5.52103323E-08
   6.75000000      -3.12125667E-05
   7.25000000       1.09169299E-07
   7.75000000      -3.07358641E-05
   8.25000000      -6.40362350E-06
   8.75000000      -2.42208425E-05
   9.25000000      -1.78041755E-05
   9.75000000      -1.54461686E-05
   10.2500000      -2.86346749E-05
   10.7500000      -1.14890890E-05
   11.2500000      -3.09822608E-05
   11.7500000      -1.94703989E-05
   12.2500000      -2.08575366E-05
   12.7500000      -3.83806873E-05
   13.2500000      -4.54938299E-06
   13.7500000      -5.67005845E-05
   14.2500000       2.54852534E-06
   14.7500000      -5.86368769E-05
   15.2500000      -1.09176490E-05
   15.7500000      -4.12713744E-05
   16.2500000      -3.65185078E-05
   16.7500000      -2.38274424E-05
   17.2500000      -4.95566092E-05
   17.7500000      -2.85724782E-05
   18.2500000      -3.87260443E-05
   18.7500000      -4.81490097E-05
   19.2500000      -3.00003376E-05
   19.7500000      -4.70825471E-05
   20.2500000      -5.28702440E-05
   20.7500000      -1.87717051E-05
   21.2500000      -8.10824058E-05
   21.7500000      -1.55310645E-05
   22.2500000      -5.99421219E-05
   22.7500000      -6.32753508E-05
   23.2500000      -1.46715811E-05
   23.7500000      -8.91592208E-05
   24.2500000      -2.99622388E-05
   24.7500000      -4.92536165E-05
   25.2500000      -7.29051098E-05
   25.7500000      -3.92316288E-05
   26.2500000      -5.01755239E-05
   26.7500000      -7.46589358E-05
   27.2500000      -4.81677962E-05
   27.7500000      -3.31638439E-05
   28.2500000      -1.04917512E-04
   28.7500000      -2.63852926E-05
   29.2500000      -3.72849245E-05
   29.7500000      -1.23659585E-04
   30.2500000      -8.06073058E-06
   30.7500000      -4.68494036E-05
   31.2500000      -1.17951691E-04
   31.7500000      -2.98101859E-05
   32.2500000      -2.90031003E-05
   32.7500000      -9.06680070E-05
   33.2500000      -1.02799269E-04
   33.7500000      -1.44267938E-06
   34.2500000      -8.81242431E-06
   34.7500000      -1.86483652E-04
   35.2500000      -7.31316468E-05
   35.7500000       1.28546468E-04
   36.2500000      -1.03752682E-05
   36.7500000      -5.43895549E-05
   37.2500000       4.55830508E-04
   37.7500000       1.79235055E-03
   38.2500000       4.13778145E-03
   38.7500000       7.07218936E-03
   39.2500000       1.03229741E-02
   39.7500000       1.40398843E-02
   40.2500000       1.78965256E-02
   40.7500000       2.18085926E-02
   41.2500000       2.60787457E-02
   41.7500000       3.03112157E-02
   42.2500000       3.46143134E-02
   42.7500000       3.92432995E-02
   43.2500000       4.35282439E-02
   43.7500000       4.82658930E-02
   44.2500000       5.32333627E-02
   44.7500000       5.69797121E-02
   45.2500000       6.25468045E-02
   45.7500000       6.81965351E-02
   46.2500000       6.99179247E-02
   46.7500000       7.71194696E-02
   47.2500000       8.51212293E-02
   47.7500000       8.13860893E-02
   48.2500000       9.05096829E-02
   48.7500000      0.106378861    
   49.2500000       9.14493650E-02
   49.7500000       9.81197581E-02
   50.2500000      0.134613335    
   50.7500000      0.104899928    
   51.2500000       9.20242444E-02
   51.7500000      0.166059256    
   52.2500000      0.134614408    
   52.7500000       7.05973208E-02
   53.2500000      0.179036662    
   53.7500000      0.194579840    
   54.2500000       5.51279783E-02
   54.7500000      0.141818240    
   55.2500000      0.273536980    
   55.7500000       8.39442089E-02
   56.2500000       6.56185448E-02
   56.7500000      0.305557191    
   57.2500000      0.180270165    
   57.7500000       2.03340407E-02
   58.2500000      0.242164552    
   58.7500000      0.293685257    
   59.2500000       3.05346735E-02
   59.7500000      -7.61127472E-03
   60.2500000       6.25784567E-04
   60.7500000       8.97230057E-05
   61.2500000      -3.26893387E-05
   61.7500000       3.43608963E-06
   62.2500000       2.57034401E-07
   62.7500000      -1.35319567E-07
   63.2500000       1.73422183E-08
   63.7500000       4.39037695E-10
   64.2500000      -5.61526214E-10
   64.7500000       9.06647604E-11
   65.2500000       9.81464909E-13
   65.7500000      -2.73130151E-12
   66.2500000       3.23087748E-13
   66.7500000       2.43955653E-14
   67.2500000      -5.97215445E-15
   67.7500000      -5.30747404E-17
   68.2500000      -1.67500924E-16
   68.7500000       5.39273121E-17
   69.2500000       1.11391036E-17
   69.7500000      -4.76121562E-18
   70.2500000      -2.13302557E-19
   70.7500000       2.55471966E-19
   71.2500000      -7.38881344E-21
   71.7500000      -1.13397277E-20
   72.2500000       1.07261667E-21
   72.7500000       4.44222141E-22
   73.2500000      -8.02846967E-23
   73.7500000      -1.38899536E-23
   74.2500000       4.72458657E-24
   74.7500000       2.01928374E-25
   75.2500000      -2.24849936E-25
   75.7500000       1.30880868E-26
   76.2500000       8.23282512E-27
   76.7500000      -1.41589564E-27
   77.2500000      -1.86479395E-28
   77.7500000       7.89469619E-29
   78.2500000      -1.64021372E-30
   78.7500000      -2.95790095E-30
   79.2500000       4.28106485E-31
   79.7500000       6.16591103E-32
   80.2500000      -2.45012284E-32
   80.7500000       8.71705560E-34
   81.2500000       8.10514742E-34
   81.7500000      -1.44038695E-34
   82.2500000      -9.93141413E-36
   82.7500000       6.71397044E-36
   83.2500000      -6.11654269E-37
   83.7500000      -1.52306256E-37
   84.2500000       4.46909253E-38
   84.7500000      -1.38577348E-39
   85.2500000      -1.35857988E-39
   85.7500000       2.60532213E-40
   86.2500000       5.78596136E-42
   86.7500000      -9.86934508E-42
   87.2500000       1.40269976E-42
   87.7500000       1.05097385E-43
   88.2500000      -6.44597294E-44
   88.7500000       7.00649232E-45
   89.2500000       1.40129846E-45
   89.7500000       0.00000000    
   90.2500000       0.00000000    
   90.7500000       0.00000000    
   91.2500000       0.00000000    
   91.7500000       0.00000000    
   92.2500000       0.00000000    
   92.7500000       0.00000000    
   93.2500000       0.00000000    
   93.7500000       0.00000000    
   94.2500000       0.00000000    
   94.7500000       0.00000000    
   95.2500000       0.00000000    
   95.7500000       0.00000000    
   96.2500000       0.00000000    
   96.7500000       0.00000000    
   97.2500000       0.00000000    
   97.7500000       0.00000000    
   98.2500000       0.00000000    
   98.7500000       0.00000000    
   99.2500000       0.00000000    
   99.7500000       0.00000000    
   100.250000       0.00000000    
