   0.00000000       0.00000000    
  0.500000000      -4.29615648E-06
   1.00000000       1.09637203E-05
   1.50000000      -1.21519151E-05
   2.00000000       2.05433462E-05
   2.50000000      -1.76544181E-05
   3.00000000       2.69966840E-05
   3.50000000      -1.93407323E-05
   4.00000000       2.92979967E-05
   4.50000000      -1.62155320E-05
   5.00000000       2.65970448E-05
   5.50000000      -8.05196760E-06
   6.00000000       1.96160272E-05
   6.50000000       3.50412665E-06
   7.00000000       1.11941172E-05
   7.50000000       1.45051836E-05
   8.00000000       6.11819269E-06
   8.50000000       1.97080444E-05
   9.00000000       9.00422037E-06
   9.50000000       1.62101169E-05
   10.0000000       2.08392048E-05
   10.5000000       5.97654707E-06
   11.0000000       3.58091456E-05
   11.5000000      -2.12497844E-06
   12.0000000       4.29323409E-05
   12.5000000       3.25977544E-06
   13.0000000       3.35271834E-05
   13.5000000       2.56013373E-05
   14.0000000       1.15703915E-05
   14.5000000       5.22960254E-05
   15.0000000      -3.81414429E-06
   15.5000000       6.18745617E-05
   16.0000000       5.11179860E-06
   16.5000000       4.66422207E-05
   17.0000000       3.15227262E-05
   17.5000000       2.80229578E-05
   18.0000000       4.46659687E-05
   18.5000000       3.49972761E-05
   19.0000000       3.01798955E-05
   19.5000000       5.82768953E-05
   20.0000000       2.12597133E-05
   20.5000000       5.20753965E-05
   21.0000000       5.42910930E-05
   21.5000000       1.19895485E-05
   22.0000000       9.11321113E-05
   22.5000000       7.92201536E-06
   23.0000000       6.32148731E-05
   23.5000000       6.50932852E-05
   24.0000000       1.30322005E-05
   24.5000000       8.70571603E-05
   25.0000000       3.69920272E-05
   25.5000000       4.31402877E-05
   26.0000000       7.04736158E-05
   26.5000000       5.35089384E-05
   27.0000000       3.21721309E-05
   27.5000000       8.13257429E-05
   28.0000000       6.15167082E-05
   28.5000000       8.14471059E-06
   29.0000000       1.17623480E-04
   29.5000000       4.12669397E-05
   30.0000000       7.55702786E-06
   30.5000000       1.33008987E-04
   31.0000000       3.42971980E-05
   31.5000000       1.46598395E-05
   32.0000000       1.06932581E-04
   32.5000000       7.68457103E-05
   33.0000000       1.58787661E-05
   33.5000000       3.03753623E-05
   34.0000000       1.49841857E-04
   34.5000000       6.87907159E-05
   35.0000000      -8.77721395E-05
   35.5000000       1.21750520E-04
   36.0000000       2.52216501E-04
   36.5000000       5.62490786E-05
   37.0000000       1.13871385E-04
   37.5000000       7.89336627E-04
   38.0000000       2.37612985E-03
   38.5000000       4.93542431E-03
   39.0000000       7.93063734E-03
   39.5000000       1.12687731E-02
   40.0000000       1.50515288E-02
   40.5000000       1.88474916E-02
   41.0000000       2.27894504E-02
   41.5000000       2.70565227E-02
   42.0000000       3.11655980E-02
   42.5000000       3.55031341E-02
   43.0000000       4.00163271E-02
   43.5000000       4.41368483E-02
   44.0000000       4.90239710E-02
   44.5000000       5.35852052E-02
   45.0000000       5.71586341E-02
   45.5000000       6.33148402E-02
   46.0000000       6.78070784E-02
   46.5000000       6.92962408E-02
   47.0000000       7.84388185E-02
   47.5000000       8.36217031E-02
   48.0000000       7.89555833E-02
   48.5000000       9.35734510E-02
   49.0000000      0.103891395    
   49.5000000       8.47551823E-02
   50.0000000      0.104352280    
   50.5000000      0.133306473    
   51.0000000       8.97708088E-02
   51.5000000      0.100380875    
   52.0000000      0.172416016    
   52.5000000      0.107538238    
   53.0000000       7.29656667E-02
   53.5000000      0.202939838    
   54.0000000      0.158405259    
   54.5000000       3.81335206E-02
   55.0000000      0.183564484    
   55.5000000      0.245827824    
   56.0000000       3.95945646E-02
   56.5000000      0.101204872    
   57.0000000      0.316521257    
   57.5000000      0.111645572    
   58.0000000       2.62408704E-02
   58.5000000      0.292016387    
   59.0000000      0.226187468    
   59.5000000      -1.42504368E-03
   60.0000000      -4.92710294E-03
   60.5000000       9.23592830E-04
   61.0000000      -3.47750902E-05
   61.5000000      -1.83188713E-05
   62.0000000       4.18167338E-06
   62.5000000      -2.56055358E-07
   63.0000000      -6.43165237E-08
   63.5000000       1.81886950E-08
   64.0000000      -1.58917368E-09
   64.5000000      -2.12379642E-10
   65.0000000       8.42243011E-11
   65.5000000      -8.06784327E-12
   66.0000000      -1.10616442E-12
   66.5000000       3.36590564E-13
   67.0000000      -1.30311276E-14
   67.5000000      -3.00318094E-15
   68.0000000       2.46629260E-17
   68.5000000      -9.89044109E-17
   69.0000000       5.86029538E-17
   69.5000000       4.88997332E-19
   70.0000000      -3.83784052E-18
   70.5000000       3.20113779E-19
   71.0000000       1.64283614E-19
   71.5000000      -2.64852117E-20
   72.0000000      -5.80719564E-21
   72.5000000       1.58823868E-21
   73.0000000       1.56666993E-22
   73.5000000      -8.35259306E-23
   74.0000000      -5.89337472E-25
   74.5000000       3.79345618E-24
   75.0000000      -3.10567587E-25
   75.5000000      -1.36917817E-25
   76.0000000       2.68863333E-26
   76.5000000       3.07341749E-27
   77.0000000      -1.45845494E-27
   77.5000000       3.34918194E-29
   78.0000000       5.59814270E-29
   78.5000000      -7.93320411E-30
   79.0000000      -1.28380478E-30
   79.5000000       4.73315528E-31
   80.0000000      -9.84472992E-33
   80.5000000      -1.70642753E-32
   81.0000000       2.64539347E-33
   81.5000000       2.89018406E-34
   82.0000000      -1.39445072E-34
   82.5000000       8.89530167E-36
   83.0000000       3.86670953E-36
   83.5000000      -8.89225531E-37
   84.0000000      -8.17420554E-39
   84.5000000       3.31439737E-38
   85.0000000      -4.77205746E-39
   85.5000000      -4.29957605E-40
   86.0000000       2.34421819E-40
   86.5000000      -2.23493092E-41
   87.0000000      -4.47154340E-42
   87.5000000       1.49378416E-42
   88.0000000      -9.24856986E-44
   88.5000000      -3.36311631E-44
   89.0000000       8.40779079E-45
   89.5000000       0.00000000    
   90.0000000       0.00000000    
   90.5000000       0.00000000    
   91.0000000       0.00000000    
   91.5000000       0.00000000    
   92.0000000       0.00000000    
   92.5000000       0.00000000    
   93.0000000       0.00000000    
   93.5000000       0.00000000    
   94.0000000       0.00000000    
   94.5000000       0.00000000    
   95.0000000       0.00000000    
   95.5000000       0.00000000    
   96.0000000       0.00000000    
   96.5000000       0.00000000    
   97.0000000       0.00000000    
   97.5000000       0.00000000    
   98.0000000       0.00000000    
   98.5000000       0.00000000    
   99.0000000       0.00000000    
   99.5000000       0.00000000    
   100.000000       0.00000000    
