 -0.250000000      -7.90864033E-06
  0.250000000      -7.90864033E-06
  0.750000000       3.82152666E-06
   1.25000000      -1.92784664E-05
   1.75000000       1.44393489E-05
   2.25000000      -2.89625350E-05
   2.75000000       2.21490154E-05
   3.25000000      -3.46149318E-05
   3.75000000       2.44113944E-05
   4.25000000      -3.39811631E-05
   4.75000000       1.96989276E-05
   5.25000000      -2.63409565E-05
   5.75000000       8.71021621E-06
   6.25000000      -1.42724439E-05
   6.75000000      -4.09572704E-06
   7.25000000      -4.51187543E-06
   7.75000000      -1.02436379E-05
   8.25000000      -5.49036622E-06
   8.75000000      -3.31073011E-06
   9.25000000      -1.99623373E-05
   9.75000000       1.34885549E-05
   10.2500000      -3.77444558E-05
   10.7500000       2.44442654E-05
   11.2500000      -4.04067578E-05
   11.7500000       1.29702748E-05
   12.2500000      -1.97092922E-05
   12.7500000      -1.57443301E-05
   13.2500000       4.66221354E-06
   13.7500000      -3.13442360E-05
   14.2500000       1.35993685E-06
   14.7500000      -1.52705434E-05
   15.2500000      -2.36637552E-05
   15.7500000      -8.80162588E-07
   16.2500000      -2.09783138E-05
   16.7500000      -3.02331664E-05
   17.2500000       1.75737478E-05
   17.7500000      -6.23140877E-05
   18.2500000       1.37947463E-05
   18.7500000      -2.39732253E-05
   19.2500000      -4.84461816E-05
   19.7500000       1.81476153E-05
   20.2500000      -4.90805942E-05
   20.7500000      -2.82403907E-05
   21.2500000      -4.67370455E-06
   21.7500000      -3.18790735E-05
   22.2500000      -5.84701120E-05
   22.7500000       1.57362647E-05
   23.2500000      -3.80199890E-05
   23.7500000      -8.80548687E-05
   24.2500000       4.43569697E-05
   24.7500000      -5.06703764E-05
   25.2500000      -9.89091277E-05
   25.7500000       1.95844623E-05
   26.2500000      -2.94398660E-06
   26.7500000      -9.56859440E-05
   27.2500000      -9.96637173E-05
   27.7500000       8.88984869E-05
   28.2500000       9.76226002E-05
   28.7500000      -5.73272991E-05
   29.2500000       4.63080825E-04
   29.7500000       1.94858806E-03
   30.2500000       4.37913137E-03
   30.7500000       7.67647056E-03
   31.2500000       1.13571566E-02
   31.7500000       1.53895961E-02
   32.2500000       1.98037233E-02
   32.7500000       2.42564064E-02
   33.2500000       2.89587043E-02
   33.7500000       3.38874348E-02
   34.2500000       3.87461931E-02
   34.7500000       4.38591428E-02
   35.2500000       4.90511358E-02
   35.7500000       5.42136244E-02
   36.2500000       5.95428199E-02
   36.7500000       6.48342147E-02
   37.2500000       7.04218522E-02
   37.7500000       7.55434334E-02
   38.2500000       8.09693411E-02
   38.7500000       8.74485597E-02
   39.2500000       9.11176056E-02
   39.7500000       9.74321365E-02
   40.2500000      0.105799034    
   40.7500000      0.104776002    
   41.2500000      0.114543818    
   41.7500000      0.126747534    
   42.2500000      0.113815427    
   42.7500000      0.132539466    
   43.2500000      0.153069988    
   43.7500000      0.114704810    
   44.2500000      0.149275795    
   44.7500000      0.189681917    
   45.2500000      0.106517576    
   45.7500000      0.155520454    
   46.2500000      0.241358578    
   46.7500000       9.84988585E-02
   47.2500000      0.134642124    
   47.7500000      0.301756233    
   48.2500000      0.113761865    
   48.7500000       8.36135074E-02
   49.2500000      0.333186597    
   49.7500000      0.172609717    
   50.2500000      -4.82265279E-03
   50.7500000      -2.62764399E-03
   51.2500000       5.87892486E-04
   51.7500000      -2.81016473E-05
   52.2500000      -1.00231546E-05
   52.7500000       2.43516638E-06
   53.2500000      -1.91943371E-07
   53.7500000      -4.30532943E-08
   54.2500000       1.37901308E-08
   54.7500000      -7.95057908E-11
   55.2500000      -3.73482745E-10
   55.7500000      -4.97754268E-12
   56.2500000       9.24220856E-12
   56.7500000       2.27434412E-12
   57.2500000      -4.43772027E-13
   57.7500000      -1.71340088E-13
   58.2500000       2.90358320E-14
   58.7500000       8.94635182E-15
   59.2500000      -1.80031538E-15
   59.7500000      -3.91430151E-16
   60.2500000       1.05032171E-16
   60.7500000       1.40674835E-17
   61.2500000      -5.76451581E-18
   61.7500000      -3.10519156E-19
   62.2500000       2.86687695E-19
   62.7500000      -7.09348411E-21
   63.2500000      -1.22071567E-20
   63.7500000       1.35798803E-21
   64.2500000       4.02305834E-22
   64.7500000      -9.64153245E-23
   65.2500000      -7.03808447E-24
   65.7500000       4.71512813E-24
   66.2500000      -2.35268077E-25
   66.7500000      -1.61684192E-25
   67.2500000       2.84896253E-26
   67.7500000       2.80522559E-27
   68.2500000      -1.45033262E-27
   68.7500000       8.18429166E-29
   69.2500000       4.35266096E-29
   69.7500000      -8.98162921E-30
   70.2500000      -3.41208065E-31
   70.7500000       3.74446249E-31
   71.2500000      -4.23014308E-32
   71.7500000      -7.01156593E-33
   72.2500000       2.54582395E-33
   72.7500000      -1.47530786E-34
   73.2500000      -6.46201100E-35
   73.7500000       1.52827854E-35
   74.2500000      -2.76609949E-37
   74.7500000      -4.66479524E-37
   75.2500000       8.63171884E-38
   75.7500000       8.86234398E-40
   76.2500000      -2.96452117E-39
   76.7500000       4.79574781E-40
   77.2500000       1.19320564E-41
   77.7500000      -1.73410685E-41
   78.2500000       2.69609825E-42
   78.7500000       6.16571324E-44
   79.2500000      -9.38869971E-44
   79.7500000       1.68155816E-44
   80.2500000       1.40129846E-45
   80.7500000       0.00000000    
   81.2500000       0.00000000    
   81.7500000       0.00000000    
   82.2500000       0.00000000    
   82.7500000       0.00000000    
   83.2500000       0.00000000    
   83.7500000       0.00000000    
   84.2500000       0.00000000    
   84.7500000       0.00000000    
   85.2500000       0.00000000    
   85.7500000       0.00000000    
   86.2500000       0.00000000    
   86.7500000       0.00000000    
   87.2500000       0.00000000    
   87.7500000       0.00000000    
   88.2500000       0.00000000    
   88.7500000       0.00000000    
   89.2500000       0.00000000    
   89.7500000       0.00000000    
   90.2500000       0.00000000    
   90.7500000       0.00000000    
   91.2500000       0.00000000    
   91.7500000       0.00000000    
   92.2500000       0.00000000    
   92.7500000       0.00000000    
   93.2500000       0.00000000    
   93.7500000       0.00000000    
   94.2500000       0.00000000    
   94.7500000       0.00000000    
   95.2500000       0.00000000    
   95.7500000       0.00000000    
   96.2500000       0.00000000    
   96.7500000       0.00000000    
   97.2500000       0.00000000    
   97.7500000       0.00000000    
   98.2500000       0.00000000    
   98.7500000       0.00000000    
   99.2500000       0.00000000    
   99.7500000       0.00000000    
   100.250000       0.00000000    
