   0.00000000       0.00000000    
  0.500000000      -2.45892761E-06
   1.00000000       5.85105408E-06
   1.50000000      -7.83903761E-06
   2.00000000       1.30676290E-05
   2.50000000      -1.47825558E-05
   3.00000000       2.15490072E-05
   3.50000000      -2.22718427E-05
   4.00000000       2.90622284E-05
   4.50000000      -2.69736156E-05
   5.00000000       3.20746040E-05
   5.50000000      -2.49310851E-05
   6.00000000       2.65533818E-05
   6.50000000      -1.36478648E-05
   7.00000000       1.29340606E-05
   7.50000000       3.12804741E-06
   8.00000000      -1.49827883E-06
   8.50000000       1.48132576E-05
   9.00000000      -4.39197811E-06
   9.50000000       9.83711288E-06
   10.0000000       1.18437856E-05
   10.5000000      -1.18351891E-05
   11.0000000       3.77015895E-05
   11.5000000      -3.11148651E-05
   12.0000000       4.80464150E-05
   12.5000000      -2.39361125E-05
   13.0000000       2.82288966E-05
   13.5000000       7.42197153E-06
   14.0000000       1.09635039E-06
   14.5000000       2.44314142E-05
   15.0000000       7.01007775E-06
   15.5000000       3.56529836E-06
   16.0000000       3.66650129E-05
   16.5000000      -9.89052023E-06
   17.0000000       2.52664504E-05
   17.5000000       3.47301684E-05
   18.0000000      -2.71229983E-05
   18.5000000       7.22015320E-05
   19.0000000      -1.65510719E-05
   19.5000000       2.12651867E-05
   20.0000000       5.22298869E-05
   20.5000000      -1.10550154E-05
   21.0000000       3.29832255E-05
   21.5000000       4.57620990E-05
   22.0000000       8.03114563E-06
   22.5000000       7.05973434E-06
   23.0000000       8.97912541E-05
   23.5000000      -1.65666279E-05
   24.0000000       6.00828935E-06
   24.5000000       1.21011115E-04
   25.0000000      -2.58542404E-05
   25.5000000       3.82424332E-07
   26.0000000       1.08396882E-04
   26.5000000       5.21916882E-05
   27.0000000      -3.89961533E-05
   27.5000000       1.10723777E-05
   28.0000000       2.22390096E-04
   28.5000000       1.30064873E-04
   29.0000000       4.34274843E-05
   29.5000000       8.09780322E-04
   30.0000000       2.52105668E-03
   30.5000000       5.19734947E-03
   31.0000000       8.63379706E-03
   31.5000000       1.23493131E-02
   32.0000000       1.64709538E-02
   32.5000000       2.08757464E-02
   33.0000000       2.52833962E-02
   33.5000000       3.00147906E-02
   34.0000000       3.48442085E-02
   34.5000000       3.96243483E-02
   35.0000000       4.46987748E-02
   35.5000000       4.97241616E-02
   36.0000000       5.47953993E-02
   36.5000000       5.99590912E-02
   37.0000000       6.51162043E-02
   37.5000000       7.05555156E-02
   38.0000000       7.52648115E-02
   38.5000000       8.09219256E-02
   39.0000000       8.68697762E-02
   39.5000000       8.97650719E-02
   40.0000000       9.75177884E-02
   40.5000000      0.103882372    
   41.0000000      0.101823695    
   41.5000000      0.116025262    
   42.0000000      0.122127980    
   42.5000000      0.108431853    
   43.0000000      0.138018921    
   43.5000000      0.143462002    
   44.0000000      0.105111629    
   44.5000000      0.163021013    
   45.0000000      0.172770560    
   45.5000000       8.87231529E-02
   46.0000000      0.182224736    
   46.5000000      0.217954874    
   47.0000000       6.60862699E-02
   47.5000000      0.173911989    
   48.0000000      0.281423897    
   48.5000000       6.13860041E-02
   49.0000000      0.122012451    
   49.5000000      0.335814953    
   50.0000000      0.102459669    
   50.5000000      -1.38876699E-02
   51.0000000      -3.39108345E-04
   51.5000000       4.34052548E-04
   52.0000000      -6.31570583E-05
   52.5000000      -3.19181254E-07
   53.0000000       1.66247878E-06
   53.5000000      -3.08418493E-07
   54.0000000       2.99619174E-09
   54.5000000       9.83229054E-09
   55.0000000      -1.06664588E-09
   55.5000000      -1.93192309E-10
   56.0000000       1.51419016E-11
   56.5000000       7.31178486E-12
   57.0000000       9.37492271E-13
   57.5000000      -5.30074790E-13
   58.0000000      -7.10710245E-14
   58.5000000       3.38595729E-14
   59.0000000       2.98062657E-15
   59.5000000      -1.87686175E-15
   60.0000000      -8.01028470E-17
   60.5000000       9.62779205E-17
   61.0000000      -8.38318186E-19
   61.5000000      -4.55391630E-18
   62.0000000       3.25102014E-19
   62.5000000       1.87921735E-19
   63.0000000      -2.90369508E-20
   63.5000000      -6.01594242E-21
   64.0000000       1.80329614E-21
   64.5000000       9.22079822E-23
   65.0000000      -8.57775731E-23
   65.5000000       4.97191261E-24
   66.0000000       3.00624675E-24
   66.5000000      -5.38993158E-25
   67.0000000      -5.80364105E-26
   67.5000000       2.83159372E-26
   68.0000000      -1.24293799E-27
   68.5000000      -9.33926282E-28
   69.0000000       1.69871403E-28
   69.5000000       1.23132714E-29
   70.0000000      -8.01828131E-30
   70.5000000       6.76483833E-31
   71.0000000       1.94440472E-31
   71.5000000      -5.28770743E-32
   72.0000000       9.79138489E-34
   72.5000000       1.71487232E-33
   73.0000000      -2.99450987E-34
   73.5000000      -1.21910617E-35
   74.0000000       1.21928826E-35
   74.5000000      -1.56000347E-36
   75.0000000      -1.53650650E-37
   75.5000000       7.74713685E-38
   76.0000000      -7.96567692E-39
   76.5000000      -1.17831965E-39
   77.0000000       4.61339684E-40
   77.5000000      -4.23976863E-41
   78.0000000      -7.26573254E-42
   78.5000000       2.63724371E-42
   79.0000000      -2.43825933E-43
   79.5000000      -3.50324616E-44
   80.0000000       1.54142831E-44
   80.5000000       0.00000000    
   81.0000000       0.00000000    
   81.5000000       0.00000000    
   82.0000000       0.00000000    
   82.5000000       0.00000000    
   83.0000000       0.00000000    
   83.5000000       0.00000000    
   84.0000000       0.00000000    
   84.5000000       0.00000000    
   85.0000000       0.00000000    
   85.5000000       0.00000000    
   86.0000000       0.00000000    
   86.5000000       0.00000000    
   87.0000000       0.00000000    
   87.5000000       0.00000000    
   88.0000000       0.00000000    
   88.5000000       0.00000000    
   89.0000000       0.00000000    
   89.5000000       0.00000000    
   90.0000000       0.00000000    
   90.5000000       0.00000000    
   91.0000000       0.00000000    
   91.5000000       0.00000000    
   92.0000000       0.00000000    
   92.5000000       0.00000000    
   93.0000000       0.00000000    
   93.5000000       0.00000000    
   94.0000000       0.00000000    
   94.5000000       0.00000000    
   95.0000000       0.00000000    
   95.5000000       0.00000000    
   96.0000000       0.00000000    
   96.5000000       0.00000000    
   97.0000000       0.00000000    
   97.5000000       0.00000000    
   98.0000000       0.00000000    
   98.5000000       0.00000000    
   99.0000000       0.00000000    
   99.5000000       0.00000000    
   100.000000       0.00000000    
