   0.00000000       0.00000000    
  0.500000000      -5.17367425E-06
   1.00000000       1.07814558E-05
   1.50000000      -1.62290162E-05
   2.00000000       2.28260269E-05
   2.50000000      -2.76792434E-05
   3.00000000       3.31288247E-05
   3.50000000      -3.41314990E-05
   4.00000000       3.41873383E-05
   4.50000000      -2.71491936E-05
   5.00000000       1.94211916E-05
   5.50000000      -4.72186275E-06
   6.00000000      -6.30162731E-06
   6.50000000       1.91862291E-05
   7.00000000      -2.06938712E-05
   7.50000000       1.87128880E-05
   8.00000000      -2.10294820E-06
   8.50000000      -1.33951507E-05
   9.00000000       3.46601628E-05
   9.50000000      -3.94777198E-05
   10.0000000       3.78778532E-05
   10.5000000      -1.48361087E-05
   11.0000000      -3.02780973E-06
   11.5000000       2.06265959E-05
   12.0000000      -6.11132600E-06
   12.5000000      -1.72959444E-05
   13.0000000       5.60718909E-05
   13.5000000      -5.90432028E-05
   14.0000000       3.82506259E-05
   14.5000000       2.07564772E-05
   15.0000000      -4.64288860E-05
   15.5000000       3.67972316E-05
   16.0000000       2.78419866E-05
   16.5000000      -4.27974628E-05
   17.0000000      -4.08224150E-06
   17.5000000       1.04381412E-04
   18.0000000      -8.23767623E-05
   18.5000000      -4.02713267E-05
   19.0000000       1.54085283E-04
   19.5000000       1.02236969E-04
   20.0000000       9.85307561E-05
   20.5000000       7.19007337E-04
   21.0000000       2.65689963E-03
   21.5000000       5.66623081E-03
   22.0000000       9.45011899E-03
   22.5000000       1.38838459E-02
   23.0000000       1.85634419E-02
   23.5000000       2.36475095E-02
   24.0000000       2.89591048E-02
   24.5000000       3.43610905E-02
   25.0000000       4.00952622E-02
   25.5000000       4.57967930E-02
   26.0000000       5.16534448E-02
   26.5000000       5.76913282E-02
   27.0000000       6.35782108E-02
   27.5000000       6.97352439E-02
   28.0000000       7.58287311E-02
   28.5000000       8.18374902E-02
   29.0000000       8.81245732E-02
   29.5000000       9.41459313E-02
   30.0000000      0.100172982    
   30.5000000      0.106515743    
   31.0000000      0.112325758    
   31.5000000      0.118093714    
   32.0000000      0.124994934    
   32.5000000      0.129499912    
   33.0000000      0.135436028    
   33.5000000      0.144031182    
   34.0000000      0.143204749    
   34.5000000      0.153918505    
   35.0000000      0.163123459    
   35.5000000      0.148936927    
   36.0000000      0.178847328    
   36.5000000      0.178487867    
   37.0000000      0.140872359    
   37.5000000      0.216958225    
   38.0000000      0.185672373    
   38.5000000      0.109220117    
   39.0000000      0.262456536    
   39.5000000      0.198350728    
   40.0000000       1.24096163E-02
   40.5000000      -4.71391901E-03
   41.0000000       2.51815363E-04
   41.5000000       6.10612915E-07
   42.0000000      -2.28029876E-05
   42.5000000       3.72161389E-06
   43.0000000       1.43073021E-06
   43.5000000      -6.00711161E-08
   44.0000000      -8.60435421E-08
   44.5000000      -7.66723929E-09
   45.0000000       4.71637929E-09
   45.5000000       8.25416513E-10
   46.0000000      -2.44611970E-10
   46.5000000      -5.43239238E-11
   47.0000000       1.29014950E-11
   47.5000000       2.87272853E-12
   48.0000000      -7.12447354E-13
   48.5000000      -1.25318701E-13
   49.0000000       3.96801800E-14
   49.5000000       4.07053372E-15
   50.0000000      -2.08322375E-15
   50.5000000      -4.69451732E-17
   51.0000000       9.61793537E-17
   51.5000000      -5.85173787E-18
   52.0000000      -3.58007574E-18
   52.5000000       5.87706345E-19
   53.0000000       8.68902439E-20
   53.5000000      -3.30476394E-20
   54.0000000       3.09510750E-22
   54.5000000       1.24914744E-21
   55.0000000      -1.66161218E-22
   55.5000000      -2.57667578E-23
   56.0000000       9.58239123E-24
   56.5000000      -3.68371000E-25
   57.0000000      -2.93586148E-25
   57.5000000       5.55217746E-26
   58.0000000       2.07722753E-27
   58.5000000      -2.23747858E-27
   59.0000000       2.75263441E-28
   59.5000000       3.21301538E-29
   60.0000000      -1.43581929E-29
   60.5000000       1.28999427E-30
   61.0000000       2.53922249E-31
   61.5000000      -8.45627067E-32
   62.0000000       6.39271958E-33
   62.5000000       1.56171386E-33
   63.0000000      -4.75260356E-34
   63.5000000       3.63852264E-35
   64.0000000       8.02182341E-36
   64.5000000      -2.57108467E-36
   65.0000000       2.32628818E-37
   65.5000000       3.34450259E-38
   66.0000000      -1.31842007E-38
   66.5000000       1.52233001E-39
   67.0000000       9.22306623E-41
   67.5000000      -6.18014662E-41
   68.0000000       9.39710750E-42
   68.5000000      -8.68805048E-44
   69.0000000      -2.48029828E-43
   69.5000000       5.04467447E-44
   70.0000000      -2.80259693E-45
   70.5000000       0.00000000    
   71.0000000       0.00000000    
   71.5000000       0.00000000    
   72.0000000       0.00000000    
   72.5000000       0.00000000    
   73.0000000       0.00000000    
   73.5000000       0.00000000    
   74.0000000       0.00000000    
   74.5000000       0.00000000    
   75.0000000       0.00000000    
   75.5000000       0.00000000    
   76.0000000       0.00000000    
   76.5000000       0.00000000    
   77.0000000       0.00000000    
   77.5000000       0.00000000    
   78.0000000       0.00000000    
   78.5000000       0.00000000    
   79.0000000       0.00000000    
   79.5000000       0.00000000    
   80.0000000       0.00000000    
   80.5000000       0.00000000    
   81.0000000       0.00000000    
   81.5000000       0.00000000    
   82.0000000       0.00000000    
   82.5000000       0.00000000    
   83.0000000       0.00000000    
   83.5000000       0.00000000    
   84.0000000       0.00000000    
   84.5000000       0.00000000    
   85.0000000       0.00000000    
   85.5000000       0.00000000    
   86.0000000       0.00000000    
   86.5000000       0.00000000    
   87.0000000       0.00000000    
   87.5000000       0.00000000    
   88.0000000       0.00000000    
   88.5000000       0.00000000    
   89.0000000       0.00000000    
   89.5000000       0.00000000    
   90.0000000       0.00000000    
   90.5000000       0.00000000    
   91.0000000       0.00000000    
   91.5000000       0.00000000    
   92.0000000       0.00000000    
   92.5000000       0.00000000    
   93.0000000       0.00000000    
   93.5000000       0.00000000    
   94.0000000       0.00000000    
   94.5000000       0.00000000    
   95.0000000       0.00000000    
   95.5000000       0.00000000    
   96.0000000       0.00000000    
   96.5000000       0.00000000    
   97.0000000       0.00000000    
   97.5000000       0.00000000    
   98.0000000       0.00000000    
   98.5000000       0.00000000    
   99.0000000       0.00000000    
   99.5000000       0.00000000    
   100.000000       0.00000000    
