 -0.250000000      -2.01222429E-06
  0.250000000      -2.01222429E-06
  0.750000000      -1.28166621E-05
   1.25000000       8.25109419E-06
   1.75000000      -2.17247889E-05
   2.25000000       1.49558509E-05
   2.75000000      -2.60440411E-05
   3.25000000       1.56927581E-05
   3.75000000      -2.38369739E-05
   4.25000000       9.86229406E-06
   4.75000000      -1.55825837E-05
   5.25000000      -6.82562018E-07
   5.75000000      -5.32968352E-06
   6.25000000      -1.00660855E-05
   6.75000000       1.60697354E-07
   7.25000000      -1.13416509E-05
   7.75000000      -5.35989375E-06
   8.25000000      -9.27706310E-07
   8.75000000      -2.10311373E-05
   9.25000000       1.46909360E-05
   9.75000000      -3.47475907E-05
   10.2500000       1.96603887E-05
   10.7500000      -3.04370005E-05
   11.2500000       2.50996868E-06
   11.7500000      -6.37575340E-06
   12.2500000      -2.58723048E-05
   12.7500000       1.44053765E-05
   13.2500000      -3.54206786E-05
   13.7500000       5.34106584E-06
   14.2500000      -1.54582194E-05
   14.7500000      -2.00289651E-05
   15.2500000      -3.20748404E-06
   15.7500000      -1.43027382E-05
   16.2500000      -3.27689668E-05
   16.7500000       1.99612168E-05
   17.2500000      -5.59085529E-05
   17.7500000       6.69253268E-06
   18.2500000      -1.14991417E-05
   18.7500000      -5.46195988E-05
   19.2500000       2.37567729E-05
   19.7500000      -4.60978663E-05
   20.2500000      -2.83493537E-05
   20.7500000      -8.68998370E-07
   21.2500000      -3.02496046E-05
   21.7500000      -5.34588362E-05
   22.2500000       1.20774548E-05
   22.7500000      -2.80978857E-05
   23.2500000      -8.90950541E-05
   23.7500000       4.32239940E-05
   24.2500000      -4.01368343E-05
   24.7500000      -1.02227837E-04
   25.2500000       2.32235889E-05
   25.7500000       3.10056492E-07
   26.2500000      -9.33878837E-05
   26.7500000      -9.47157605E-05
   27.2500000       8.49025746E-05
   27.7500000       1.03830949E-04
   28.2500000      -5.14426756E-05
   28.7500000       4.61053773E-04
   29.2500000       1.96055532E-03
   29.7500000       4.40005725E-03
   30.2500000       7.71597121E-03
   30.7500000       1.14312991E-02
   31.2500000       1.54873859E-02
   31.7500000       1.99361686E-02
   32.2500000       2.44314820E-02
   32.7500000       2.91653480E-02
   33.2500000       3.41389999E-02
   33.7500000       3.90421897E-02
   34.2500000       4.41929102E-02
   34.7500000       4.94384915E-02
   35.2500000       5.46372980E-02
   35.7500000       6.00133538E-02
   36.2500000       6.53734133E-02
   36.7500000       7.09612593E-02
   37.2500000       7.61567280E-02
   37.7500000       8.16996768E-02
   38.2500000       8.80378857E-02
   38.7500000       9.18802321E-02
   39.2500000       9.84899104E-02
   39.7500000      0.106206417    
   40.2500000      0.105700746    
   40.7500000      0.116369054    
   41.2500000      0.126321569    
   41.7500000      0.114846259    
   42.2500000      0.136369631    
   42.7500000      0.150412425    
   43.2500000      0.115242802    
   43.7500000      0.157977238    
   44.2500000      0.182856366    
   44.7500000      0.104081027    
   45.2500000      0.173780739    
   45.7500000      0.230114326    
   46.2500000       8.73783231E-02
   46.7500000      0.165037408    
   47.2500000      0.292898357    
   47.7500000       8.69823098E-02
   48.2500000      0.117342718    
   48.7500000      0.343076646    
   49.2500000      0.128364354    
   49.7500000      -8.77668988E-03
   50.2500000      -1.31878001E-03
   50.7500000       4.60577285E-04
   51.2500000      -4.06635081E-05
   51.7500000      -4.56954331E-06
   52.2500000       1.83869315E-06
   52.7500000      -2.31988324E-07
   53.2500000      -2.07038280E-08
   53.7500000       1.12081935E-08
   54.2500000      -2.72660672E-10
   54.7500000      -2.88055246E-10
   55.2500000      -1.02614289E-11
   55.7500000       8.77425563E-12
   56.2500000       2.27684451E-12
   56.7500000      -4.84835587E-13
   57.2500000      -1.54655301E-13
   57.7500000       3.05567644E-14
   58.2500000       7.74065463E-15
   58.7500000      -1.81931157E-15
   59.2500000      -3.25367484E-16
   59.7500000       1.03150666E-16
   60.2500000       1.06986854E-17
   60.7500000      -5.48938230E-18
   61.2500000      -1.54785448E-19
   61.7500000       2.62241690E-19
   62.2500000      -1.29326958E-20
   62.7500000      -1.05450818E-20
   63.2500000       1.48775299E-21
   63.7500000       3.12865315E-22
   64.2500000      -9.34356139E-23
   64.7500000      -3.34487910E-24
   65.2500000       4.18056245E-24
   65.7500000      -3.34263538E-25
   66.2500000      -1.27234845E-25
   66.7500000       2.84310462E-26
   67.2500000       1.38996097E-27
   67.7500000      -1.26419255E-27
   68.2500000       1.13802454E-28
   68.7500000       3.17844193E-29
   69.2500000      -8.58450020E-30
   69.7500000       5.46955170E-32
   70.2500000       3.01395623E-31
   70.7500000      -4.62953051E-32
   71.2500000      -3.68860136E-33
   71.7500000       2.17857729E-33
   72.2500000      -2.10532898E-34
   72.7500000      -4.13547465E-35
   73.2500000       1.37509794E-35
   73.7500000      -8.43522305E-37
   74.2500000      -3.18623254E-37
   74.7500000       8.09119598E-38
   75.2500000      -3.24124959E-39
   75.7500000      -2.06799564E-39
   76.2500000       4.61234587E-40
   76.7500000      -1.46183456E-41
   77.2500000      -1.19979175E-41
   77.7500000       2.59940865E-42
   78.2500000      -9.24856986E-44
   78.7500000      -6.16571324E-44
   79.2500000       1.54142831E-44
   79.7500000       0.00000000    
   80.2500000       0.00000000    
   80.7500000       0.00000000    
   81.2500000       0.00000000    
   81.7500000       0.00000000    
   82.2500000       0.00000000    
   82.7500000       0.00000000    
   83.2500000       0.00000000    
   83.7500000       0.00000000    
   84.2500000       0.00000000    
   84.7500000       0.00000000    
   85.2500000       0.00000000    
   85.7500000       0.00000000    
   86.2500000       0.00000000    
   86.7500000       0.00000000    
   87.2500000       0.00000000    
   87.7500000       0.00000000    
   88.2500000       0.00000000    
   88.7500000       0.00000000    
   89.2500000       0.00000000    
   89.7500000       0.00000000    
   90.2500000       0.00000000    
   90.7500000       0.00000000    
   91.2500000       0.00000000    
   91.7500000       0.00000000    
   92.2500000       0.00000000    
   92.7500000       0.00000000    
   93.2500000       0.00000000    
   93.7500000       0.00000000    
   94.2500000       0.00000000    
   94.7500000       0.00000000    
   95.2500000       0.00000000    
   95.7500000       0.00000000    
   96.2500000       0.00000000    
   96.7500000       0.00000000    
   97.2500000       0.00000000    
   97.7500000       0.00000000    
   98.2500000       0.00000000    
   98.7500000       0.00000000    
   99.2500000       0.00000000    
   99.7500000       0.00000000    
   100.250000       0.00000000    
