   0.00000000       0.00000000    
  0.500000000       6.45180398E-06
   1.00000000      -1.19758879E-05
   1.50000000       1.89912298E-05
   2.00000000      -2.29923608E-05
   2.50000000       2.99110161E-05
   3.00000000      -3.11904878E-05
   3.50000000       3.64009902E-05
   4.00000000      -3.35356017E-05
   4.50000000       3.58581747E-05
   5.00000000      -2.76171613E-05
   5.50000000       2.68870881E-05
   6.00000000      -1.40827051E-05
   6.50000000       1.22956262E-05
   7.00000000       1.65682559E-06
   7.50000000       7.58088845E-07
   8.00000000       8.87912302E-06
   8.50000000       2.67684300E-06
   9.00000000      -4.70448867E-07
   9.50000000       2.10332037E-05
   10.0000000      -2.13158128E-05
   10.5000000       4.23892961E-05
   11.0000000      -3.34353390E-05
   11.5000000       4.36619230E-05
   12.0000000      -1.77454567E-05
   12.5000000       1.76710091E-05
   13.0000000       1.55621674E-05
   13.5000000      -7.67881829E-06
   14.0000000       2.79076994E-05
   14.5000000       2.67787573E-06
   15.0000000       4.98598820E-06
   15.5000000       3.00518877E-05
   16.0000000      -3.62904757E-06
   16.5000000       1.39968979E-05
   17.0000000       4.10866996E-05
   17.5000000      -3.24889224E-05
   18.0000000       6.71159942E-05
   18.5000000      -9.94097354E-06
   19.0000000       8.82078166E-06
   19.5000000       5.79519547E-05
   20.0000000      -1.69019895E-05
   20.5000000       3.14489371E-05
   21.0000000       4.25644066E-05
   21.5000000       7.46690057E-06
   22.0000000       4.14708484E-06
   22.5000000       8.29216369E-05
   23.0000000      -9.86988380E-06
   23.5000000      -5.17175795E-06
   24.0000000       1.20504337E-04
   24.5000000      -2.32342245E-05
   25.0000000      -9.15605051E-06
   25.5000000       1.09648150E-04
   26.0000000       4.80956987E-05
   26.5000000      -3.93100672E-05
   27.0000000       8.58538988E-06
   27.5000000       2.13482053E-04
   28.0000000       1.34961912E-04
   28.5000000       4.09832865E-05
   29.0000000       8.04740586E-04
   29.5000000       2.53206911E-03
   30.0000000       5.21528069E-03
   30.5000000       8.67711380E-03
   31.0000000       1.24258511E-02
   31.5000000       1.65693723E-02
   32.0000000       2.10139621E-02
   32.5000000       2.54604220E-02
   33.0000000       3.02230529E-02
   33.5000000       3.50999162E-02
   34.0000000       3.99185829E-02
   34.5000000       4.50326987E-02
   35.0000000       5.01101874E-02
   35.5000000       5.52101023E-02
   36.0000000       6.04298003E-02
   36.5000000       6.56436086E-02
   37.0000000       7.10694194E-02
   37.5000000       7.58920833E-02
   38.0000000       8.16165432E-02
   38.5000000       8.73926282E-02
   39.0000000       9.06133428E-02
   39.5000000       9.84729901E-02
   40.0000000      0.104110442    
   40.5000000      0.103090256    
   41.0000000      0.117560737    
   41.5000000      0.121211804    
   42.0000000      0.110539049    
   42.5000000      0.141126379    
   43.0000000      0.139505297    
   43.5000000      0.108402982    
   44.0000000      0.170357645    
   44.5000000      0.162744343    
   45.0000000       9.18652266E-02
   45.5000000      0.199191719    
   46.0000000      0.199568927    
   46.5000000       6.34928495E-02
   47.0000000      0.206341118    
   47.5000000      0.258540213    
   48.0000000       4.43038270E-02
   48.5000000      0.165286675    
   49.0000000      0.324658304    
   49.5000000       6.55118302E-02
   50.0000000      -1.27563979E-02
   50.5000000       4.21871810E-04
   51.0000000       2.70304910E-04
   51.5000000      -5.49162942E-05
   52.0000000       2.53060762E-06
   52.5000000       9.67950882E-07
   53.0000000      -2.64737565E-07
   53.5000000       1.38319196E-08
   54.0000000       6.94590474E-09
   54.5000000      -9.14800347E-10
   55.0000000      -1.47868370E-10
   55.5000000       7.56026925E-12
   56.0000000       7.62218240E-12
   56.5000000       8.70076851E-13
   57.0000000      -5.44668802E-13
   57.5000000      -5.58512383E-14
   58.0000000       3.29954841E-14
   58.5000000       2.11046052E-15
   59.0000000      -1.77842445E-15
   59.5000000      -3.84094899E-17
   60.0000000       8.92533109E-17
   60.5000000      -2.68268321E-18
   61.0000000      -4.08855897E-18
   61.5000000       3.90620586E-19
   62.0000000       1.59843787E-19
   62.5000000      -3.00944624E-20
   63.0000000      -4.56626559E-21
   63.5000000       1.72234170E-21
   64.0000000       3.24973459E-23
   64.5000000      -7.60293412E-23
   65.0000000       6.61524201E-24
   65.5000000       2.39409246E-24
   66.0000000      -5.39645644E-25
   66.5000000      -3.18306361E-26
   67.0000000       2.51032581E-26
   67.5000000      -1.91831116E-27
   68.0000000      -7.14217687E-28
   68.5000000       1.67446585E-28
   69.0000000       3.92687561E-30
   69.5000000      -6.73783657E-30
   70.0000000       8.15838124E-31
   70.5000000       1.24988140E-31
   71.0000000      -4.76958332E-32
   71.5000000       2.77592697E-33
   72.0000000       1.24409308E-33
   72.5000000      -2.90442751E-34
   73.0000000       3.33587848E-36
   73.5000000       9.33943535E-36
   74.0000000      -1.63636756E-36
   74.5000000      -4.11274261E-38
   75.0000000       6.10218734E-38
   75.5000000      -8.99748661E-39
   76.0000000      -4.40617283E-40
   76.5000000       3.66501206E-40
   77.0000000      -5.01580772E-41
   77.5000000      -2.74093980E-42
   78.0000000       2.06971783E-42
   78.5000000      -2.88667484E-43
   79.0000000      -9.80908925E-45
   79.5000000       1.26116862E-44
   80.0000000       0.00000000    
   80.5000000       0.00000000    
   81.0000000       0.00000000    
   81.5000000       0.00000000    
   82.0000000       0.00000000    
   82.5000000       0.00000000    
   83.0000000       0.00000000    
   83.5000000       0.00000000    
   84.0000000       0.00000000    
   84.5000000       0.00000000    
   85.0000000       0.00000000    
   85.5000000       0.00000000    
   86.0000000       0.00000000    
   86.5000000       0.00000000    
   87.0000000       0.00000000    
   87.5000000       0.00000000    
   88.0000000       0.00000000    
   88.5000000       0.00000000    
   89.0000000       0.00000000    
   89.5000000       0.00000000    
   90.0000000       0.00000000    
   90.5000000       0.00000000    
   91.0000000       0.00000000    
   91.5000000       0.00000000    
   92.0000000       0.00000000    
   92.5000000       0.00000000    
   93.0000000       0.00000000    
   93.5000000       0.00000000    
   94.0000000       0.00000000    
   94.5000000       0.00000000    
   95.0000000       0.00000000    
   95.5000000       0.00000000    
   96.0000000       0.00000000    
   96.5000000       0.00000000    
   97.0000000       0.00000000    
   97.5000000       0.00000000    
   98.0000000       0.00000000    
   98.5000000       0.00000000    
   99.0000000       0.00000000    
   99.5000000       0.00000000    
   100.000000       0.00000000    
