 -0.250000000      -1.13759752E-05
  0.250000000      -1.13759752E-05
  0.750000000      -2.27615351E-06
   1.25000000       7.97327266E-06
   1.75000000       1.09314751E-05
   2.25000000       4.10839084E-06
   2.75000000      -7.12068277E-06
   3.25000000      -1.30200442E-05
   3.75000000      -8.60353430E-06
   4.25000000       2.45009460E-06
   4.75000000       1.06246162E-05
   5.25000000       8.80263269E-06
   5.75000000      -4.92598190E-07
   6.25000000      -9.60272064E-06
   6.75000000      -1.12589114E-05
   7.25000000      -4.37956396E-06
   7.75000000       4.37561812E-06
   8.25000000       8.33877675E-06
   8.75000000       5.04430500E-06
   9.25000000      -1.70613464E-06
   9.75000000      -6.64319850E-06
   10.2500000      -6.30282375E-06
   10.7500000      -3.55172165E-06
   11.2500000      -8.10160088E-07
   11.7500000       1.53619510E-06
   12.2500000       3.66500080E-06
   12.7500000       4.86275985E-06
   13.2500000       2.71441650E-06
   13.7500000      -3.52239181E-06
   14.2500000      -9.80974983E-06
   14.7500000      -1.06098441E-05
   15.2500000      -2.80221411E-06
   15.7500000       8.06130083E-06
   16.2500000       1.22658057E-05
   16.7500000       6.25084795E-06
   17.2500000      -4.27323494E-06
   17.7500000      -1.16934671E-05
   18.2500000      -1.04967003E-05
   18.7500000      -4.17739511E-06
   19.2500000       1.65453741E-06
   19.7500000       4.98761892E-06
   20.2500000       6.96330198E-06
   20.7500000       7.12276187E-06
   21.2500000       2.44054809E-06
   21.7500000      -7.31291129E-06
   22.2500000      -1.43851958E-05
   22.7500000      -1.22269958E-05
   23.2500000      -1.94052291E-06
   23.7500000       8.10986148E-06
   24.2500000       1.08082813E-05
   24.7500000       7.62804075E-06
   25.2500000       2.52326686E-06
   25.7500000      -2.63910238E-06
   26.2500000      -9.86944542E-06
   26.7500000      -1.48357894E-05
   27.2500000      -1.12403768E-05
   27.7500000       1.84436743E-07
   28.2500000       9.91337402E-06
   28.7500000       1.20351688E-05
   29.2500000       8.83776192E-06
   29.7500000       3.96983614E-06
   30.2500000      -3.44872456E-06
   30.7500000      -1.34918473E-05
   31.2500000      -1.71759893E-05
   31.7500000      -1.08240338E-05
   32.2500000      -6.36846153E-07
   32.7500000       6.54908399E-06
   33.2500000       1.20136419E-05
   33.7500000       1.45546674E-05
   34.2500000       9.00387477E-06
   34.7500000      -3.00905776E-06
   35.2500000      -1.20640452E-05
   35.7500000      -1.59143092E-05
   36.2500000      -1.63053155E-05
   36.7500000      -1.04699666E-05
   37.2500000       2.04539151E-06
   37.7500000       1.17237196E-05
   38.2500000       1.52962893E-05
   38.7500000       1.55814578E-05
   39.2500000       7.97884604E-06
   39.7500000      -3.96983069E-06
   40.2500000      -1.32610467E-05
   40.7500000      -1.97790760E-05
   41.2500000      -1.96088295E-05
   41.7500000      -1.16059555E-05
   42.2500000      -7.54496398E-07
   42.7500000       1.09475131E-05
   43.2500000       1.84598994E-05
   43.7500000       1.90795563E-05
   44.2500000       1.33788180E-05
   44.7500000       2.20595575E-06
   45.2500000      -1.03217435E-05
   45.7500000      -1.99733167E-05
   46.2500000      -2.39041510E-05
   46.7500000      -2.05686010E-05
   47.2500000      -1.04477340E-05
   47.7500000       2.52893324E-06
   48.2500000       1.48532126E-05
   48.7500000       2.26005777E-05
   49.2500000       2.31541580E-05
   49.7500000       1.60333839E-05
   50.2500000       3.90505329E-06
   50.7500000      -1.05164718E-05
   51.2500000      -2.19525409E-05
   51.7500000      -2.86423929E-05
   52.2500000      -2.67434407E-05
   52.7500000      -1.74429042E-05
   53.2500000      -4.40912527E-06
   53.7500000       1.08798267E-05
   54.2500000       2.34892705E-05
   54.7500000       2.79207252E-05
   55.2500000       2.64038736E-05
   55.7500000       1.74509332E-05
   56.2500000       1.22146287E-06
   56.7500000      -1.42864083E-05
   57.2500000      -2.63107922E-05
   57.7500000      -3.50590417E-05
   58.2500000      -3.44266155E-05
   58.7500000      -2.34626186E-05
   59.2500000      -9.20183993E-06
   59.7500000       6.77855951E-06
   60.2500000       2.40648806E-05
   60.7500000       3.51340750E-05
   61.2500000       3.53785545E-05
   61.7500000       2.85479691E-05
   62.2500000       1.67832732E-05
   62.7500000      -1.51431095E-06
   63.2500000      -2.26938464E-05
   63.7500000      -3.70738271E-05
   64.2500000      -4.24340433E-05
   64.7500000      -4.26756415E-05
   65.2500000      -3.47552377E-05
   65.7500000      -1.69900559E-05
   66.2500000       5.92894912E-06
   66.7500000       2.47293428E-05
   67.2500000       3.79173216E-05
   67.7500000       4.68109210E-05
   68.2500000       4.73027358E-05
   68.7500000       3.55415796E-05
   69.2500000       1.43642501E-05
   69.7500000      -8.03023704E-06
   70.2500000      -2.78194693E-05
   70.7500000      -4.53670073E-05
   71.2500000      -5.92963806E-05
   71.7500000      -6.13666853E-05
   72.2500000      -4.96978537E-05
   72.7500000      -2.98908890E-05
   73.2500000      -7.59578597E-06
   73.7500000       1.52477278E-05
   74.2500000       3.93871596E-05
   74.7500000       6.01374122E-05
   75.2500000       6.95668787E-05
   75.7500000       6.37002231E-05
   76.2500000       4.77823887E-05
   76.7500000       2.66244570E-05
   77.2500000       2.25490135E-06
   77.7500000      -2.66885800E-05
   78.2500000      -5.71068558E-05
   78.7500000      -7.93112122E-05
   79.2500000      -8.75727710E-05
   79.7500000      -8.21352878E-05
   80.2500000      -6.80476442E-05
   80.7500000      -4.78676739E-05
   81.2500000      -2.00449413E-05
   81.7500000       1.53624442E-05
   82.2500000       5.25728974E-05
   82.7500000       8.23100563E-05
   83.2500000       9.82120109E-05
   83.7500000       1.01140540E-04
   84.2500000       9.41863254E-05
   84.7500000       7.90540071E-05
   85.2500000       5.25837168E-05
   85.7500000       1.41717310E-05
   86.2500000      -3.15841098E-05
   86.7500000      -7.46160804E-05
   87.2500000      -1.07985405E-04
   87.7500000      -1.28553409E-04
   88.2500000      -1.38587668E-04
   88.7500000      -1.39029595E-04
   89.2500000      -1.26993255E-04
   89.7500000      -9.88769680E-05
   90.2500000      -5.48960525E-05
   90.7500000      -9.76202955E-07
   91.2500000       5.31331098E-05
   91.7500000       1.00540165E-04
   92.2500000       1.38630479E-04
   92.7500000       1.68771745E-04
   93.2500000       1.89600076E-04
   93.7500000       1.96037989E-04
   94.2500000       1.83046737E-04
   94.7500000       1.47799714E-04
   95.2500000       9.49227106E-05
   95.7500000       3.18883031E-05
   96.2500000      -3.29425529E-05
   96.7500000      -9.67695087E-05
   97.2500000      -1.58919676E-04
   97.7500000      -2.17702065E-04
   98.2500000      -2.68552831E-04
   98.7500000      -3.03709268E-04
   99.2500000      -3.16314428E-04
   99.7500000      -3.02523025E-04
   100.250000      -2.65052222E-04
   100.750000      -2.10007813E-04
   101.250000      -1.42146440E-04
   101.750000      -6.35693796E-05
   102.250000       2.60494471E-05
   102.750000       1.25379651E-04
   103.250000       2.29910293E-04
   103.750000       3.29924282E-04
   104.250000       4.15426359E-04
   104.750000       4.79278649E-04
   105.250000       5.18271700E-04
   105.750000       5.32625243E-04
   106.250000       5.25258598E-04
   106.750000       4.95327986E-04
   107.250000       4.39672323E-04
   107.750000       3.55613884E-04
   108.250000       2.41732283E-04
   108.750000       1.02150174E-04
   109.250000      -5.58919601E-05
   109.750000      -2.21842070E-04
   110.250000      -3.87963402E-04
   110.750000      -5.51108795E-04
   111.250000      -7.08345324E-04
   111.750000      -8.59486812E-04
   112.250000      -1.00159855E-03
   112.750000      -1.12704444E-03
   113.250000      -1.22756872E-03
   113.750000      -1.29574677E-03
   114.250000      -1.32624095E-03
   114.750000      -1.31844205E-03
   115.250000      -1.27462798E-03
   115.750000      -1.19780248E-03
   116.250000      -1.08820794E-03
   116.750000      -9.43666091E-04
   117.250000      -7.59735645E-04
   117.750000      -5.32656559E-04
   118.250000      -2.60253611E-04
   118.750000       5.50911900E-05
   119.250000       4.09733766E-04
   119.750000       7.96939421E-04
   120.250000       1.21319911E-03
   120.750000       1.65754068E-03
   121.250000       2.13221181E-03
   121.750000       2.64042104E-03
   122.250000       3.18473205E-03
   122.750000       3.76460049E-03
   123.250000       4.37599001E-03
   123.750000       5.01325168E-03
   124.250000       5.67159289E-03
   124.750000       6.34626951E-03
   125.250000       7.03834463E-03
   125.750000       7.75012607E-03
   126.250000       8.48546904E-03
   126.750000       9.24703013E-03
   127.250000       1.00348489E-02
   127.750000       1.08447038E-02
   128.250000       1.16718989E-02
   128.750000       1.25103109E-02
   129.250000       1.33567741E-02
   129.750000       1.42113678E-02
   130.250000       1.50771467E-02
   130.750000       1.59578100E-02
   131.250000       1.68579444E-02
   131.750000       1.77788548E-02
   132.250000       1.87181272E-02
   132.750000       1.96705423E-02
   133.250000       2.06305161E-02
   133.750000       2.15937681E-02
   134.250000       2.25585178E-02
   134.750000       2.35264264E-02
   135.250000       2.45026387E-02
   135.750000       2.54917089E-02
   136.250000       2.64975410E-02
   136.750000       2.75209825E-02
   137.250000       2.85584051E-02
   137.750000       2.96041723E-02
   138.250000       3.06524355E-02
   138.750000       3.16983983E-02
   139.250000       3.27415355E-02
   139.750000       3.37847620E-02
   140.250000       3.48332524E-02
   140.750000       3.58936377E-02
   141.250000       3.69693264E-02
   141.750000       3.80609408E-02
   142.250000       3.91656719E-02
   142.750000       4.02772427E-02
   143.250000       4.13883738E-02
   143.750000       4.24949229E-02
   144.250000       4.35943566E-02
   144.750000       4.46895249E-02
   145.250000       4.57866862E-02
   145.750000       4.68926020E-02
   146.250000       4.80131321E-02
   146.750000       4.91499789E-02
   147.250000       5.03011569E-02
   147.750000       5.14608137E-02
   148.250000       5.26212230E-02
   148.750000       5.37753887E-02
   149.250000       5.49189225E-02
   149.750000       5.60531840E-02
   150.250000       5.71832322E-02
   150.750000       5.83167523E-02
   151.250000       5.94617762E-02
   151.750000       6.06239364E-02
   152.250000       6.18041791E-02
   152.750000       6.29972070E-02
   153.250000       6.41965121E-02
   153.750000       6.53913394E-02
   154.250000       6.65745437E-02
   154.750000       6.77426606E-02
   155.250000       6.88982531E-02
   155.750000       7.00484440E-02
   156.250000       7.12026060E-02
   156.750000       7.23711699E-02
   157.250000       7.35599920E-02
   157.750000       7.47689754E-02
   158.250000       7.59923980E-02
   158.750000       7.72209689E-02
   159.250000       7.84421936E-02
   159.750000       7.96471462E-02
   160.250000       8.08316395E-02
   160.750000       8.19981024E-02
   161.250000       8.31549540E-02
   161.750000       8.43156427E-02
   162.250000       8.54910761E-02
   162.750000       8.66903067E-02
   163.250000       8.79150853E-02
   163.750000       8.91595483E-02
   164.250000       9.04111937E-02
   164.750000       9.16557387E-02
   165.250000       9.28791240E-02
   165.750000       9.40755904E-02
   166.250000       9.52451602E-02
   166.750000       9.63977203E-02
   167.250000       9.75483209E-02
   167.750000       9.87125635E-02
   168.250000       9.99047682E-02
   168.750000      0.101129718    
   169.250000      0.102382161    
   169.750000      0.103650346    
   170.250000      0.104915395    
   170.750000      0.106158450    
   171.250000      0.107367486    
   171.750000      0.108539298    
   172.250000      0.109681122    
   172.750000      0.110810600    
   173.250000      0.111947879    
   173.750000      0.113113031    
   174.250000      0.114316508    
   174.750000      0.115557820    
   175.250000      0.116824761    
   175.750000      0.118096627    
   176.250000      0.119349778    
   176.750000      0.120566130    
   177.250000      0.121737994    
   177.750000      0.122872315    
   178.250000      0.123985857    
   178.750000      0.125105232    
   179.250000      0.126252592    
   179.750000      0.127441674    
   180.250000      0.128669754    
   180.750000      0.129918516    
   181.250000      0.131158441    
   181.750000      0.132358670    
   182.250000      0.133498028    
   182.750000      0.134577274    
   183.250000      0.135619566    
   183.750000      0.136669978    
   184.250000      0.137782291    
   184.750000      0.139000222    
   185.250000      0.140340045    
   185.750000      0.141775802    
   186.250000      0.143237233    
   186.750000      0.144621462    
   187.250000      0.145818263    
   187.750000      0.146743670    
   188.250000      0.147377327    
   188.750000      0.147784114    
   189.250000      0.148116469    
   189.750000      0.148589537    
   190.250000      0.149436831    
   190.750000      0.150844172    
   191.250000      0.152888820    
   191.750000      0.155488104    
   192.250000      0.158378065    
   192.750000      0.161136389    
   193.250000      0.163262174    
   193.750000      0.164302006    
   194.250000      0.163997665    
   194.750000      0.162400573    
   195.250000      0.159911409    
   195.750000      0.157228112    
   196.250000      0.155210480    
   196.750000      0.154717341    
   197.250000      0.156431213    
   197.750000      0.160692438    
   198.250000      0.167348742    
   198.750000      0.175626338    
   199.250000      0.184103191    
   199.750000      0.190884903    
   200.250000      0.194063827    
   200.750000      0.192366347    
   201.250000      0.185697705    
   201.750000      0.175262526    
   202.250000      0.163194478    
   202.750000      0.151951477    
   203.250000      0.143810511    
   203.750000      0.140621349    
   204.250000      0.143744498    
   204.750000      0.153981701    
   205.250000      0.171296194    
   205.750000      0.194223091    
   206.250000      0.219139889    
   206.750000      0.240122750    
   207.250000      0.250411004    
   207.750000      0.245532542    
   208.250000      0.225979850    
   208.750000      0.196916148    
   209.250000      0.165205538    
   209.750000      0.136513963    
   210.250000      0.114273660    
   210.750000      0.100172862    
   211.250000       9.51189399E-02
   211.750000      0.100020736    
   212.250000      0.116183661    
   212.750000      0.145155340    
   213.250000      0.187619507    
   213.750000      0.240751326    
   214.250000      0.294545919    
   214.750000      0.331301272    
   215.250000      0.334187597    
   215.750000      0.300638825    
   216.250000      0.244643301    
   216.750000      0.184717283    
   217.250000      0.132804587    
   217.750000       9.27514434E-02
   218.250000       6.37634322E-02
   218.750000       4.35060374E-02
   219.250000       2.96151061E-02
   219.750000       2.01819446E-02
   220.250000       1.38027109E-02
   220.750000       9.49127134E-03
   221.250000       6.57173945E-03
   221.750000       4.58713621E-03
   222.250000       3.23076709E-03
   222.750000       2.29751668E-03
   223.250000       1.65033876E-03
   223.750000       1.19758036E-03
   224.250000       8.77798768E-04
   224.750000       6.49650639E-04
   225.250000       4.85182449E-04
   225.750000       3.65381129E-04
   226.250000       2.77223880E-04
   226.750000       2.11719424E-04
   227.250000       1.62604367E-04
   227.750000       1.25473263E-04
   228.250000       9.71954069E-05
   228.750000       7.55219153E-05
   229.250000       5.88199400E-05
   229.750000       4.58908944E-05
   230.250000       3.58459038E-05
   230.750000       2.80192453E-05
   231.250000       2.19078611E-05
   231.750000       1.71284828E-05
   232.250000       1.33870708E-05
   232.750000       1.04566479E-05
   233.250000       8.16111151E-06
   233.750000       6.36327422E-06
   234.250000       4.95591075E-06
   234.750000       3.85501062E-06
   235.250000       2.99463500E-06
   235.750000       2.32296247E-06
   236.250000       1.79924950E-06
   236.750000       1.39144879E-06
   237.250000       1.07436063E-06
   237.750000       8.28178429E-07
   238.250000       6.37347739E-07
   238.750000       4.89662909E-07
   239.250000       3.75559438E-07
   239.750000       2.87550819E-07
   240.250000       2.19786571E-07
   240.750000       1.67700762E-07
   241.250000       1.27736413E-07
   241.750000       9.71268435E-08
   242.250000       7.37239674E-08
   242.750000       5.58629765E-08
   243.250000       4.22557989E-08
   243.750000       3.19078488E-08
   244.250000       2.40524827E-08
   244.750000       1.80999038E-08
   245.250000       1.35972016E-08
   245.750000       1.01972493E-08
   246.250000       7.63449037E-09
   246.750000       5.70616887E-09
   247.250000       4.25775148E-09
   247.750000       3.17169402E-09
   248.250000       2.35874786E-09
   248.750000       1.75127934E-09
   249.250000       1.29812694E-09
   249.750000       9.60662772E-10
   250.250000       7.09776238E-10
   250.750000       5.23567856E-10
   251.250000       3.85593724E-10
   251.750000       2.83528645E-10
   252.250000       2.08150969E-10
   252.750000       1.52573440E-10
   253.250000       1.11661361E-10
   253.750000       8.15933848E-11
   254.250000       5.95305125E-11
   254.750000       4.33671710E-11
   255.250000       3.15445448E-11
   255.750000       2.29104305E-11
   256.250000       1.66147044E-11
   256.750000       1.20311417E-11
   257.250000       8.69921583E-12
   257.750000       6.28082655E-12
   258.250000       4.52815736E-12
   258.750000       3.25985484E-12
   259.250000       2.34342667E-12
   259.750000       1.68222847E-12
   260.250000       1.20587817E-12
   260.750000       8.63198727E-13
   261.250000       6.17037129E-13
   261.750000       4.40462445E-13
   262.250000       3.13984109E-13
   262.750000       2.23517548E-13
   263.250000       1.58900345E-13
   263.750000       1.12810938E-13
   264.250000       7.99824142E-14
   264.750000       5.66316030E-14
   265.250000       4.00449598E-14
   265.750000       2.82790860E-14
   266.250000       1.99441361E-14
   266.750000       1.40475671E-14
   267.250000       9.88158462E-15
   267.750000       6.94217362E-15
   268.250000       4.87092353E-15
   268.750000       3.41332509E-15
   269.250000       2.38890142E-15
   269.750000       1.66984509E-15
   270.250000       1.16577653E-15
   270.750000       8.12866126E-16
   271.250000       5.66096471E-16
   271.750000       3.93761583E-16
   272.250000       2.73558819E-16
   272.750000       1.89821830E-16
   273.250000       1.31559649E-16
   273.750000       9.10717384E-17
   274.250000       6.29697991E-17
   274.750000       4.34882332E-17
   275.250000       2.99988894E-17
   275.750000       2.06697678E-17
   276.250000       1.42254584E-17
   276.750000       9.77912607E-18
   277.250000       6.71490870E-18
   277.750000       4.60563329E-18
   278.250000       3.15537350E-18
   278.750000       2.15937174E-18
   279.250000       1.47612086E-18
   279.750000       1.00794615E-18
   280.250000       6.87506048E-19
   280.750000       4.68427418E-19
   281.250000       3.18813942E-19
   281.750000       2.16752728E-19
   282.250000       1.47206341E-19
   282.750000       9.98679710E-20
   283.250000       6.76808871E-20
   283.750000       4.58193436E-20
   284.250000       3.09868255E-20
   284.750000       2.09340672E-20
   285.250000       1.41280041E-20
   285.750000       9.52492013E-21
   286.250000       6.41501547E-21
   286.750000       4.31610808E-21
   287.250000       2.90100177E-21
   287.750000       1.94790068E-21
   288.250000       1.30662619E-21
   288.750000       8.75596730E-22
   289.250000       5.86175200E-22
   289.750000       3.92034032E-22
   290.250000       2.61936101E-22
   290.750000       1.74841528E-22
   291.250000       1.16593339E-22
   291.750000       7.76756876E-23
   292.250000       5.16988609E-23
   292.750000       3.43766524E-23
   293.250000       2.28367943E-23
   293.750000       1.51564666E-23
   294.250000       1.00497235E-23
   294.750000       6.65741806E-24
   295.250000       4.40610843E-24
   295.750000       2.91342898E-24
   296.250000       1.92466678E-24
   296.750000       1.27031297E-24
   297.250000       8.37668124E-25
   297.750000       5.51875897E-25
   298.250000       3.63262953E-25
   298.750000       2.38898242E-25
   299.250000       1.56970871E-25
   299.750000       1.03048438E-25
   300.250000       6.75898982E-26
   300.750000       4.42937510E-26
   301.250000       2.90018117E-26
   301.750000       1.89728166E-26
   302.250000       1.24012185E-26
   302.750000       8.09887438E-27
   303.250000       5.28463082E-27
   303.750000       3.44537234E-27
   304.250000       2.24435203E-27
   304.750000       1.46076711E-27
   305.250000       9.49965715E-28
   305.750000       6.17267866E-28
   306.250000       4.00755929E-28
   306.750000       2.59973194E-28
   307.250000       1.68508290E-28
   307.750000       1.09133904E-28
   308.250000       7.06229242E-29
   308.750000       4.56647379E-29
   309.250000       2.95030620E-29
   309.750000       1.90460900E-29
   310.250000       1.22856734E-29
   310.750000       7.91858886E-30
   311.250000       5.09981585E-30
   311.750000       3.28186099E-30
   312.250000       2.11031216E-30
   312.750000       1.35592521E-30
   313.250000       8.70539895E-31
   313.750000       5.58479529E-31
   314.250000       3.58008089E-31
   314.750000       2.29322820E-31
   315.250000       1.46781711E-31
   315.750000       9.38789755E-32
   316.250000       5.99981779E-32
   316.750000       3.83161993E-32
   317.250000       2.44513728E-32
   317.750000       1.55919951E-32
   318.250000       9.93526503E-33
   318.750000       6.32612709E-33
   319.250000       4.02511637E-33
   319.750000       2.55919042E-33
   320.250000       1.62596730E-33
   320.750000       1.03230334E-33
   321.250000       6.54923693E-34
   321.750000       4.15205727E-34
   322.250000       2.63042919E-34
   322.750000       1.66525914E-34
   323.250000       1.05348975E-34
   323.750000       6.65998939E-35
   324.250000       4.20739103E-35
   324.750000       2.65613137E-35
   325.250000       1.67565600E-35
   325.750000       1.05638027E-35
   326.250000       6.65513617E-36
   326.750000       4.18982878E-36
   327.250000       2.63596393E-36
   327.750000       1.65724937E-36
   328.250000       1.04122045E-36
   328.750000       6.53740306E-37
   329.250000       4.10182167E-37
   329.750000       2.57192661E-37
   330.250000       1.61157899E-37
   330.750000       1.00915395E-37
   331.250000       6.31505467E-38
   331.750000       3.94922565E-38
   332.250000       2.46810138E-38
   332.750000       1.54145662E-38
   333.250000       9.62096493E-39
   333.750000       6.00102564E-39
   334.250000       3.74070599E-39
   334.750000       2.33025985E-39
   335.250000       1.45069564E-39
   335.750000       9.02555321E-40
   336.250000       5.61168187E-40
   336.750000       3.48697709E-40
   337.250000       2.16524435E-40
   337.750000       1.34377516E-40
   338.250000       8.33394236E-41
   338.750000       5.16644731E-41
   339.250000       3.19888413E-41
   339.750000       1.98059525E-41
   340.250000       1.22543551E-41
   340.750000       7.57261690E-42
   341.250000       4.67613298E-42
   341.750000       2.88527354E-42
   342.250000       1.78385295E-42
   342.750000       1.09301280E-42
   343.250000       6.76827158E-43
   343.750000       4.10580450E-43
   344.250000       2.53635022E-43
   344.750000       1.52741533E-43
   345.250000       8.96831017E-44
   345.750000       5.46506401E-44
   346.250000       2.94272678E-44
   346.750000       1.96181785E-44
   347.250000       7.00649232E-45
   347.750000       4.20389539E-45
   348.250000       0.00000000    
   348.750000       0.00000000    
   349.250000       0.00000000    
   349.750000       0.00000000    
   350.250000       0.00000000    
   350.750000       0.00000000    
   351.250000       0.00000000    
   351.750000       0.00000000    
   352.250000       0.00000000    
   352.750000       0.00000000    
   353.250000       0.00000000    
   353.750000       0.00000000    
   354.250000       0.00000000    
   354.750000       0.00000000    
   355.250000       0.00000000    
   355.750000       0.00000000    
   356.250000       0.00000000    
   356.750000       0.00000000    
   357.250000       0.00000000    
   357.750000       0.00000000    
   358.250000       0.00000000    
   358.750000       0.00000000    
   359.250000       0.00000000    
   359.750000       0.00000000    
   360.250000       0.00000000    
   360.750000       0.00000000    
   361.250000       0.00000000    
   361.750000       0.00000000    
   362.250000       0.00000000    
   362.750000       0.00000000    
   363.250000       0.00000000    
   363.750000       0.00000000    
   364.250000       0.00000000    
   364.750000       0.00000000    
   365.250000       0.00000000    
   365.750000       0.00000000    
   366.250000       0.00000000    
   366.750000       0.00000000    
   367.250000       0.00000000    
   367.750000       0.00000000    
   368.250000       0.00000000    
   368.750000       0.00000000    
   369.250000       0.00000000    
   369.750000       0.00000000    
   370.250000       0.00000000    
   370.750000       0.00000000    
   371.250000       0.00000000    
   371.750000       0.00000000    
   372.250000       0.00000000    
   372.750000       0.00000000    
   373.250000       0.00000000    
   373.750000       0.00000000    
   374.250000       0.00000000    
   374.750000       0.00000000    
   375.250000       0.00000000    
   375.750000       0.00000000    
   376.250000       0.00000000    
   376.750000       0.00000000    
   377.250000       0.00000000    
   377.750000       0.00000000    
   378.250000       0.00000000    
   378.750000       0.00000000    
   379.250000       0.00000000    
   379.750000       0.00000000    
   380.250000       0.00000000    
   380.750000       0.00000000    
   381.250000       0.00000000    
   381.750000       0.00000000    
   382.250000       0.00000000    
   382.750000       0.00000000    
   383.250000       0.00000000    
   383.750000       0.00000000    
   384.250000       0.00000000    
   384.750000       0.00000000    
   385.250000       0.00000000    
   385.750000       0.00000000    
   386.250000       0.00000000    
   386.750000       0.00000000    
   387.250000       0.00000000    
   387.750000       0.00000000    
   388.250000       0.00000000    
   388.750000       0.00000000    
   389.250000       0.00000000    
   389.750000       0.00000000    
   390.250000       0.00000000    
   390.750000       0.00000000    
   391.250000       0.00000000    
   391.750000       0.00000000    
   392.250000       0.00000000    
   392.750000       0.00000000    
   393.250000       0.00000000    
   393.750000       0.00000000    
   394.250000       0.00000000    
   394.750000       0.00000000    
   395.250000       0.00000000    
   395.750000       0.00000000    
   396.250000       0.00000000    
   396.750000       0.00000000    
   397.250000       0.00000000    
   397.750000       0.00000000    
   398.250000       0.00000000    
   398.750000       0.00000000    
   399.250000       0.00000000    
   399.750000       0.00000000    
   400.250000       0.00000000    
   400.750000       0.00000000    
   401.250000       0.00000000    
   401.750000       0.00000000    
   402.250000       0.00000000    
   402.750000       0.00000000    
   403.250000       0.00000000    
   403.750000       0.00000000    
   404.250000       0.00000000    
   404.750000       0.00000000    
   405.250000       0.00000000    
   405.750000       0.00000000    
   406.250000       0.00000000    
   406.750000       0.00000000    
   407.250000       0.00000000    
   407.750000       0.00000000    
   408.250000       0.00000000    
   408.750000       0.00000000    
   409.250000       0.00000000    
   409.750000       0.00000000    
   410.250000       0.00000000    
   410.750000       0.00000000    
   411.250000       0.00000000    
   411.750000       0.00000000    
   412.250000       0.00000000    
   412.750000       0.00000000    
   413.250000       0.00000000    
   413.750000       0.00000000    
   414.250000       0.00000000    
   414.750000       0.00000000    
   415.250000       0.00000000    
   415.750000       0.00000000    
   416.250000       0.00000000    
   416.750000       0.00000000    
   417.250000       0.00000000    
   417.750000       0.00000000    
   418.250000       0.00000000    
   418.750000       0.00000000    
   419.250000       0.00000000    
   419.750000       0.00000000    
   420.250000       0.00000000    
   420.750000       0.00000000    
   421.250000       0.00000000    
   421.750000       0.00000000    
   422.250000       0.00000000    
   422.750000       0.00000000    
   423.250000       0.00000000    
   423.750000       0.00000000    
   424.250000       0.00000000    
   424.750000       0.00000000    
   425.250000       0.00000000    
   425.750000       0.00000000    
   426.250000       0.00000000    
   426.750000       0.00000000    
   427.250000       0.00000000    
   427.750000       0.00000000    
   428.250000       0.00000000    
   428.750000       0.00000000    
   429.250000       0.00000000    
   429.750000       0.00000000    
   430.250000       0.00000000    
   430.750000       0.00000000    
   431.250000       0.00000000    
   431.750000       0.00000000    
   432.250000       0.00000000    
   432.750000       0.00000000    
   433.250000       0.00000000    
   433.750000       0.00000000    
   434.250000       0.00000000    
   434.750000       0.00000000    
   435.250000       0.00000000    
   435.750000       0.00000000    
   436.250000       0.00000000    
   436.750000       0.00000000    
   437.250000       0.00000000    
   437.750000       0.00000000    
   438.250000       0.00000000    
   438.750000       0.00000000    
   439.250000       0.00000000    
   439.750000       0.00000000    
   440.250000       0.00000000    
   440.750000       0.00000000    
   441.250000       0.00000000    
   441.750000       0.00000000    
   442.250000       0.00000000    
   442.750000       0.00000000    
   443.250000       0.00000000    
   443.750000       0.00000000    
   444.250000       0.00000000    
   444.750000       0.00000000    
   445.250000       0.00000000    
   445.750000       0.00000000    
   446.250000       0.00000000    
   446.750000       0.00000000    
   447.250000       0.00000000    
   447.750000       0.00000000    
   448.250000       0.00000000    
   448.750000       0.00000000    
   449.250000       0.00000000    
   449.750000       0.00000000    
   450.250000       0.00000000    
   450.750000       0.00000000    
   451.250000       0.00000000    
   451.750000       0.00000000    
   452.250000       0.00000000    
   452.750000       0.00000000    
   453.250000       0.00000000    
   453.750000       0.00000000    
   454.250000       0.00000000    
   454.750000       0.00000000    
   455.250000       0.00000000    
   455.750000       0.00000000    
   456.250000       0.00000000    
   456.750000       0.00000000    
   457.250000       0.00000000    
   457.750000       0.00000000    
   458.250000       0.00000000    
   458.750000       0.00000000    
   459.250000       0.00000000    
   459.750000       0.00000000    
   460.250000       0.00000000    
   460.750000       0.00000000    
   461.250000       0.00000000    
   461.750000       0.00000000    
   462.250000       0.00000000    
   462.750000       0.00000000    
   463.250000       0.00000000    
   463.750000       0.00000000    
   464.250000       0.00000000    
   464.750000       0.00000000    
   465.250000       0.00000000    
   465.750000       0.00000000    
   466.250000       0.00000000    
   466.750000       0.00000000    
   467.250000       0.00000000    
   467.750000       0.00000000    
   468.250000       0.00000000    
   468.750000       0.00000000    
   469.250000       0.00000000    
   469.750000       0.00000000    
   470.250000       0.00000000    
   470.750000       0.00000000    
   471.250000       0.00000000    
   471.750000       0.00000000    
   472.250000       0.00000000    
   472.750000       0.00000000    
   473.250000       0.00000000    
   473.750000       0.00000000    
   474.250000       0.00000000    
   474.750000       0.00000000    
   475.250000       0.00000000    
   475.750000       0.00000000    
   476.250000       0.00000000    
   476.750000       0.00000000    
   477.250000       0.00000000    
   477.750000       0.00000000    
   478.250000       0.00000000    
   478.750000       0.00000000    
   479.250000       0.00000000    
   479.750000       0.00000000    
   480.250000       0.00000000    
   480.750000       0.00000000    
   481.250000       0.00000000    
   481.750000       0.00000000    
   482.250000       0.00000000    
   482.750000       0.00000000    
   483.250000       0.00000000    
   483.750000       0.00000000    
   484.250000       0.00000000    
   484.750000       0.00000000    
   485.250000       0.00000000    
   485.750000       0.00000000    
   486.250000       0.00000000    
   486.750000       0.00000000    
   487.250000       0.00000000    
   487.750000       0.00000000    
   488.250000       0.00000000    
   488.750000       0.00000000    
   489.250000       0.00000000    
   489.750000       0.00000000    
   490.250000       0.00000000    
   490.750000       0.00000000    
   491.250000       0.00000000    
   491.750000       0.00000000    
   492.250000       0.00000000    
   492.750000       0.00000000    
   493.250000       0.00000000    
   493.750000       0.00000000    
   494.250000       0.00000000    
   494.750000       0.00000000    
   495.250000       0.00000000    
   495.750000       0.00000000    
   496.250000       0.00000000    
   496.750000       0.00000000    
   497.250000       0.00000000    
   497.750000       0.00000000    
   498.250000       0.00000000    
   498.750000       0.00000000    
   499.250000       0.00000000    
   499.750000       0.00000000    
   500.250000       0.00000000    
   500.750000       0.00000000    
   501.250000       0.00000000    
   501.750000       0.00000000    
   502.250000       0.00000000    
   502.750000       0.00000000    
   503.250000       0.00000000    
   503.750000       0.00000000    
   504.250000       0.00000000    
   504.750000       0.00000000    
   505.250000       0.00000000    
   505.750000       0.00000000    
   506.250000       0.00000000    
   506.750000       0.00000000    
   507.250000       0.00000000    
   507.750000       0.00000000    
   508.250000       0.00000000    
   508.750000       0.00000000    
   509.250000       0.00000000    
   509.750000       0.00000000    
   510.250000       0.00000000    
   510.750000       0.00000000    
   511.250000       0.00000000    
   511.750000       0.00000000    
   512.250000       0.00000000    
   512.750000       0.00000000    
   513.250000       0.00000000    
   513.750000       0.00000000    
   514.250000       0.00000000    
   514.750000       0.00000000    
   515.250000       0.00000000    
   515.750000       0.00000000    
   516.250000       0.00000000    
   516.750000       0.00000000    
   517.250000       0.00000000    
   517.750000       0.00000000    
   518.250000       0.00000000    
   518.750000       0.00000000    
   519.250000       0.00000000    
   519.750000       0.00000000    
   520.250000       0.00000000    
   520.750000       0.00000000    
   521.250000       0.00000000    
   521.750000       0.00000000    
   522.250000       0.00000000    
   522.750000       0.00000000    
   523.250000       0.00000000    
   523.750000       0.00000000    
   524.250000       0.00000000    
   524.750000       0.00000000    
   525.250000       0.00000000    
   525.750000       0.00000000    
   526.250000       0.00000000    
   526.750000       0.00000000    
   527.250000       0.00000000    
   527.750000       0.00000000    
   528.250000       0.00000000    
   528.750000       0.00000000    
   529.250000       0.00000000    
   529.750000       0.00000000    
   530.250000       0.00000000    
   530.750000       0.00000000    
   531.250000       0.00000000    
   531.750000       0.00000000    
   532.250000       0.00000000    
   532.750000       0.00000000    
   533.250000       0.00000000    
   533.750000       0.00000000    
   534.250000       0.00000000    
   534.750000       0.00000000    
   535.250000       0.00000000    
   535.750000       0.00000000    
   536.250000       0.00000000    
   536.750000       0.00000000    
   537.250000       0.00000000    
   537.750000       0.00000000    
   538.250000       0.00000000    
   538.750000       0.00000000    
   539.250000       0.00000000    
   539.750000       0.00000000    
   540.250000       0.00000000    
   540.750000       0.00000000    
   541.250000       0.00000000    
   541.750000       0.00000000    
   542.250000       0.00000000    
   542.750000       0.00000000    
   543.250000       0.00000000    
   543.750000       0.00000000    
   544.250000       0.00000000    
   544.750000       0.00000000    
   545.250000       0.00000000    
   545.750000       0.00000000    
   546.250000       0.00000000    
   546.750000       0.00000000    
   547.250000       0.00000000    
   547.750000       0.00000000    
   548.250000       0.00000000    
   548.750000       0.00000000    
   549.250000       0.00000000    
   549.750000       0.00000000    
   550.250000       0.00000000    
   550.750000       0.00000000    
   551.250000       0.00000000    
   551.750000       0.00000000    
   552.250000       0.00000000    
   552.750000       0.00000000    
   553.250000       0.00000000    
   553.750000       0.00000000    
   554.250000       0.00000000    
   554.750000       0.00000000    
   555.250000       0.00000000    
   555.750000       0.00000000    
   556.250000       0.00000000    
   556.750000       0.00000000    
   557.250000       0.00000000    
   557.750000       0.00000000    
   558.250000       0.00000000    
   558.750000       0.00000000    
   559.250000       0.00000000    
   559.750000       0.00000000    
   560.250000       0.00000000    
   560.750000       0.00000000    
   561.250000       0.00000000    
   561.750000       0.00000000    
   562.250000       0.00000000    
   562.750000       0.00000000    
   563.250000       0.00000000    
   563.750000       0.00000000    
   564.250000       0.00000000    
   564.750000       0.00000000    
   565.250000       0.00000000    
   565.750000       0.00000000    
   566.250000       0.00000000    
   566.750000       0.00000000    
   567.250000       0.00000000    
   567.750000       0.00000000    
   568.250000       0.00000000    
   568.750000       0.00000000    
   569.250000       0.00000000    
   569.750000       0.00000000    
   570.250000       0.00000000    
   570.750000       0.00000000    
   571.250000       0.00000000    
   571.750000       0.00000000    
   572.250000       0.00000000    
   572.750000       0.00000000    
   573.250000       0.00000000    
   573.750000       0.00000000    
   574.250000       0.00000000    
   574.750000       0.00000000    
   575.250000       0.00000000    
   575.750000       0.00000000    
   576.250000       0.00000000    
   576.750000       0.00000000    
   577.250000       0.00000000    
   577.750000       0.00000000    
   578.250000       0.00000000    
   578.750000       0.00000000    
   579.250000       0.00000000    
   579.750000       0.00000000    
   580.250000       0.00000000    
   580.750000       0.00000000    
   581.250000       0.00000000    
   581.750000       0.00000000    
   582.250000       0.00000000    
   582.750000       0.00000000    
   583.250000       0.00000000    
   583.750000       0.00000000    
   584.250000       0.00000000    
   584.750000       0.00000000    
   585.250000       0.00000000    
   585.750000       0.00000000    
   586.250000       0.00000000    
   586.750000       0.00000000    
   587.250000       0.00000000    
   587.750000       0.00000000    
   588.250000       0.00000000    
   588.750000       0.00000000    
   589.250000       0.00000000    
   589.750000       0.00000000    
   590.250000       0.00000000    
   590.750000       0.00000000    
   591.250000       0.00000000    
   591.750000       0.00000000    
   592.250000       0.00000000    
   592.750000       0.00000000    
   593.250000       0.00000000    
   593.750000       0.00000000    
   594.250000       0.00000000    
   594.750000       0.00000000    
   595.250000       0.00000000    
   595.750000       0.00000000    
   596.250000       0.00000000    
   596.750000       0.00000000    
   597.250000       0.00000000    
   597.750000       0.00000000    
   598.250000       0.00000000    
   598.750000       0.00000000    
   599.250000       0.00000000    
   599.750000       0.00000000    
   600.250000       0.00000000    
   600.750000       0.00000000    
   601.250000       0.00000000    
   601.750000       0.00000000    
   602.250000       0.00000000    
   602.750000       0.00000000    
   603.250000       0.00000000    
   603.750000       0.00000000    
   604.250000       0.00000000    
   604.750000       0.00000000    
   605.250000       0.00000000    
   605.750000       0.00000000    
   606.250000       0.00000000    
   606.750000       0.00000000    
   607.250000       0.00000000    
   607.750000       0.00000000    
   608.250000       0.00000000    
   608.750000       0.00000000    
   609.250000       0.00000000    
   609.750000       0.00000000    
   610.250000       0.00000000    
   610.750000       0.00000000    
   611.250000       0.00000000    
   611.750000       0.00000000    
   612.250000       0.00000000    
   612.750000       0.00000000    
   613.250000       0.00000000    
   613.750000       0.00000000    
   614.250000       0.00000000    
   614.750000       0.00000000    
   615.250000       0.00000000    
   615.750000       0.00000000    
   616.250000       0.00000000    
   616.750000       0.00000000    
   617.250000       0.00000000    
   617.750000       0.00000000    
   618.250000       0.00000000    
   618.750000       0.00000000    
   619.250000       0.00000000    
   619.750000       0.00000000    
   620.250000       0.00000000    
   620.750000       0.00000000    
   621.250000       0.00000000    
   621.750000       0.00000000    
   622.250000       0.00000000    
   622.750000       0.00000000    
   623.250000       0.00000000    
   623.750000       0.00000000    
   624.250000       0.00000000    
   624.750000       0.00000000    
   625.250000       0.00000000    
   625.750000       0.00000000    
   626.250000       0.00000000    
   626.750000       0.00000000    
   627.250000       0.00000000    
   627.750000       0.00000000    
   628.250000       0.00000000    
   628.750000       0.00000000    
   629.250000       0.00000000    
   629.750000       0.00000000    
   630.250000       0.00000000    
   630.750000       0.00000000    
   631.250000       0.00000000    
   631.750000       0.00000000    
   632.250000       0.00000000    
   632.750000       0.00000000    
   633.250000       0.00000000    
   633.750000       0.00000000    
   634.250000       0.00000000    
   634.750000       0.00000000    
   635.250000       0.00000000    
   635.750000       0.00000000    
   636.250000       0.00000000    
   636.750000       0.00000000    
   637.250000       0.00000000    
   637.750000       0.00000000    
   638.250000       0.00000000    
   638.750000       0.00000000    
   639.250000       0.00000000    
   639.750000       0.00000000    
   640.250000       0.00000000    
   640.750000       0.00000000    
   641.250000       0.00000000    
   641.750000       0.00000000    
   642.250000       0.00000000    
   642.750000       0.00000000    
   643.250000       0.00000000    
   643.750000       0.00000000    
   644.250000       0.00000000    
   644.750000       0.00000000    
   645.250000       0.00000000    
   645.750000       0.00000000    
   646.250000       0.00000000    
   646.750000       0.00000000    
   647.250000       0.00000000    
   647.750000       0.00000000    
   648.250000       0.00000000    
   648.750000       0.00000000    
   649.250000       0.00000000    
   649.750000       0.00000000    
   650.250000       0.00000000    
   650.750000       0.00000000    
   651.250000       0.00000000    
   651.750000       0.00000000    
   652.250000       0.00000000    
   652.750000       0.00000000    
   653.250000       0.00000000    
   653.750000       0.00000000    
   654.250000       0.00000000    
   654.750000       0.00000000    
   655.250000       0.00000000    
   655.750000       0.00000000    
   656.250000       0.00000000    
   656.750000       0.00000000    
   657.250000       0.00000000    
   657.750000       0.00000000    
   658.250000       0.00000000    
   658.750000       0.00000000    
   659.250000       0.00000000    
   659.750000       0.00000000    
   660.250000       0.00000000    
   660.750000       0.00000000    
   661.250000       0.00000000    
   661.750000       0.00000000    
   662.250000       0.00000000    
   662.750000       0.00000000    
   663.250000       0.00000000    
   663.750000       0.00000000    
   664.250000       0.00000000    
   664.750000       0.00000000    
   665.250000       0.00000000    
   665.750000       0.00000000    
   666.250000       0.00000000    
   666.750000       0.00000000    
   667.250000       0.00000000    
   667.750000       0.00000000    
   668.250000       0.00000000    
   668.750000       0.00000000    
   669.250000       0.00000000    
   669.750000       0.00000000    
   670.250000       0.00000000    
   670.750000       0.00000000    
   671.250000       0.00000000    
   671.750000       0.00000000    
   672.250000       0.00000000    
   672.750000       0.00000000    
   673.250000       0.00000000    
   673.750000       0.00000000    
   674.250000       0.00000000    
   674.750000       0.00000000    
   675.250000       0.00000000    
   675.750000       0.00000000    
   676.250000       0.00000000    
   676.750000       0.00000000    
   677.250000       0.00000000    
   677.750000       0.00000000    
   678.250000       0.00000000    
   678.750000       0.00000000    
   679.250000       0.00000000    
   679.750000       0.00000000    
   680.250000       0.00000000    
   680.750000       0.00000000    
   681.250000       0.00000000    
   681.750000       0.00000000    
   682.250000       0.00000000    
   682.750000       0.00000000    
   683.250000       0.00000000    
   683.750000       0.00000000    
   684.250000       0.00000000    
   684.750000       0.00000000    
   685.250000       0.00000000    
   685.750000       0.00000000    
   686.250000       0.00000000    
   686.750000       0.00000000    
   687.250000       0.00000000    
   687.750000       0.00000000    
   688.250000       0.00000000    
   688.750000       0.00000000    
   689.250000       0.00000000    
   689.750000       0.00000000    
   690.250000       0.00000000    
   690.750000       0.00000000    
   691.250000       0.00000000    
   691.750000       0.00000000    
   692.250000       0.00000000    
   692.750000       0.00000000    
   693.250000       0.00000000    
   693.750000       0.00000000    
   694.250000       0.00000000    
   694.750000       0.00000000    
   695.250000       0.00000000    
   695.750000       0.00000000    
   696.250000       0.00000000    
   696.750000       0.00000000    
   697.250000       0.00000000    
   697.750000       0.00000000    
   698.250000       0.00000000    
   698.750000       0.00000000    
   699.250000       0.00000000    
   699.750000       0.00000000    
   700.250000       0.00000000    
   700.750000       0.00000000    
   701.250000       0.00000000    
   701.750000       0.00000000    
   702.250000       0.00000000    
   702.750000       0.00000000    
   703.250000       0.00000000    
   703.750000       0.00000000    
   704.250000       0.00000000    
   704.750000       0.00000000    
   705.250000       0.00000000    
   705.750000       0.00000000    
   706.250000       0.00000000    
   706.750000       0.00000000    
   707.250000       0.00000000    
   707.750000       0.00000000    
   708.250000       0.00000000    
   708.750000       0.00000000    
   709.250000       0.00000000    
   709.750000       0.00000000    
   710.250000       0.00000000    
   710.750000       0.00000000    
   711.250000       0.00000000    
   711.750000       0.00000000    
   712.250000       0.00000000    
   712.750000       0.00000000    
   713.250000       0.00000000    
   713.750000       0.00000000    
   714.250000       0.00000000    
   714.750000       0.00000000    
   715.250000       0.00000000    
   715.750000       0.00000000    
   716.250000       0.00000000    
   716.750000       0.00000000    
   717.250000       0.00000000    
   717.750000       0.00000000    
   718.250000       0.00000000    
   718.750000       0.00000000    
   719.250000       0.00000000    
   719.750000       0.00000000    
   720.250000       0.00000000    
   720.750000       0.00000000    
   721.250000       0.00000000    
   721.750000       0.00000000    
   722.250000       0.00000000    
   722.750000       0.00000000    
   723.250000       0.00000000    
   723.750000       0.00000000    
   724.250000       0.00000000    
   724.750000       0.00000000    
   725.250000       0.00000000    
   725.750000       0.00000000    
   726.250000       0.00000000    
   726.750000       0.00000000    
   727.250000       0.00000000    
   727.750000       0.00000000    
   728.250000       0.00000000    
   728.750000       0.00000000    
   729.250000       0.00000000    
   729.750000       0.00000000    
   730.250000       0.00000000    
   730.750000       0.00000000    
   731.250000       0.00000000    
   731.750000       0.00000000    
   732.250000       0.00000000    
   732.750000       0.00000000    
   733.250000       0.00000000    
   733.750000       0.00000000    
   734.250000       0.00000000    
   734.750000       0.00000000    
   735.250000       0.00000000    
   735.750000       0.00000000    
   736.250000       0.00000000    
   736.750000       0.00000000    
   737.250000       0.00000000    
   737.750000       0.00000000    
   738.250000       0.00000000    
   738.750000       0.00000000    
   739.250000       0.00000000    
   739.750000       0.00000000    
   740.250000       0.00000000    
   740.750000       0.00000000    
   741.250000       0.00000000    
   741.750000       0.00000000    
   742.250000       0.00000000    
   742.750000       0.00000000    
   743.250000       0.00000000    
   743.750000       0.00000000    
   744.250000       0.00000000    
   744.750000       0.00000000    
   745.250000       0.00000000    
   745.750000       0.00000000    
   746.250000       0.00000000    
   746.750000       0.00000000    
   747.250000       0.00000000    
   747.750000       0.00000000    
   748.250000       0.00000000    
   748.750000       0.00000000    
   749.250000       0.00000000    
   749.750000       0.00000000    
   750.250000       0.00000000    
   750.750000       0.00000000    
   751.250000       0.00000000    
   751.750000       0.00000000    
   752.250000       0.00000000    
   752.750000       0.00000000    
   753.250000       0.00000000    
   753.750000       0.00000000    
   754.250000       0.00000000    
   754.750000       0.00000000    
   755.250000       0.00000000    
   755.750000       0.00000000    
   756.250000       0.00000000    
   756.750000       0.00000000    
   757.250000       0.00000000    
   757.750000       0.00000000    
   758.250000       0.00000000    
   758.750000       0.00000000    
   759.250000       0.00000000    
   759.750000       0.00000000    
   760.250000       0.00000000    
   760.750000       0.00000000    
   761.250000       0.00000000    
   761.750000       0.00000000    
   762.250000       0.00000000    
   762.750000       0.00000000    
   763.250000       0.00000000    
   763.750000       0.00000000    
   764.250000       0.00000000    
   764.750000       0.00000000    
   765.250000       0.00000000    
   765.750000       0.00000000    
   766.250000       0.00000000    
   766.750000       0.00000000    
   767.250000       0.00000000    
   767.750000       0.00000000    
   768.250000       0.00000000    
   768.750000       0.00000000    
   769.250000       0.00000000    
   769.750000       0.00000000    
   770.250000       0.00000000    
   770.750000       0.00000000    
   771.250000       0.00000000    
   771.750000       0.00000000    
   772.250000       0.00000000    
   772.750000       0.00000000    
   773.250000       0.00000000    
   773.750000       0.00000000    
   774.250000       0.00000000    
   774.750000       0.00000000    
   775.250000       0.00000000    
   775.750000       0.00000000    
   776.250000       0.00000000    
   776.750000       0.00000000    
   777.250000       0.00000000    
   777.750000       0.00000000    
   778.250000       0.00000000    
   778.750000       0.00000000    
   779.250000       0.00000000    
   779.750000       0.00000000    
   780.250000       0.00000000    
   780.750000       0.00000000    
   781.250000       0.00000000    
   781.750000       0.00000000    
   782.250000       0.00000000    
   782.750000       0.00000000    
   783.250000       0.00000000    
   783.750000       0.00000000    
   784.250000       0.00000000    
   784.750000       0.00000000    
   785.250000       0.00000000    
   785.750000       0.00000000    
   786.250000       0.00000000    
   786.750000       0.00000000    
   787.250000       0.00000000    
   787.750000       0.00000000    
   788.250000       0.00000000    
   788.750000       0.00000000    
   789.250000       0.00000000    
   789.750000       0.00000000    
   790.250000       0.00000000    
   790.750000       0.00000000    
   791.250000       0.00000000    
   791.750000       0.00000000    
   792.250000       0.00000000    
   792.750000       0.00000000    
   793.250000       0.00000000    
   793.750000       0.00000000    
   794.250000       0.00000000    
   794.750000       0.00000000    
   795.250000       0.00000000    
   795.750000       0.00000000    
   796.250000       0.00000000    
   796.750000       0.00000000    
   797.250000       0.00000000    
   797.750000       0.00000000    
   798.250000       0.00000000    
   798.750000       0.00000000    
   799.250000       0.00000000    
   799.750000       0.00000000    
   800.250000       0.00000000    
   800.750000       0.00000000    
   801.250000       0.00000000    
   801.750000       0.00000000    
   802.250000       0.00000000    
   802.750000       0.00000000    
   803.250000       0.00000000    
   803.750000       0.00000000    
   804.250000       0.00000000    
   804.750000       0.00000000    
   805.250000       0.00000000    
   805.750000       0.00000000    
   806.250000       0.00000000    
   806.750000       0.00000000    
   807.250000       0.00000000    
   807.750000       0.00000000    
   808.250000       0.00000000    
   808.750000       0.00000000    
   809.250000       0.00000000    
   809.750000       0.00000000    
   810.250000       0.00000000    
   810.750000       0.00000000    
   811.250000       0.00000000    
   811.750000       0.00000000    
   812.250000       0.00000000    
   812.750000       0.00000000    
   813.250000       0.00000000    
   813.750000       0.00000000    
   814.250000       0.00000000    
   814.750000       0.00000000    
   815.250000       0.00000000    
   815.750000       0.00000000    
   816.250000       0.00000000    
   816.750000       0.00000000    
   817.250000       0.00000000    
   817.750000       0.00000000    
   818.250000       0.00000000    
   818.750000       0.00000000    
   819.250000       0.00000000    
   819.750000       0.00000000    
   820.250000       0.00000000    
   820.750000       0.00000000    
   821.250000       0.00000000    
   821.750000       0.00000000    
   822.250000       0.00000000    
   822.750000       0.00000000    
   823.250000       0.00000000    
   823.750000       0.00000000    
   824.250000       0.00000000    
   824.750000       0.00000000    
   825.250000       0.00000000    
   825.750000       0.00000000    
   826.250000       0.00000000    
   826.750000       0.00000000    
   827.250000       0.00000000    
   827.750000       0.00000000    
   828.250000       0.00000000    
   828.750000       0.00000000    
   829.250000       0.00000000    
   829.750000       0.00000000    
   830.250000       0.00000000    
   830.750000       0.00000000    
   831.250000       0.00000000    
   831.750000       0.00000000    
   832.250000       0.00000000    
   832.750000       0.00000000    
   833.250000       0.00000000    
   833.750000       0.00000000    
   834.250000       0.00000000    
   834.750000       0.00000000    
   835.250000       0.00000000    
   835.750000       0.00000000    
   836.250000       0.00000000    
   836.750000       0.00000000    
   837.250000       0.00000000    
   837.750000       0.00000000    
   838.250000       0.00000000    
   838.750000       0.00000000    
   839.250000       0.00000000    
   839.750000       0.00000000    
   840.250000       0.00000000    
   840.750000       0.00000000    
   841.250000       0.00000000    
   841.750000       0.00000000    
   842.250000       0.00000000    
   842.750000       0.00000000    
   843.250000       0.00000000    
   843.750000       0.00000000    
   844.250000       0.00000000    
   844.750000       0.00000000    
   845.250000       0.00000000    
   845.750000       0.00000000    
   846.250000       0.00000000    
   846.750000       0.00000000    
   847.250000       0.00000000    
   847.750000       0.00000000    
   848.250000       0.00000000    
   848.750000       0.00000000    
   849.250000       0.00000000    
   849.750000       0.00000000    
   850.250000       0.00000000    
   850.750000       0.00000000    
   851.250000       0.00000000    
   851.750000       0.00000000    
   852.250000       0.00000000    
   852.750000       0.00000000    
   853.250000       0.00000000    
   853.750000       0.00000000    
   854.250000       0.00000000    
   854.750000       0.00000000    
   855.250000       0.00000000    
   855.750000       0.00000000    
   856.250000       0.00000000    
   856.750000       0.00000000    
   857.250000       0.00000000    
   857.750000       0.00000000    
   858.250000       0.00000000    
   858.750000       0.00000000    
   859.250000       0.00000000    
   859.750000       0.00000000    
   860.250000       0.00000000    
   860.750000       0.00000000    
   861.250000       0.00000000    
   861.750000       0.00000000    
   862.250000       0.00000000    
   862.750000       0.00000000    
   863.250000       0.00000000    
   863.750000       0.00000000    
   864.250000       0.00000000    
   864.750000       0.00000000    
   865.250000       0.00000000    
   865.750000       0.00000000    
   866.250000       0.00000000    
   866.750000       0.00000000    
   867.250000       0.00000000    
   867.750000       0.00000000    
   868.250000       0.00000000    
   868.750000       0.00000000    
   869.250000       0.00000000    
   869.750000       0.00000000    
   870.250000       0.00000000    
   870.750000       0.00000000    
   871.250000       0.00000000    
   871.750000       0.00000000    
   872.250000       0.00000000    
   872.750000       0.00000000    
   873.250000       0.00000000    
   873.750000       0.00000000    
   874.250000       0.00000000    
   874.750000       0.00000000    
   875.250000       0.00000000    
   875.750000       0.00000000    
   876.250000       0.00000000    
   876.750000       0.00000000    
   877.250000       0.00000000    
   877.750000       0.00000000    
   878.250000       0.00000000    
   878.750000       0.00000000    
   879.250000       0.00000000    
   879.750000       0.00000000    
   880.250000       0.00000000    
   880.750000       0.00000000    
   881.250000       0.00000000    
   881.750000       0.00000000    
   882.250000       0.00000000    
   882.750000       0.00000000    
   883.250000       0.00000000    
   883.750000       0.00000000    
   884.250000       0.00000000    
   884.750000       0.00000000    
   885.250000       0.00000000    
   885.750000       0.00000000    
   886.250000       0.00000000    
   886.750000       0.00000000    
   887.250000       0.00000000    
   887.750000       0.00000000    
   888.250000       0.00000000    
   888.750000       0.00000000    
   889.250000       0.00000000    
   889.750000       0.00000000    
   890.250000       0.00000000    
   890.750000       0.00000000    
   891.250000       0.00000000    
   891.750000       0.00000000    
   892.250000       0.00000000    
   892.750000       0.00000000    
   893.250000       0.00000000    
   893.750000       0.00000000    
   894.250000       0.00000000    
   894.750000       0.00000000    
   895.250000       0.00000000    
   895.750000       0.00000000    
   896.250000       0.00000000    
   896.750000       0.00000000    
   897.250000       0.00000000    
   897.750000       0.00000000    
   898.250000       0.00000000    
   898.750000       0.00000000    
   899.250000       0.00000000    
   899.750000       0.00000000    
   900.250000       0.00000000    
   900.750000       0.00000000    
   901.250000       0.00000000    
   901.750000       0.00000000    
   902.250000       0.00000000    
   902.750000       0.00000000    
   903.250000       0.00000000    
   903.750000       0.00000000    
   904.250000       0.00000000    
   904.750000       0.00000000    
   905.250000       0.00000000    
   905.750000       0.00000000    
   906.250000       0.00000000    
   906.750000       0.00000000    
   907.250000       0.00000000    
   907.750000       0.00000000    
   908.250000       0.00000000    
   908.750000       0.00000000    
   909.250000       0.00000000    
   909.750000       0.00000000    
   910.250000       0.00000000    
   910.750000       0.00000000    
   911.250000       0.00000000    
   911.750000       0.00000000    
   912.250000       0.00000000    
   912.750000       0.00000000    
   913.250000       0.00000000    
   913.750000       0.00000000    
   914.250000       0.00000000    
   914.750000       0.00000000    
   915.250000       0.00000000    
   915.750000       0.00000000    
   916.250000       0.00000000    
   916.750000       0.00000000    
   917.250000       0.00000000    
   917.750000       0.00000000    
   918.250000       0.00000000    
   918.750000       0.00000000    
   919.250000       0.00000000    
   919.750000       0.00000000    
   920.250000       0.00000000    
   920.750000       0.00000000    
   921.250000       0.00000000    
   921.750000       0.00000000    
   922.250000       0.00000000    
   922.750000       0.00000000    
   923.250000       0.00000000    
   923.750000       0.00000000    
   924.250000       0.00000000    
   924.750000       0.00000000    
   925.250000       0.00000000    
   925.750000       0.00000000    
   926.250000       0.00000000    
   926.750000       0.00000000    
   927.250000       0.00000000    
   927.750000       0.00000000    
   928.250000       0.00000000    
   928.750000       0.00000000    
   929.250000       0.00000000    
   929.750000       0.00000000    
   930.250000       0.00000000    
   930.750000       0.00000000    
   931.250000       0.00000000    
   931.750000       0.00000000    
   932.250000       0.00000000    
   932.750000       0.00000000    
   933.250000       0.00000000    
   933.750000       0.00000000    
   934.250000       0.00000000    
   934.750000       0.00000000    
   935.250000       0.00000000    
   935.750000       0.00000000    
   936.250000       0.00000000    
   936.750000       0.00000000    
   937.250000       0.00000000    
   937.750000       0.00000000    
   938.250000       0.00000000    
   938.750000       0.00000000    
   939.250000       0.00000000    
   939.750000       0.00000000    
   940.250000       0.00000000    
   940.750000       0.00000000    
   941.250000       0.00000000    
   941.750000       0.00000000    
   942.250000       0.00000000    
   942.750000       0.00000000    
   943.250000       0.00000000    
   943.750000       0.00000000    
   944.250000       0.00000000    
   944.750000       0.00000000    
   945.250000       0.00000000    
   945.750000       0.00000000    
   946.250000       0.00000000    
   946.750000       0.00000000    
   947.250000       0.00000000    
   947.750000       0.00000000    
   948.250000       0.00000000    
   948.750000       0.00000000    
   949.250000       0.00000000    
   949.750000       0.00000000    
   950.250000       0.00000000    
   950.750000       0.00000000    
   951.250000       0.00000000    
   951.750000       0.00000000    
   952.250000       0.00000000    
   952.750000       0.00000000    
   953.250000       0.00000000    
   953.750000       0.00000000    
   954.250000       0.00000000    
   954.750000       0.00000000    
   955.250000       0.00000000    
   955.750000       0.00000000    
   956.250000       0.00000000    
   956.750000       0.00000000    
   957.250000       0.00000000    
   957.750000       0.00000000    
   958.250000       0.00000000    
   958.750000       0.00000000    
   959.250000       0.00000000    
   959.750000       0.00000000    
   960.250000       0.00000000    
   960.750000       0.00000000    
   961.250000       0.00000000    
   961.750000       0.00000000    
   962.250000       0.00000000    
   962.750000       0.00000000    
   963.250000       0.00000000    
   963.750000       0.00000000    
   964.250000       0.00000000    
   964.750000       0.00000000    
   965.250000       0.00000000    
   965.750000       0.00000000    
   966.250000       0.00000000    
   966.750000       0.00000000    
   967.250000       0.00000000    
   967.750000       0.00000000    
   968.250000       0.00000000    
   968.750000       0.00000000    
   969.250000       0.00000000    
   969.750000       0.00000000    
   970.250000       0.00000000    
   970.750000       0.00000000    
   971.250000       0.00000000    
   971.750000       0.00000000    
   972.250000       0.00000000    
   972.750000       0.00000000    
   973.250000       0.00000000    
   973.750000       0.00000000    
   974.250000       0.00000000    
   974.750000       0.00000000    
   975.250000       0.00000000    
   975.750000       0.00000000    
   976.250000       0.00000000    
   976.750000       0.00000000    
   977.250000       0.00000000    
   977.750000       0.00000000    
   978.250000       0.00000000    
   978.750000       0.00000000    
   979.250000       0.00000000    
   979.750000       0.00000000    
   980.250000       0.00000000    
   980.750000       0.00000000    
   981.250000       0.00000000    
   981.750000       0.00000000    
   982.250000       0.00000000    
   982.750000       0.00000000    
   983.250000       0.00000000    
   983.750000       0.00000000    
   984.250000       0.00000000    
   984.750000       0.00000000    
   985.250000       0.00000000    
   985.750000       0.00000000    
   986.250000       0.00000000    
   986.750000       0.00000000    
   987.250000       0.00000000    
   987.750000       0.00000000    
   988.250000       0.00000000    
   988.750000       0.00000000    
   989.250000       0.00000000    
   989.750000       0.00000000    
   990.250000       0.00000000    
   990.750000       0.00000000    
   991.250000       0.00000000    
   991.750000       0.00000000    
   992.250000       0.00000000    
   992.750000       0.00000000    
   993.250000       0.00000000    
   993.750000       0.00000000    
   994.250000       0.00000000    
   994.750000       0.00000000    
   995.250000       0.00000000    
   995.750000       0.00000000    
   996.250000       0.00000000    
   996.750000       0.00000000    
   997.250000       0.00000000    
   997.750000       0.00000000    
   998.250000       0.00000000    
   998.750000       0.00000000    
   999.250000       0.00000000    
   999.750000       0.00000000    
   1000.25000       0.00000000    
