 -0.250000000       1.90592909E-05
  0.250000000       1.90592909E-05
  0.750000000      -5.11829057E-05
   1.25000000       5.59479668E-05
   1.75000000      -3.40201295E-05
   2.25000000      -8.92790376E-06
   2.75000000       3.58508478E-05
   3.25000000      -1.49810039E-05
   3.75000000      -4.55588670E-05
   4.25000000       1.48471459E-04
   4.75000000       1.57836868E-04
   5.25000000       5.28664910E-04
   5.75000000       2.29091034E-03
   6.25000000       5.69166802E-03
   6.75000000       1.04597751E-02
   7.25000000       1.61386319E-02
   7.75000000       2.25849058E-02
   8.25000000       2.95754690E-02
   8.75000000       3.70768383E-02
   9.25000000       4.49343584E-02
   9.75000000       5.31143993E-02
   10.2500000       6.15352616E-02
   10.7500000       7.01222941E-02
   11.2500000       7.88804591E-02
   11.7500000       8.76605138E-02
   12.2500000       9.65634733E-02
   12.7500000      0.105351597    
   13.2500000      0.114211015    
   13.7500000      0.122833841    
   14.2500000      0.131442636    
   14.7500000      0.139720276    
   15.2500000      0.147836283    
   15.7500000      0.155553594    
   16.2500000      0.162879020    
   16.7500000      0.169742301    
   17.2500000      0.175898284    
   17.7500000      0.181461468    
   18.2500000      0.185922399    
   18.7500000      0.189468265    
   19.2500000      0.191403627    
   19.7500000      0.191691861    
   20.2500000      0.189550892    
   20.7500000      0.184169739    
   21.2500000      0.174341485    
   21.7500000      0.157621577    
   22.2500000      0.129284695    
   22.7500000       8.95026997E-02
   23.2500000       5.18855490E-02
   23.7500000       2.60497481E-02
   24.2500000       1.09330816E-02
   24.7500000       3.36834672E-03
   25.2500000       5.55421342E-04
   25.7500000      -5.02939947E-05
   26.2500000      -4.63683282E-05
   26.7500000      -5.14357862E-06
   27.2500000       1.96550491E-06
   27.7500000       4.39318598E-07
   28.2500000      -7.77789708E-08
   28.7500000      -2.25314700E-08
   29.2500000       3.70225073E-09
   29.7500000       8.80223783E-10
   30.2500000      -1.96940186E-10
   30.7500000      -2.29994478E-11
   31.2500000       9.47663736E-12
   31.7500000       4.14241124E-15
   32.2500000      -3.46946511E-13
   32.7500000       3.89802665E-14
   33.2500000       7.23944068E-15
   33.7500000      -2.25723671E-15
   34.2500000       7.30809505E-17
   34.7500000       6.20168473E-17
   35.2500000      -1.16705705E-17
   35.7500000      -8.21405341E-20
   36.2500000       3.66395284E-19
   36.7500000      -5.87761585E-20
   37.2500000      -6.07502768E-22
   37.7500000       1.79381749E-21
   38.2500000      -3.05171485E-22
   38.7500000       6.03790666E-24
   39.2500000       7.23941360E-24
   39.7500000      -1.53755696E-24
   40.2500000       1.03320872E-25
   40.7500000       2.02810515E-26
   41.2500000      -6.70530075E-27
   41.7500000       8.23711185E-28
   42.2500000       3.23388915E-30
   42.7500000      -2.13554094E-29
   43.2500000       4.34098102E-30
   43.7500000      -3.81784343E-31
   44.2500000      -2.52446287E-32
   44.7500000       1.45713868E-32
   45.2500000      -2.51652953E-33
   45.7500000       1.97649158E-34
   46.2500000       1.61526441E-35
   46.7500000      -8.12809143E-36
   47.2500000       1.41366729E-36
   47.7500000      -1.26391628E-37
   48.2500000      -4.02455161E-39
   48.7500000       3.74821135E-39
   49.2500000      -7.51150628E-40
   49.7500000       8.60775608E-41
   50.2500000      -2.91750340E-42
   50.7500000      -1.22053096E-42
   51.2500000       3.43318124E-43
   51.7500000      -5.18480432E-44
   52.2500000       5.60519386E-45
   52.7500000       0.00000000    
   53.2500000       0.00000000    
   53.7500000       0.00000000    
   54.2500000       0.00000000    
   54.7500000       0.00000000    
   55.2500000       0.00000000    
   55.7500000       0.00000000    
   56.2500000       0.00000000    
   56.7500000       0.00000000    
   57.2500000       0.00000000    
   57.7500000       0.00000000    
   58.2500000       0.00000000    
   58.7500000       0.00000000    
   59.2500000       0.00000000    
   59.7500000       0.00000000    
   60.2500000       0.00000000    
   60.7500000       0.00000000    
   61.2500000       0.00000000    
   61.7500000       0.00000000    
   62.2500000       0.00000000    
   62.7500000       0.00000000    
   63.2500000       0.00000000    
   63.7500000       0.00000000    
   64.2500000       0.00000000    
   64.7500000       0.00000000    
   65.2500000       0.00000000    
   65.7500000       0.00000000    
   66.2500000       0.00000000    
   66.7500000       0.00000000    
   67.2500000       0.00000000    
   67.7500000       0.00000000    
   68.2500000       0.00000000    
   68.7500000       0.00000000    
   69.2500000       0.00000000    
   69.7500000       0.00000000    
   70.2500000       0.00000000    
   70.7500000       0.00000000    
   71.2500000       0.00000000    
   71.7500000       0.00000000    
   72.2500000       0.00000000    
   72.7500000       0.00000000    
   73.2500000       0.00000000    
   73.7500000       0.00000000    
   74.2500000       0.00000000    
   74.7500000       0.00000000    
   75.2500000       0.00000000    
   75.7500000       0.00000000    
   76.2500000       0.00000000    
   76.7500000       0.00000000    
   77.2500000       0.00000000    
   77.7500000       0.00000000    
   78.2500000       0.00000000    
   78.7500000       0.00000000    
   79.2500000       0.00000000    
   79.7500000       0.00000000    
   80.2500000       0.00000000    
   80.7500000       0.00000000    
   81.2500000       0.00000000    
   81.7500000       0.00000000    
   82.2500000       0.00000000    
   82.7500000       0.00000000    
   83.2500000       0.00000000    
   83.7500000       0.00000000    
   84.2500000       0.00000000    
   84.7500000       0.00000000    
   85.2500000       0.00000000    
   85.7500000       0.00000000    
   86.2500000       0.00000000    
   86.7500000       0.00000000    
   87.2500000       0.00000000    
   87.7500000       0.00000000    
   88.2500000       0.00000000    
   88.7500000       0.00000000    
   89.2500000       0.00000000    
   89.7500000       0.00000000    
   90.2500000       0.00000000    
   90.7500000       0.00000000    
   91.2500000       0.00000000    
   91.7500000       0.00000000    
   92.2500000       0.00000000    
   92.7500000       0.00000000    
   93.2500000       0.00000000    
   93.7500000       0.00000000    
   94.2500000       0.00000000    
   94.7500000       0.00000000    
   95.2500000       0.00000000    
   95.7500000       0.00000000    
   96.2500000       0.00000000    
   96.7500000       0.00000000    
   97.2500000       0.00000000    
   97.7500000       0.00000000    
   98.2500000       0.00000000    
   98.7500000       0.00000000    
   99.2500000       0.00000000    
   99.7500000       0.00000000    
   100.250000       0.00000000    
