   0.00000000       0.00000000    
  0.500000000       4.19787139E-05
   1.00000000      -7.35060239E-05
   1.50000000       8.25884490E-05
   2.00000000      -5.68049218E-05
   2.50000000      -1.42262979E-06
   3.00000000       6.57829514E-05
   3.50000000      -7.89613259E-05
   4.00000000       2.77667205E-05
   4.50000000       1.47670929E-04
   5.00000000       1.79776529E-04
   5.50000000       7.38702074E-04
   6.00000000       2.96139088E-03
   6.50000000       6.69256691E-03
   7.00000000       1.17387660E-02
   7.50000000       1.75260212E-02
   8.00000000       2.40808968E-02
   8.50000000       3.10450234E-02
   9.00000000       3.85364629E-02
   9.50000000       4.62445691E-02
   10.0000000       5.43068573E-02
   10.5000000       6.24631271E-02
   11.0000000       7.08306804E-02
   11.5000000       7.92205334E-02
   12.0000000       8.76808465E-02
   12.5000000       9.61294547E-02
   13.0000000      0.104497150    
   13.5000000      0.112840027    
   14.0000000      0.120943248    
   14.5000000      0.129000127    
   15.0000000      0.136669174    
   15.5000000      0.144221812    
   16.0000000      0.151267678    
   16.5000000      0.158035919    
   17.0000000      0.164213613    
   17.5000000      0.169828475    
   18.0000000      0.174761921    
   18.5000000      0.178710520    
   19.0000000      0.181762859    
   19.5000000      0.183246717    
   20.0000000      0.183241442    
   20.5000000      0.180777013    
   21.0000000      0.175269142    
   21.5000000      0.165272430    
   22.0000000      0.148201197    
   22.5000000      0.118460536    
   23.0000000       7.86430761E-02
   23.5000000       4.38232273E-02
   24.0000000       2.11013164E-02
   24.5000000       8.23719613E-03
   25.0000000       2.20373645E-03
   25.5000000       2.28589197E-04
   26.0000000      -8.10454512E-05
   26.5000000      -3.20720974E-05
   27.0000000      -2.80507265E-07
   27.5000000       1.79268682E-06
   28.0000000       1.45958722E-07
   28.5000000      -8.54790727E-08
   29.0000000      -7.96465560E-09
   29.5000000       4.04884970E-09
   30.0000000       2.10965995E-10
   30.5000000      -1.82537235E-10
   31.0000000       3.94201685E-12
   31.5000000       6.85509288E-12
   32.0000000      -8.01983263E-13
   32.5000000      -1.67895076E-13
   33.0000000       4.82542405E-14
   33.5000000      -1.72879636E-16
   34.0000000      -1.61904768E-15
   34.5000000       2.33193173E-16
   35.0000000       1.82582121E-17
   35.5000000      -1.02118557E-17
   36.0000000       1.05453379E-18
   36.5000000       1.38875715E-19
   37.0000000      -5.50847358E-20
   37.5000000       5.45542941E-21
   38.0000000       6.28392966E-22
   38.5000000      -2.69476577E-22
   39.0000000       3.21447061E-23
   39.5000000       1.41249075E-24
   40.0000000      -1.14727207E-24
   40.5000000       1.84603978E-25
   41.0000000      -5.83156835E-27
   41.5000000      -3.68310837E-27
   42.0000000       8.94047591E-28
   42.5000000      -8.79039325E-29
   43.0000000      -4.55211222E-30
   43.5000000       3.15137547E-30
   44.0000000      -5.48538232E-31
   44.5000000       3.86953639E-32
   45.0000000       5.08944863E-33
   45.5000000      -2.02665512E-33
   46.0000000       3.17169360E-34
   46.5000000      -2.11392140E-35
   47.0000000      -2.80845252E-36
   47.5000000       1.11140501E-36
   48.0000000      -1.81655735E-37
   48.5000000       1.50439437E-38
   49.0000000       7.58280434E-40
   49.5000000      -5.10127292E-40
   50.0000000       9.83739548E-41
   50.5000000      -1.09959890E-41
   51.0000000       3.36311631E-43
   51.5000000       1.66754517E-43
   52.0000000      -4.48415509E-44
   52.5000000       8.40779079E-45
   53.0000000       0.00000000    
   53.5000000       0.00000000    
   54.0000000       0.00000000    
   54.5000000       0.00000000    
   55.0000000       0.00000000    
   55.5000000       0.00000000    
   56.0000000       0.00000000    
   56.5000000       0.00000000    
   57.0000000       0.00000000    
   57.5000000       0.00000000    
   58.0000000       0.00000000    
   58.5000000       0.00000000    
   59.0000000       0.00000000    
   59.5000000       0.00000000    
   60.0000000       0.00000000    
   60.5000000       0.00000000    
   61.0000000       0.00000000    
   61.5000000       0.00000000    
   62.0000000       0.00000000    
   62.5000000       0.00000000    
   63.0000000       0.00000000    
   63.5000000       0.00000000    
   64.0000000       0.00000000    
   64.5000000       0.00000000    
   65.0000000       0.00000000    
   65.5000000       0.00000000    
   66.0000000       0.00000000    
   66.5000000       0.00000000    
   67.0000000       0.00000000    
   67.5000000       0.00000000    
   68.0000000       0.00000000    
   68.5000000       0.00000000    
   69.0000000       0.00000000    
   69.5000000       0.00000000    
   70.0000000       0.00000000    
   70.5000000       0.00000000    
   71.0000000       0.00000000    
   71.5000000       0.00000000    
   72.0000000       0.00000000    
   72.5000000       0.00000000    
   73.0000000       0.00000000    
   73.5000000       0.00000000    
   74.0000000       0.00000000    
   74.5000000       0.00000000    
   75.0000000       0.00000000    
   75.5000000       0.00000000    
   76.0000000       0.00000000    
   76.5000000       0.00000000    
   77.0000000       0.00000000    
   77.5000000       0.00000000    
   78.0000000       0.00000000    
   78.5000000       0.00000000    
   79.0000000       0.00000000    
   79.5000000       0.00000000    
   80.0000000       0.00000000    
   80.5000000       0.00000000    
   81.0000000       0.00000000    
   81.5000000       0.00000000    
   82.0000000       0.00000000    
   82.5000000       0.00000000    
   83.0000000       0.00000000    
   83.5000000       0.00000000    
   84.0000000       0.00000000    
   84.5000000       0.00000000    
   85.0000000       0.00000000    
   85.5000000       0.00000000    
   86.0000000       0.00000000    
   86.5000000       0.00000000    
   87.0000000       0.00000000    
   87.5000000       0.00000000    
   88.0000000       0.00000000    
   88.5000000       0.00000000    
   89.0000000       0.00000000    
   89.5000000       0.00000000    
   90.0000000       0.00000000    
   90.5000000       0.00000000    
   91.0000000       0.00000000    
   91.5000000       0.00000000    
   92.0000000       0.00000000    
   92.5000000       0.00000000    
   93.0000000       0.00000000    
   93.5000000       0.00000000    
   94.0000000       0.00000000    
   94.5000000       0.00000000    
   95.0000000       0.00000000    
   95.5000000       0.00000000    
   96.0000000       0.00000000    
   96.5000000       0.00000000    
   97.0000000       0.00000000    
   97.5000000       0.00000000    
   98.0000000       0.00000000    
   98.5000000       0.00000000    
   99.0000000       0.00000000    
   99.5000000       0.00000000    
   100.000000       0.00000000    
