 -0.250000000      -1.31868342E-06
  0.250000000      -1.31868342E-06
  0.750000000       3.81611198E-06
   1.25000000      -6.30806289E-06
   1.75000000       8.63932291E-06
   2.25000000      -1.07961405E-05
   2.75000000       1.26325813E-05
   3.25000000      -1.42811132E-05
   3.75000000       1.54763347E-05
   4.25000000      -1.63035838E-05
   4.75000000       1.66909504E-05
   5.25000000      -1.65789825E-05
   5.75000000       1.60216841E-05
   6.25000000      -1.49573607E-05
   6.75000000       1.34791289E-05
   7.25000000      -1.15687044E-05
   7.75000000       9.43071609E-06
   8.25000000      -7.01266799E-06
   8.75000000       4.67800692E-06
   9.25000000      -2.42812712E-06
   9.75000000       5.42653652E-07
   10.2500000       8.84410383E-07
   10.7500000      -1.62869901E-06
   11.2500000       1.58660248E-06
   11.7500000      -7.23813969E-07
   12.2500000      -9.26384701E-07
   12.7500000       3.34831384E-06
   13.2500000      -6.27350437E-06
   13.7500000       9.40821701E-06
   14.2500000      -1.24944690E-05
   14.7500000       1.50331016E-05
   15.2500000      -1.67229082E-05
   15.7500000       1.72819255E-05
   16.2500000      -1.63928780E-05
   16.7500000       1.40190314E-05
   17.2500000      -1.02872982E-05
   17.7500000       5.56534360E-06
   18.2500000      -2.96784492E-07
   18.7500000      -4.88913429E-06
   19.2500000       9.25303448E-06
   19.7500000      -1.23026130E-05
   20.2500000       1.35333839E-05
   20.7500000      -1.27653657E-05
   21.2500000       1.03450257E-05
   21.7500000      -6.73150953E-06
   22.2500000       2.80609856E-06
   22.7500000       5.68715450E-07
   23.2500000      -2.40231566E-06
   23.7500000       2.02587853E-06
   24.2500000       6.04703928E-07
   24.7500000      -5.10939753E-06
   25.2500000       1.04947021E-05
   25.7500000      -1.54125737E-05
   26.2500000       1.82378790E-05
   26.7500000      -1.79360977E-05
   27.2500000       1.40107159E-05
   27.7500000      -6.77485878E-06
   28.2500000      -2.45579940E-06
   28.7500000       1.16262981E-05
   29.2500000      -1.85219142E-05
   29.7500000       2.13777021E-05
   30.2500000      -1.95566790E-05
   30.7500000       1.36922754E-05
   31.2500000      -5.64147922E-06
   31.7500000      -1.90667197E-06
   32.2500000       6.38795973E-06
   32.7500000      -6.62313687E-06
   33.2500000       2.90680987E-06
   33.7500000       2.64990604E-06
   34.2500000      -6.95123708E-06
   34.7500000       7.10527365E-06
   35.2500000      -1.94929726E-06
   35.7500000      -7.41871918E-06
   36.2500000       1.72891378E-05
   36.7500000      -2.29954167E-05
   37.2500000       2.11971110E-05
   37.7500000      -1.10662513E-05
   38.2500000      -4.05481478E-06
   38.7500000       1.84959408E-05
   39.2500000      -2.60691722E-05
   39.7500000       2.34817817E-05
   40.2500000      -1.21613457E-05
   40.7500000      -2.13084058E-06
   41.2500000       1.21018647E-05
   41.7500000      -1.30917024E-05
   42.2500000       5.84544841E-06
   42.7500000       3.49153879E-06
   43.2500000      -7.18398951E-06
   43.7500000       1.27045041E-06
   44.2500000       1.10526234E-05
   44.7500000      -2.07529047E-05
   45.2500000       1.85111840E-05
   45.7500000      -2.34515392E-06
   46.2500000      -1.96813089E-05
   46.7500000       3.33420139E-05
   47.2500000      -2.81194662E-05
   47.7500000       5.79367952E-06
   48.2500000       1.92212610E-05
   48.7500000      -2.97952429E-05
   49.2500000       1.93342021E-05
   49.7500000       1.91017534E-06
   50.2500000      -1.50512133E-05
   50.7500000       8.83806570E-06
   51.2500000       8.31898251E-06
   51.7500000      -1.57383402E-05
   52.2500000       8.43156158E-07
   52.7500000       2.51108668E-05
   53.2500000      -3.42300664E-05
   53.7500000       1.05174477E-05
   54.2500000       2.91968172E-05
   54.7500000      -4.67671416E-05
   55.2500000       2.18512960E-05
   55.7500000       2.21926712E-05
   56.2500000      -3.92439651E-05
   56.7500000       1.28051342E-05
   57.2500000       2.12896139E-05
   57.7500000      -1.68657771E-05
   58.2500000      -1.95257453E-05
   58.7500000       3.06619040E-05
   59.2500000       1.27209532E-05
   59.7500000      -5.74754085E-05
   60.2500000       3.06849834E-05
   60.7500000       4.65192206E-05
   61.2500000      -6.77918579E-05
   61.7500000      -4.62331082E-06
   62.2500000       6.28552443E-05
   62.7500000      -1.26143168E-05
   63.2500000      -5.54548096E-05
   63.7500000       3.35553705E-06
   64.2500000       8.34796811E-05
   64.7500000      -1.18067983E-05
   65.2500000      -1.22400495E-04
   65.7500000       3.84103114E-05
   66.2500000       1.41915109E-04
   66.7500000      -2.97499937E-05
   67.2500000      -1.62966258E-04
   67.7500000      -6.08751579E-05
   68.2500000       2.12294050E-04
   68.7500000       2.75614788E-04
   69.2500000      -1.35989903E-04
   69.7500000      -4.18393931E-04
   70.2500000       3.60277714E-04
   70.7500000       2.87822890E-03
   71.2500000       7.66703626E-03
   71.7500000       1.47852581E-02
   72.2500000       2.39532925E-02
   72.7500000       3.50499302E-02
   73.2500000       4.77880090E-02
   73.7500000       6.17245436E-02
   74.2500000       7.66438022E-02
   74.7500000       9.21900496E-02
   75.2500000      0.107837915    
   75.7500000      0.123319030    
   76.2500000      0.138299048    
   76.7500000      0.152247325    
   77.2500000      0.164902672    
   77.7500000      0.176059186    
   78.2500000      0.185276493    
   78.7500000      0.192334712    
   79.2500000      0.197229594    
   79.7500000      0.199724823    
   80.2500000      0.199649274    
   80.7500000      0.197189063    
   81.2500000      0.192425579    
   81.7500000      0.185270190    
   82.2500000      0.175965130    
   82.7500000      0.164934635    
   83.2500000      0.152315021    
   83.7500000      0.138244480    
   84.2500000      0.123253629    
   84.7500000      0.107869580    
   85.2500000       9.22547579E-02
   85.7500000       7.66261518E-02
   86.2500000       6.16000891E-02
   86.7500000       4.77631390E-02
   87.2500000       3.52412611E-02
   87.7500000       2.40276493E-02
   88.2500000       1.45143578E-02
   88.7500000       7.36883609E-03
   89.2500000       2.90315039E-03
   89.7500000       7.23763253E-04
   90.2500000      -1.44249425E-05
   90.7500000      -1.14664675E-04
   91.2500000      -5.54361068E-05
   91.7500000      -1.01722162E-05
   92.2500000       2.72108127E-06
   92.7500000       2.26249358E-06
   93.2500000       4.83192821E-07
   93.7500000      -9.28827433E-08
   94.2500000      -7.88076804E-08
   94.7500000      -1.21403110E-08
   95.2500000       4.69310368E-09
   95.7500000       2.25062680E-09
   96.2500000       5.03250219E-11
   96.7500000      -1.91629879E-10
   97.2500000      -3.92903071E-11
   97.7500000       9.64653704E-12
   98.2500000       4.72304010E-12
   98.7500000      -1.12152421E-13
   99.2500000      -3.79997466E-13
   99.7500000      -1.16438705E-14
   100.250000      -1.16438705E-14
