   0.00000000       0.00000000    
  0.500000000      -2.10430358E-06
   1.00000000       4.20663400E-06
   1.50000000      -6.35837205E-06
   2.00000000       8.47643514E-06
   2.50000000      -1.05986719E-05
   3.00000000       1.27239591E-05
   3.50000000      -1.46969342E-05
   4.00000000       1.66244226E-05
   4.50000000      -1.83710781E-05
   5.00000000       1.98427497E-05
   5.50000000      -2.10262151E-05
   6.00000000       2.16811859E-05
   6.50000000      -2.19845570E-05
   7.00000000       2.16617827E-05
   7.50000000      -2.07516969E-05
   8.00000000       1.92577281E-05
   8.50000000      -1.72079272E-05
   9.00000000       1.45785925E-05
   9.50000000      -1.15874154E-05
   10.0000000       8.36950767E-06
   10.5000000      -5.25080395E-06
   11.0000000       2.32063599E-06
   11.5000000       3.70494035E-09
   12.0000000      -1.61031676E-06
   12.5000000       2.22241465E-06
   13.0000000      -1.63701088E-06
   13.5000000      -6.67341737E-08
   14.0000000       2.86390696E-06
   14.5000000      -6.61892682E-06
   15.0000000       1.08478389E-05
   15.5000000      -1.52335151E-05
   16.0000000       1.92158768E-05
   16.5000000      -2.21731043E-05
   17.0000000       2.36822725E-05
   17.5000000      -2.34466879E-05
   18.0000000       2.12719406E-05
   18.5000000      -1.73740518E-05
   19.0000000       1.21356188E-05
   19.5000000      -6.14903911E-06
   20.0000000       3.25788278E-07
   20.5000000       4.56984344E-06
   21.0000000      -7.71914620E-06
   21.5000000       8.67072958E-06
   22.0000000      -7.46901924E-06
   22.5000000       4.26170709E-06
   23.0000000      -1.02356694E-07
   23.5000000      -3.83708721E-06
   24.0000000       6.41732777E-06
   24.5000000      -6.59580473E-06
   25.0000000       3.78644472E-06
   25.5000000       1.81170071E-06
   26.0000000      -9.22051004E-06
   26.5000000       1.69101713E-05
   27.0000000      -2.27871988E-05
   27.5000000       2.52082355E-05
   28.0000000      -2.31280828E-05
   28.5000000       1.64171397E-05
   29.0000000      -6.38092752E-06
   29.5000000      -4.74309854E-06
   30.0000000       1.42007975E-05
   30.5000000      -1.96315887E-05
   31.0000000       1.97722657E-05
   31.5000000      -1.50068554E-05
   32.0000000       7.46600654E-06
   32.5000000      -4.68389771E-08
   33.0000000      -4.28311660E-06
   33.5000000       3.70565022E-06
   34.0000000       1.37506277E-06
   34.5000000      -8.28632437E-06
   35.0000000       1.33286321E-05
   35.5000000      -1.29299096E-05
   36.0000000       5.51853191E-06
   36.5000000       7.22272125E-06
   37.0000000      -2.06578807E-05
   37.5000000       2.89792715E-05
   38.0000000      -2.77762101E-05
   38.5000000       1.63888690E-05
   39.0000000       1.21580160E-06
   39.5000000      -1.79609269E-05
   40.0000000       2.66020706E-05
   40.5000000      -2.37537679E-05
   41.0000000       1.17376094E-05
   41.5000000       2.40483314E-06
   42.0000000      -1.04775645E-05
   42.5000000       8.38314827E-06
   43.0000000       1.09853590E-06
   43.5000000      -9.82034544E-06
   44.0000000       9.21737774E-06
   44.5000000       2.95971586E-06
   45.0000000      -2.00353697E-05
   45.5000000       2.96317703E-05
   46.0000000      -2.22239469E-05
   46.5000000      -1.07559754E-06
   47.0000000       2.72541693E-05
   47.5000000      -3.89201159E-05
   48.0000000       2.74029189E-05
   48.5000000       2.06637196E-08
   49.0000000      -2.38261018E-05
   49.5000000       2.72611542E-05
   50.0000000      -1.03322154E-05
   50.5000000      -9.43303985E-06
   51.0000000       1.23163009E-05
   51.5000000       4.32181332E-06
   52.0000000      -2.13334897E-05
   52.5000000       1.56010392E-05
   53.0000000       1.44601399E-05
   53.5000000      -4.19276839E-05
   54.0000000       3.52905154E-05
   54.5000000       6.55402982E-06
   55.0000000      -4.65260564E-05
   55.5000000       4.42748715E-05
   56.0000000      -1.15081639E-06
   56.5000000      -3.59746155E-05
   57.0000000       2.66298266E-05
   57.5000000       1.22631745E-05
   58.0000000      -2.42316346E-05
   58.5000000      -1.16077717E-05
   59.0000000       4.33070200E-05
   59.5000000      -1.17341042E-05
   60.0000000      -5.49814540E-05
   60.5000000       6.20793799E-05
   61.0000000       1.66734608E-05
   61.5000000      -7.79385009E-05
   62.0000000       2.92246295E-05
   62.5000000       5.49971337E-05
   63.0000000      -3.41980995E-05
   63.5000000      -5.34174178E-05
   64.0000000       3.01408945E-05
   64.5000000       8.71074153E-05
   65.0000000      -5.96970640E-05
   65.5000000      -1.13330578E-04
   66.0000000       9.64714709E-05
   66.5000000       1.23817430E-04
   67.0000000      -8.37964617E-05
   67.5000000      -1.68796076E-04
   68.0000000      -3.95694224E-06
   68.5000000       2.80003296E-04
   69.0000000       2.23507290E-04
   69.5000000      -2.70421384E-04
   70.0000000      -3.92114889E-04
   70.5000000       7.43166776E-04
   71.0000000       3.77455237E-03
   71.5000000       9.16890427E-03
   72.0000000       1.68299209E-02
   72.5000000       2.64912061E-02
   73.0000000       3.80529128E-02
   73.5000000       5.11366054E-02
   74.0000000       6.53397292E-02
   74.5000000       8.04789811E-02
   75.0000000       9.61078182E-02
   75.5000000      0.111737199    
   76.0000000      0.127152294    
   76.5000000      0.141935527    
   77.0000000      0.155576929    
   77.5000000      0.167897463    
   78.0000000      0.178625897    
   78.5000000      0.187309861    
   79.0000000      0.193833843    
   79.5000000      0.198169515    
   80.0000000      0.200023547    
   80.5000000      0.199320868    
   81.0000000      0.196291834    
   81.5000000      0.190934628    
   82.0000000      0.183190063    
   82.5000000      0.173409551    
   83.0000000      0.161978722    
   83.5000000      0.148961648    
   84.0000000      0.134580150    
   84.5000000      0.119442567    
   85.0000000      0.103992388    
   85.5000000       8.83277580E-02
   86.0000000       7.27592036E-02
   86.5000000       5.79762347E-02
   87.0000000       4.44725193E-02
   87.5000000       3.22670676E-02
   88.0000000       2.14058142E-02
   88.5000000       1.24035561E-02
   89.0000000       5.92088187E-03
   89.5000000       2.10741675E-03
   90.0000000       4.01900907E-04
   90.5000000      -8.89447110E-05
   91.0000000      -1.06461885E-04
   91.5000000      -3.96723844E-05
   92.0000000      -3.70536236E-06
   92.5000000       3.44338105E-06
   93.0000000       1.72793489E-06
   93.5000000       1.99982509E-07
   94.0000000      -1.26097049E-07
   94.5000000      -5.77029056E-08
   95.0000000      -2.64320921E-09
   95.5000000       5.00746911E-09
   96.0000000       1.38980516E-09
   96.5000000      -1.69319059E-10
   97.0000000      -1.56767016E-10
   97.5000000      -1.31441620E-11
   98.0000000       1.10950971E-11
   98.5000000       2.74322232E-12
   99.0000000      -5.16371288E-13
   99.5000000      -3.00903020E-13
   100.000000       0.00000000    
