   0.00000000       0.00000000    
  0.500000000       1.34952516E-05
   1.00000000      -2.45071260E-05
   1.50000000       3.18610328E-05
   2.00000000      -3.30069779E-05
   2.50000000       2.90492862E-05
   3.00000000      -1.88462764E-05
   3.50000000       7.39035931E-06
   4.00000000       4.33587229E-06
   4.50000000      -8.52185440E-06
   5.00000000       5.09336951E-06
   5.50000000       1.09655502E-05
   6.00000000      -3.10817377E-05
   6.50000000       5.19568493E-05
   7.00000000      -5.72663157E-05
   7.50000000       4.65391931E-05
   8.00000000      -1.56109363E-05
   8.50000000      -1.24954604E-05
   9.00000000       2.40557620E-05
   9.50000000       2.85719943E-06
   10.0000000      -4.65388330E-05
   10.5000000       7.86316668E-05
   11.0000000      -5.01215363E-05
   11.5000000      -1.91052022E-05
   12.0000000       7.16172071E-05
   12.5000000      -2.23840689E-05
   13.0000000      -7.21262477E-05
   13.5000000       9.42247207E-05
   14.0000000       1.67023216E-04
   14.5000000       5.93045697E-05
   15.0000000       7.77471345E-04
   15.5000000       2.71467445E-03
   16.0000000       6.00507017E-03
   16.5000000       1.01752719E-02
   17.0000000       1.49557889E-02
   17.5000000       2.02736072E-02
   18.0000000       2.58257017E-02
   18.5000000       3.17981876E-02
   19.0000000       3.78993526E-02
   19.5000000       4.42163944E-02
   20.0000000       5.07389382E-02
   20.5000000       5.72395176E-02
   21.0000000       6.40050322E-02
   21.5000000       7.06811100E-02
   22.0000000       7.74731189E-02
   22.5000000       8.43359008E-02
   23.0000000       9.10394341E-02
   23.5000000       9.79665890E-02
   24.0000000      0.104631618    
   24.5000000      0.111385830    
   25.0000000      0.118100703    
   25.5000000      0.124495588    
   26.0000000      0.131193414    
   26.5000000      0.137286156    
   27.0000000      0.143497661    
   27.5000000      0.149808064    
   28.0000000      0.154702082    
   28.5000000      0.161260694    
   29.0000000      0.166051567    
   29.5000000      0.168863237    
   30.0000000      0.178297237    
   30.5000000      0.175676689    
   31.0000000      0.178848371    
   31.5000000      0.195647910    
   32.0000000      0.165995777    
   32.5000000      0.184319362    
   33.0000000      0.214744285    
   33.5000000       9.75340903E-02
   34.0000000       1.36163794E-02
   34.5000000       1.39104319E-03
   35.0000000       2.45469681E-04
   35.5000000      -9.97684620E-05
   36.0000000      -5.27436423E-05
   36.5000000      -4.50780499E-06
   37.0000000       2.80614699E-06
   37.5000000       7.70746226E-07
   38.0000000      -8.24327770E-08
   38.5000000      -5.66680605E-08
   39.0000000       8.43740189E-10
   39.5000000       3.29784422E-09
   40.0000000       4.37969105E-11
   40.5000000      -1.74612685E-10
   41.0000000      -8.79773684E-13
   41.5000000       8.65808467E-12
   42.0000000      -2.71160102E-13
   42.5000000      -3.89360798E-13
   43.0000000       3.54486880E-14
   43.5000000       1.46472190E-14
   44.0000000      -2.67894858E-15
   44.5000000      -3.77351405E-16
   45.0000000       1.45628773E-16
   45.5000000       5.02421232E-20
   46.0000000      -5.70433387E-18
   46.5000000       6.62743931E-19
   47.0000000       1.33368670E-19
   47.5000000      -4.15551241E-20
   48.0000000       7.04335608E-22
   48.5000000       1.38422940E-21
   49.0000000      -2.22531426E-22
   49.5000000      -1.50108871E-23
   50.0000000       9.83827562E-24
   50.5000000      -1.02484105E-24
   51.0000000      -1.62035851E-25
   51.5000000       5.97091284E-26
   52.0000000      -4.68709603E-27
   52.5000000      -1.10355420E-27
   53.0000000       3.36571376E-28
   53.5000000      -2.46142077E-29
   54.0000000      -5.93708530E-30
   54.5000000       1.81332643E-30
   55.0000000      -1.52998313E-31
   55.5000000      -2.54446361E-32
   56.0000000       9.24176744E-33
   56.5000000      -1.00915400E-33
   57.0000000      -7.26825778E-35
   57.5000000       4.27558548E-35
   58.0000000      -6.28576376E-36
   58.5000000       4.19107071E-38
   59.0000000       1.65788406E-37
   59.5000000      -3.43272049E-38
   60.0000000       2.40898620E-39
   60.5000000       4.37608695E-40
   61.0000000      -1.54117608E-40
   61.5000000       2.01240472E-41
   62.0000000      -1.09301280E-43
   62.5000000      -5.05868746E-43
   63.0000000       1.09301280E-43
   63.5000000      -9.80908925E-45
   64.0000000      -1.40129846E-45
   64.5000000       0.00000000    
   65.0000000       0.00000000    
   65.5000000       0.00000000    
   66.0000000       0.00000000    
   66.5000000       0.00000000    
   67.0000000       0.00000000    
   67.5000000       0.00000000    
   68.0000000       0.00000000    
   68.5000000       0.00000000    
   69.0000000       0.00000000    
   69.5000000       0.00000000    
   70.0000000       0.00000000    
   70.5000000       0.00000000    
   71.0000000       0.00000000    
   71.5000000       0.00000000    
   72.0000000       0.00000000    
   72.5000000       0.00000000    
   73.0000000       0.00000000    
   73.5000000       0.00000000    
   74.0000000       0.00000000    
   74.5000000       0.00000000    
   75.0000000       0.00000000    
   75.5000000       0.00000000    
   76.0000000       0.00000000    
   76.5000000       0.00000000    
   77.0000000       0.00000000    
   77.5000000       0.00000000    
   78.0000000       0.00000000    
   78.5000000       0.00000000    
   79.0000000       0.00000000    
   79.5000000       0.00000000    
   80.0000000       0.00000000    
   80.5000000       0.00000000    
   81.0000000       0.00000000    
   81.5000000       0.00000000    
   82.0000000       0.00000000    
   82.5000000       0.00000000    
   83.0000000       0.00000000    
   83.5000000       0.00000000    
   84.0000000       0.00000000    
   84.5000000       0.00000000    
   85.0000000       0.00000000    
   85.5000000       0.00000000    
   86.0000000       0.00000000    
   86.5000000       0.00000000    
   87.0000000       0.00000000    
   87.5000000       0.00000000    
   88.0000000       0.00000000    
   88.5000000       0.00000000    
   89.0000000       0.00000000    
   89.5000000       0.00000000    
   90.0000000       0.00000000    
   90.5000000       0.00000000    
   91.0000000       0.00000000    
   91.5000000       0.00000000    
   92.0000000       0.00000000    
   92.5000000       0.00000000    
   93.0000000       0.00000000    
   93.5000000       0.00000000    
   94.0000000       0.00000000    
   94.5000000       0.00000000    
   95.0000000       0.00000000    
   95.5000000       0.00000000    
   96.0000000       0.00000000    
   96.5000000       0.00000000    
   97.0000000       0.00000000    
   97.5000000       0.00000000    
   98.0000000       0.00000000    
   98.5000000       0.00000000    
   99.0000000       0.00000000    
   99.5000000       0.00000000    
   100.000000       0.00000000    
