 -0.250000000       4.87518082E-06
  0.250000000       4.87518082E-06
  0.750000000      -2.06422592E-05
   1.25000000       2.75640996E-05
   1.75000000      -3.78441546E-05
   2.25000000       3.67601788E-05
   2.75000000      -3.73308467E-05
   3.25000000       2.57763877E-05
   3.75000000      -1.75909536E-05
   4.25000000       1.31650449E-06
   4.75000000       4.79171786E-06
   5.25000000      -1.12944726E-05
   5.75000000       8.70360111E-07
   6.25000000       1.08319009E-05
   6.75000000      -3.37551828E-05
   7.25000000       4.39099822E-05
   7.75000000      -4.80707859E-05
   8.25000000       2.72108573E-05
   8.75000000      -4.14601845E-06
   9.25000000      -2.10435774E-05
   9.75000000       1.33811873E-05
   10.2500000       1.37203688E-05
   10.7500000      -5.81465283E-05
   11.2500000       6.49970098E-05
   11.7500000      -3.05475805E-05
   12.2500000      -3.80301499E-05
   12.7500000       5.27695229E-05
   13.2500000       5.20016647E-06
   13.7500000      -8.35724932E-05
   14.2500000       4.54857509E-05
   14.7500000       1.71532272E-04
   15.2500000       5.05864991E-05
   15.7500000       5.26859192E-04
   16.2500000       2.11902848E-03
   16.7500000       5.07103326E-03
   17.2500000       9.00166016E-03
   17.7500000       1.35837402E-02
   18.2500000       1.87503695E-02
   18.7500000       2.41865031E-02
   19.2500000       3.00434437E-02
   19.7500000       3.60983498E-02
   20.2500000       4.23477292E-02
   20.7500000       4.88692597E-02
   21.2500000       5.53855039E-02
   21.7500000       6.21680245E-02
   22.2500000       6.89563453E-02
   22.7500000       7.58024678E-02
   23.2500000       8.28303546E-02
   23.7500000       8.96901265E-02
   24.2500000       9.67765450E-02
   24.7500000      0.103734955    
   25.2500000      0.110654175    
   25.7500000      0.117738031    
   26.2500000      0.124422416    
   26.7500000      0.131395936    
   27.2500000      0.138097152    
   27.7500000      0.144381300    
   28.2500000      0.151425987    
   28.7500000      0.156995401    
   29.2500000      0.162953615    
   29.7500000      0.170383513    
   30.2500000      0.172122359    
   30.7500000      0.180568352    
   31.2500000      0.186603367    
   31.7500000      0.178337276    
   32.2500000      0.201253876    
   32.7500000      0.192477882    
   33.2500000      0.165244803    
   33.7500000      0.231628343    
   34.2500000      0.175217748    
   34.7500000       3.93892415E-02
   35.2500000       2.40141829E-03
   35.7500000       3.27531801E-04
   36.2500000      -3.89855559E-05
   36.7500000      -7.20938478E-05
   37.2500000      -1.39791064E-05
   37.7500000       2.31164518E-06
   38.2500000       1.35636662E-06
   38.7500000       4.94147478E-08
   39.2500000      -8.06649894E-08
   39.7500000      -1.01740660E-08
   40.2500000       4.08673184E-09
   40.7500000       7.39917738E-10
   41.2500000      -2.05122683E-10
   41.7500000      -3.94460922E-11
   42.2500000       1.07834861E-11
   42.7500000       1.65044757E-12
   43.2500000      -5.73272929E-13
   43.7500000      -4.73374324E-14
   44.2500000       2.85083101E-14
   44.7500000       6.17565369E-17
   45.2500000      -1.21742203E-15
   45.7500000       1.04038244E-16
   46.2500000       3.95466316E-17
   46.7500000      -8.18965303E-18
   47.2500000      -6.46982987E-19
   47.7500000       3.87585195E-19
   48.2500000      -2.27274174E-20
   48.7500000      -1.13956739E-20
   49.2500000       2.32528427E-21
   49.7500000       8.79002968E-23
   50.2500000      -9.38909444E-23
   50.7500000       1.06317798E-23
   51.2500000       1.60124643E-24
   51.7500000      -6.01955697E-25
   52.2500000       4.16326181E-26
   52.7500000       1.29457899E-26
   53.2500000      -3.46053635E-27
   53.7500000       1.66083351E-28
   54.2500000       8.04568549E-29
   54.7500000      -1.90478173E-29
   55.2500000       8.71882498E-31
   55.7500000       4.22822121E-31
   56.2500000      -1.02437973E-31
   56.7500000       6.15708953E-33
   57.2500000       1.87325274E-33
   57.7500000      -5.29704111E-34
   58.2500000       4.61699800E-35
   58.7500000       6.30785665E-36
   59.2500000      -2.52401431E-36
   59.7500000       3.14658342E-37
   60.2500000       8.36068754E-39
   60.7500000      -1.03335308E-38
   61.2500000       1.83563513E-39
   61.7500000      -8.91870421E-41
   62.2500000      -3.13232246E-41
   62.7500000       8.77913488E-42
   63.2500000      -9.72501134E-43
   63.7500000      -2.94272678E-44
   64.2500000       3.22298647E-44
   64.7500000      -5.60519386E-45
   65.2500000       0.00000000    
   65.7500000       0.00000000    
   66.2500000       0.00000000    
   66.7500000       0.00000000    
   67.2500000       0.00000000    
   67.7500000       0.00000000    
   68.2500000       0.00000000    
   68.7500000       0.00000000    
   69.2500000       0.00000000    
   69.7500000       0.00000000    
   70.2500000       0.00000000    
   70.7500000       0.00000000    
   71.2500000       0.00000000    
   71.7500000       0.00000000    
   72.2500000       0.00000000    
   72.7500000       0.00000000    
   73.2500000       0.00000000    
   73.7500000       0.00000000    
   74.2500000       0.00000000    
   74.7500000       0.00000000    
   75.2500000       0.00000000    
   75.7500000       0.00000000    
   76.2500000       0.00000000    
   76.7500000       0.00000000    
   77.2500000       0.00000000    
   77.7500000       0.00000000    
   78.2500000       0.00000000    
   78.7500000       0.00000000    
   79.2500000       0.00000000    
   79.7500000       0.00000000    
   80.2500000       0.00000000    
   80.7500000       0.00000000    
   81.2500000       0.00000000    
   81.7500000       0.00000000    
   82.2500000       0.00000000    
   82.7500000       0.00000000    
   83.2500000       0.00000000    
   83.7500000       0.00000000    
   84.2500000       0.00000000    
   84.7500000       0.00000000    
   85.2500000       0.00000000    
   85.7500000       0.00000000    
   86.2500000       0.00000000    
   86.7500000       0.00000000    
   87.2500000       0.00000000    
   87.7500000       0.00000000    
   88.2500000       0.00000000    
   88.7500000       0.00000000    
   89.2500000       0.00000000    
   89.7500000       0.00000000    
   90.2500000       0.00000000    
   90.7500000       0.00000000    
   91.2500000       0.00000000    
   91.7500000       0.00000000    
   92.2500000       0.00000000    
   92.7500000       0.00000000    
   93.2500000       0.00000000    
   93.7500000       0.00000000    
   94.2500000       0.00000000    
   94.7500000       0.00000000    
   95.2500000       0.00000000    
   95.7500000       0.00000000    
   96.2500000       0.00000000    
   96.7500000       0.00000000    
   97.2500000       0.00000000    
   97.7500000       0.00000000    
   98.2500000       0.00000000    
   98.7500000       0.00000000    
   99.2500000       0.00000000    
   99.7500000       0.00000000    
   100.250000       0.00000000    
