   0.00000000       0.00000000    
  0.500000000       9.38671656E-06
   1.00000000      -1.84157361E-05
   1.50000000       2.77769213E-05
   2.00000000      -3.50660412E-05
   2.50000000       4.08844608E-05
   3.00000000      -4.12765439E-05
   3.50000000       3.72935901E-05
   4.00000000      -2.51909896E-05
   4.50000000       9.93672529E-06
   5.00000000       9.38331505E-06
   5.50000000      -2.30062396E-05
   6.00000000       2.97892202E-05
   6.50000000      -2.05498109E-05
   7.00000000       2.37314816E-06
   7.50000000       2.41672024E-05
   8.00000000      -3.89325796E-05
   8.50000000       3.88754561E-05
   9.00000000      -1.26264658E-05
   9.50000000      -1.72337914E-05
   10.0000000       3.65624328E-05
   10.5000000      -1.38687610E-05
   11.0000000      -3.36746270E-05
   11.5000000       7.97972752E-05
   12.0000000      -6.46914341E-05
   12.5000000       3.89052730E-07
   13.0000000       5.90591953E-05
   13.5000000      -1.34693801E-05
   14.0000000      -8.69985524E-05
   14.5000000       1.20029683E-04
   15.0000000       1.48277424E-04
   15.5000000       6.32583251E-05
   16.0000000       7.76131055E-04
   16.5000000       2.68842978E-03
   17.0000000       5.95375989E-03
   17.5000000       1.00238752E-02
   18.0000000       1.47475936E-02
   18.5000000       1.99418701E-02
   19.0000000       2.53862031E-02
   19.5000000       3.12449895E-02
   20.0000000       3.71920653E-02
   20.5000000       4.33982871E-02
   21.0000000       4.97599393E-02
   21.5000000       5.61239310E-02
   22.0000000       6.27529472E-02
   22.5000000       6.92669824E-02
   23.0000000       7.59361088E-02
   23.5000000       8.26462060E-02
   24.0000000       8.92149061E-02
   24.5000000       9.60214064E-02
   25.0000000      0.102549188    
   25.5000000      0.109192587    
   26.0000000      0.115816832    
   26.5000000      0.122081742    
   27.0000000      0.128730714    
   27.5000000      0.134792492    
   28.0000000      0.140790403    
   28.5000000      0.147389203    
   29.0000000      0.152040407    
   29.5000000      0.158355683    
   30.0000000      0.164556339    
   30.5000000      0.165328562    
   31.0000000      0.176147327    
   31.5000000      0.176930398    
   32.0000000      0.171294108    
   32.5000000      0.198706791    
   33.0000000      0.173536301    
   33.5000000      0.163844541    
   34.0000000      0.232954279    
   34.5000000      0.137213022    
   35.0000000       1.96843334E-02
   35.5000000       4.62015945E-04
   36.0000000       2.20200498E-04
   36.5000000      -8.44731476E-05
   37.0000000      -5.61957495E-05
   37.5000000      -5.13961913E-06
   38.0000000       2.91783249E-06
   38.5000000       8.44296324E-07
   39.0000000      -7.46925650E-08
   39.5000000      -6.22454479E-08
   40.0000000      -4.40768755E-10
   40.5000000       3.63380881E-09
   41.0000000       1.50939344E-10
   41.5000000      -1.94672251E-10
   42.0000000      -7.71538042E-12
   42.5000000       9.96384746E-12
   43.0000000       8.21808984E-14
   43.5000000      -4.76709167E-13
   44.0000000       2.16619122E-14
   44.5000000       2.00334862E-14
   45.0000000      -2.41719994E-15
   45.5000000      -6.57361783E-16
   46.0000000       1.60220570E-16
   46.5000000       1.11604755E-17
   47.0000000      -7.57244808E-18
   47.5000000       4.06463318E-19
   48.0000000       2.43028249E-19
   48.5000000      -4.52672975E-20
   49.0000000      -3.17603266E-21
   49.5000000       2.07166900E-21
   50.0000000      -1.73012797E-22
   50.5000000      -4.82573889E-23
   51.0000000       1.30988768E-23
   51.5000000      -3.29561089E-25
   52.0000000      -3.90272367E-25
   52.5000000       7.27768990E-26
   53.0000000       1.01902302E-27
   53.5000000      -2.52347552E-27
   54.0000000       3.91617391E-28
   54.5000000       1.27054020E-29
   55.0000000      -1.44279642E-29
   55.5000000       2.15357938E-30
   56.0000000       5.47821275E-32
   56.5000000      -7.49329395E-32
   57.0000000       1.21265819E-32
   57.5000000      -3.86846007E-35
   58.0000000      -3.47694423E-34
   58.5000000       6.71821080E-35
   59.0000000      -2.90877580E-36
   59.5000000      -1.34815029E-36
   60.0000000       3.45692394E-37
   60.5000000      -3.05019852E-38
   61.0000000      -3.51649404E-39
   61.5000000       1.54368020E-39
   62.0000000      -2.15934488E-40
   62.5000000       2.16500613E-42
   63.0000000       5.35296013E-42
   63.5000000      -1.16307773E-42
   64.0000000       9.94921910E-44
   64.5000000       1.12103877E-44
   65.0000000      -4.20389539E-45
   65.5000000       0.00000000    
   66.0000000       0.00000000    
   66.5000000       0.00000000    
   67.0000000       0.00000000    
   67.5000000       0.00000000    
   68.0000000       0.00000000    
   68.5000000       0.00000000    
   69.0000000       0.00000000    
   69.5000000       0.00000000    
   70.0000000       0.00000000    
   70.5000000       0.00000000    
   71.0000000       0.00000000    
   71.5000000       0.00000000    
   72.0000000       0.00000000    
   72.5000000       0.00000000    
   73.0000000       0.00000000    
   73.5000000       0.00000000    
   74.0000000       0.00000000    
   74.5000000       0.00000000    
   75.0000000       0.00000000    
   75.5000000       0.00000000    
   76.0000000       0.00000000    
   76.5000000       0.00000000    
   77.0000000       0.00000000    
   77.5000000       0.00000000    
   78.0000000       0.00000000    
   78.5000000       0.00000000    
   79.0000000       0.00000000    
   79.5000000       0.00000000    
   80.0000000       0.00000000    
   80.5000000       0.00000000    
   81.0000000       0.00000000    
   81.5000000       0.00000000    
   82.0000000       0.00000000    
   82.5000000       0.00000000    
   83.0000000       0.00000000    
   83.5000000       0.00000000    
   84.0000000       0.00000000    
   84.5000000       0.00000000    
   85.0000000       0.00000000    
   85.5000000       0.00000000    
   86.0000000       0.00000000    
   86.5000000       0.00000000    
   87.0000000       0.00000000    
   87.5000000       0.00000000    
   88.0000000       0.00000000    
   88.5000000       0.00000000    
   89.0000000       0.00000000    
   89.5000000       0.00000000    
   90.0000000       0.00000000    
   90.5000000       0.00000000    
   91.0000000       0.00000000    
   91.5000000       0.00000000    
   92.0000000       0.00000000    
   92.5000000       0.00000000    
   93.0000000       0.00000000    
   93.5000000       0.00000000    
   94.0000000       0.00000000    
   94.5000000       0.00000000    
   95.0000000       0.00000000    
   95.5000000       0.00000000    
   96.0000000       0.00000000    
   96.5000000       0.00000000    
   97.0000000       0.00000000    
   97.5000000       0.00000000    
   98.0000000       0.00000000    
   98.5000000       0.00000000    
   99.0000000       0.00000000    
   99.5000000       0.00000000    
   100.000000       0.00000000    
