 -0.250000000       8.53701122E-03
  0.250000000       8.53701122E-03
  0.750000000       1.21416766E-02
   1.25000000       1.83942281E-02
   1.75000000       2.58146506E-02
   2.25000000       3.40318419E-02
   2.75000000       4.31228690E-02
   3.25000000       5.25459908E-02
   3.75000000       6.24280162E-02
   4.25000000       7.26213604E-02
   4.75000000       8.28983411E-02
   5.25000000       9.34027880E-02
   5.75000000      0.103773400    
   6.25000000      0.114184842    
   6.75000000      0.124323495    
   7.25000000      0.134271890    
   7.75000000      0.143807963    
   8.25000000      0.152905494    
   8.75000000      0.161408082    
   9.25000000      0.169198230    
   9.75000000      0.176142812    
   10.2500000      0.182051465    
   10.7500000      0.186763346    
   11.2500000      0.190027818    
   11.7500000      0.191600904    
   12.2500000      0.191173553    
   12.7500000      0.188352540    
   13.2500000      0.182784870    
   13.7500000      0.173884645    
   14.2500000      0.161374554    
   14.7500000      0.144691914    
   15.2500000      0.124278292    
   15.7500000      0.100722224    
   16.2500000       7.63948783E-02
   16.7500000       5.34936041E-02
   17.2500000       3.41664851E-02
   17.7500000       1.95749477E-02
   18.2500000       9.22681484E-03
   18.7500000       3.04299314E-03
   19.2500000       5.07268065E-04
   19.7500000      -3.79470875E-05
   20.2500000      -3.02588269E-05
   20.7500000      -1.05320328E-06
   21.2500000       1.24206838E-06
   21.7500000       4.51468374E-08
   22.2500000      -4.84201692E-08
   22.7500000       1.09455378E-09
   23.2500000       1.58133473E-09
   23.7500000      -1.88636801E-10
   24.2500000      -2.91264721E-11
   24.7500000       9.43954463E-12
   25.2500000      -4.26193260E-13
   25.7500000      -2.09752951E-13
   26.2500000       4.46159460E-14
   26.7500000      -1.55070091E-15
   27.2500000      -9.28402320E-16
   27.7500000       2.04343827E-16
   28.2500000      -1.34010737E-17
   28.7500000      -2.62809281E-18
   29.2500000       8.33344401E-19
   29.7500000      -9.91099763E-20
   30.2500000      -1.47225628E-22
   30.7500000       2.35754027E-21
   31.2500000      -4.81005526E-22
   31.7500000       4.63674990E-23
   32.2500000       1.05946031E-24
   32.7500000      -1.25753904E-24
   33.2500000       2.47632806E-25
   33.7500000      -2.65209120E-26
   34.2500000       4.93738334E-28
   34.7500000       4.55051553E-28
   35.2500000      -1.11747270E-28
   35.7500000       1.55643156E-29
   36.2500000      -1.20221983E-30
   36.7500000      -4.60022779E-32
   37.2500000       3.49157116E-32
   37.7500000      -7.08056083E-33
   38.2500000       9.33613980E-34
   38.7500000      -7.56267435E-35
   39.2500000      -8.06947743E-37
   39.7500000       1.66654521E-36
   40.2500000      -3.74483943E-37
   40.7500000       5.58281904E-38
   41.2500000      -5.98062974E-39
   41.7500000       3.50534811E-40
   42.2500000       3.01054962E-41
   42.7500000      -1.37495405E-41
   43.2500000       2.71011123E-42
   43.7500000      -3.90962272E-43
   44.2500000       4.34402524E-44
   44.7500000      -4.20389539E-45
   45.2500000       0.00000000    
   45.7500000       0.00000000    
   46.2500000       0.00000000    
   46.7500000       0.00000000    
   47.2500000       0.00000000    
   47.7500000       0.00000000    
   48.2500000       0.00000000    
   48.7500000       0.00000000    
   49.2500000       0.00000000    
   49.7500000       0.00000000    
   50.2500000       0.00000000    
   50.7500000       0.00000000    
   51.2500000       0.00000000    
   51.7500000       0.00000000    
   52.2500000       0.00000000    
   52.7500000       0.00000000    
   53.2500000       0.00000000    
   53.7500000       0.00000000    
   54.2500000       0.00000000    
   54.7500000       0.00000000    
   55.2500000       0.00000000    
   55.7500000       0.00000000    
   56.2500000       0.00000000    
   56.7500000       0.00000000    
   57.2500000       0.00000000    
   57.7500000       0.00000000    
   58.2500000       0.00000000    
   58.7500000       0.00000000    
   59.2500000       0.00000000    
   59.7500000       0.00000000    
   60.2500000       0.00000000    
   60.7500000       0.00000000    
   61.2500000       0.00000000    
   61.7500000       0.00000000    
   62.2500000       0.00000000    
   62.7500000       0.00000000    
   63.2500000       0.00000000    
   63.7500000       0.00000000    
   64.2500000       0.00000000    
   64.7500000       0.00000000    
   65.2500000       0.00000000    
   65.7500000       0.00000000    
   66.2500000       0.00000000    
   66.7500000       0.00000000    
   67.2500000       0.00000000    
   67.7500000       0.00000000    
   68.2500000       0.00000000    
   68.7500000       0.00000000    
   69.2500000       0.00000000    
   69.7500000       0.00000000    
   70.2500000       0.00000000    
   70.7500000       0.00000000    
   71.2500000       0.00000000    
   71.7500000       0.00000000    
   72.2500000       0.00000000    
   72.7500000       0.00000000    
   73.2500000       0.00000000    
   73.7500000       0.00000000    
   74.2500000       0.00000000    
   74.7500000       0.00000000    
   75.2500000       0.00000000    
   75.7500000       0.00000000    
   76.2500000       0.00000000    
   76.7500000       0.00000000    
   77.2500000       0.00000000    
   77.7500000       0.00000000    
   78.2500000       0.00000000    
   78.7500000       0.00000000    
   79.2500000       0.00000000    
   79.7500000       0.00000000    
   80.2500000       0.00000000    
   80.7500000       0.00000000    
   81.2500000       0.00000000    
   81.7500000       0.00000000    
   82.2500000       0.00000000    
   82.7500000       0.00000000    
   83.2500000       0.00000000    
   83.7500000       0.00000000    
   84.2500000       0.00000000    
   84.7500000       0.00000000    
   85.2500000       0.00000000    
   85.7500000       0.00000000    
   86.2500000       0.00000000    
   86.7500000       0.00000000    
   87.2500000       0.00000000    
   87.7500000       0.00000000    
   88.2500000       0.00000000    
   88.7500000       0.00000000    
   89.2500000       0.00000000    
   89.7500000       0.00000000    
   90.2500000       0.00000000    
   90.7500000       0.00000000    
   91.2500000       0.00000000    
   91.7500000       0.00000000    
   92.2500000       0.00000000    
   92.7500000       0.00000000    
   93.2500000       0.00000000    
   93.7500000       0.00000000    
   94.2500000       0.00000000    
   94.7500000       0.00000000    
   95.2500000       0.00000000    
   95.7500000       0.00000000    
   96.2500000       0.00000000    
   96.7500000       0.00000000    
   97.2500000       0.00000000    
   97.7500000       0.00000000    
   98.2500000       0.00000000    
   98.7500000       0.00000000    
   99.2500000       0.00000000    
   99.7500000       0.00000000    
   100.250000       0.00000000    
