   0.00000000       0.00000000    
  0.500000000       6.52307365E-03
   1.00000000       1.27808135E-02
   1.50000000       1.96627937E-02
   2.00000000       2.75163967E-02
   2.50000000       3.57925184E-02
   3.00000000       4.47127186E-02
   3.50000000       5.40966615E-02
   4.00000000       6.36429116E-02
   4.50000000       7.35610723E-02
   5.00000000       8.34365040E-02
   5.50000000       9.34437439E-02
   6.00000000      0.103331313    
   6.50000000      0.113090158    
   7.00000000      0.122652434    
   7.50000000      0.131852582    
   8.00000000      0.140737593    
   8.50000000      0.149041966    
   9.00000000      0.156862006    
   9.50000000      0.163866475    
   10.0000000      0.170157090    
   10.5000000      0.175346911    
   11.0000000      0.179505646    
   11.5000000      0.182186425    
   12.0000000      0.183384851    
   12.5000000      0.182578474    
   13.0000000      0.179628089    
   13.5000000      0.173935309    
   14.0000000      0.165165529    
   14.5000000      0.152770981    
   15.0000000      0.136398017    
   15.5000000      0.116308570    
   16.0000000       9.32700709E-02
   16.5000000       6.97771162E-02
   17.0000000       4.78827134E-02
   17.5000000       2.98812911E-02
   18.0000000       1.64724085E-02
   18.5000000       7.15879817E-03
   19.0000000       2.01753806E-03
   19.5000000       2.08318728E-04
   20.0000000      -6.27876070E-05
   20.5000000      -1.87433216E-05
   21.0000000       1.47526043E-06
   21.5000000       8.56061433E-07
   22.0000000      -6.71794282E-08
   22.5000000      -3.04580894E-08
   23.0000000       4.40468950E-09
   23.5000000       6.95796754E-10
   24.0000000      -2.19014071E-10
   24.5000000       3.07280850E-12
   25.0000000       6.44368500E-12
   25.5000000      -9.99176328E-13
   26.0000000      -3.90256268E-14
   26.5000000       3.47312545E-14
   27.0000000      -4.68669132E-15
   27.5000000      -1.33828082E-16
   28.0000000       1.48498852E-16
   28.5000000      -2.38570370E-17
   29.0000000       7.16427591E-19
   29.5000000       4.59326622E-19
   30.0000000      -1.08199315E-19
   30.5000000       1.05934161E-20
   31.0000000       4.19153379E-22
   31.5000000      -3.35644008E-22
   32.0000000       6.06747632E-23
   32.5000000      -5.20371386E-24
   33.0000000      -2.53017669E-25
   33.5000000       1.70845997E-25
   34.0000000      -3.17796652E-26
   34.5000000       3.28341319E-27
   35.0000000      -4.42444247E-29
   35.5000000      -6.01831260E-29
   36.0000000       1.44912386E-29
   36.5000000      -2.02389151E-30
   37.0000000       1.60568673E-31
   37.5000000       4.84326007E-33
   38.0000000      -4.39028773E-33
   38.5000000       9.17412729E-34
   39.0000000      -1.24952490E-34
   39.5000000       1.08598401E-35
   40.0000000      -7.04323100E-38
   40.5000000      -1.96757640E-37
   41.0000000       4.77441388E-38
   41.5000000      -7.47369784E-39
   42.0000000       8.52572406E-40
   42.5000000      -5.96644860E-41
   43.0000000      -1.99685031E-42
   43.5000000       1.60308544E-42
   44.0000000      -3.46120721E-43
   44.5000000       5.32493416E-44
   45.0000000      -7.00649232E-45
   45.5000000       0.00000000    
   46.0000000       0.00000000    
   46.5000000       0.00000000    
   47.0000000       0.00000000    
   47.5000000       0.00000000    
   48.0000000       0.00000000    
   48.5000000       0.00000000    
   49.0000000       0.00000000    
   49.5000000       0.00000000    
   50.0000000       0.00000000    
   50.5000000       0.00000000    
   51.0000000       0.00000000    
   51.5000000       0.00000000    
   52.0000000       0.00000000    
   52.5000000       0.00000000    
   53.0000000       0.00000000    
   53.5000000       0.00000000    
   54.0000000       0.00000000    
   54.5000000       0.00000000    
   55.0000000       0.00000000    
   55.5000000       0.00000000    
   56.0000000       0.00000000    
   56.5000000       0.00000000    
   57.0000000       0.00000000    
   57.5000000       0.00000000    
   58.0000000       0.00000000    
   58.5000000       0.00000000    
   59.0000000       0.00000000    
   59.5000000       0.00000000    
   60.0000000       0.00000000    
   60.5000000       0.00000000    
   61.0000000       0.00000000    
   61.5000000       0.00000000    
   62.0000000       0.00000000    
   62.5000000       0.00000000    
   63.0000000       0.00000000    
   63.5000000       0.00000000    
   64.0000000       0.00000000    
   64.5000000       0.00000000    
   65.0000000       0.00000000    
   65.5000000       0.00000000    
   66.0000000       0.00000000    
   66.5000000       0.00000000    
   67.0000000       0.00000000    
   67.5000000       0.00000000    
   68.0000000       0.00000000    
   68.5000000       0.00000000    
   69.0000000       0.00000000    
   69.5000000       0.00000000    
   70.0000000       0.00000000    
   70.5000000       0.00000000    
   71.0000000       0.00000000    
   71.5000000       0.00000000    
   72.0000000       0.00000000    
   72.5000000       0.00000000    
   73.0000000       0.00000000    
   73.5000000       0.00000000    
   74.0000000       0.00000000    
   74.5000000       0.00000000    
   75.0000000       0.00000000    
   75.5000000       0.00000000    
   76.0000000       0.00000000    
   76.5000000       0.00000000    
   77.0000000       0.00000000    
   77.5000000       0.00000000    
   78.0000000       0.00000000    
   78.5000000       0.00000000    
   79.0000000       0.00000000    
   79.5000000       0.00000000    
   80.0000000       0.00000000    
   80.5000000       0.00000000    
   81.0000000       0.00000000    
   81.5000000       0.00000000    
   82.0000000       0.00000000    
   82.5000000       0.00000000    
   83.0000000       0.00000000    
   83.5000000       0.00000000    
   84.0000000       0.00000000    
   84.5000000       0.00000000    
   85.0000000       0.00000000    
   85.5000000       0.00000000    
   86.0000000       0.00000000    
   86.5000000       0.00000000    
   87.0000000       0.00000000    
   87.5000000       0.00000000    
   88.0000000       0.00000000    
   88.5000000       0.00000000    
   89.0000000       0.00000000    
   89.5000000       0.00000000    
   90.0000000       0.00000000    
   90.5000000       0.00000000    
   91.0000000       0.00000000    
   91.5000000       0.00000000    
   92.0000000       0.00000000    
   92.5000000       0.00000000    
   93.0000000       0.00000000    
   93.5000000       0.00000000    
   94.0000000       0.00000000    
   94.5000000       0.00000000    
   95.0000000       0.00000000    
   95.5000000       0.00000000    
   96.0000000       0.00000000    
   96.5000000       0.00000000    
   97.0000000       0.00000000    
   97.5000000       0.00000000    
   98.0000000       0.00000000    
   98.5000000       0.00000000    
   99.0000000       0.00000000    
   99.5000000       0.00000000    
   100.000000       0.00000000    
