 -0.250000000      -1.15575176E-05
  0.250000000      -1.15575176E-05
  0.750000000       2.86494760E-05
   1.25000000      -4.62279932E-05
   1.75000000       5.15975480E-05
   2.25000000      -5.03593546E-05
   2.75000000       3.22181513E-05
   3.25000000      -8.89966577E-06
   3.75000000      -2.04716853E-05
   4.25000000       3.38452846E-05
   4.75000000      -2.89711552E-05
   5.25000000      -3.51682888E-06
   5.75000000       3.66948261E-05
   6.25000000      -4.81141979E-05
   6.75000000       7.16784416E-06
   7.25000000       5.55119368E-05
   7.75000000      -7.71957784E-05
   8.25000000       1.01595006E-05
   8.75000000       1.56720285E-04
   9.25000000       1.14197843E-04
   9.75000000       5.25234558E-04
   10.2500000       2.20644474E-03
   10.7500000       5.42391557E-03
   11.2500000       9.74017382E-03
   11.7500000       1.49629554E-02
   12.2500000       2.06947271E-02
   12.7500000       2.70120893E-02
   13.2500000       3.36257070E-02
   13.7500000       4.06352095E-02
   14.2500000       4.78622876E-02
   14.7500000       5.52980751E-02
   15.2500000       6.29517511E-02
   15.7500000       7.06397891E-02
   16.2500000       7.85534233E-02
   16.7500000       8.63908455E-02
   17.2500000       9.43892300E-02
   17.7500000      0.102309860    
   18.2500000      0.110224076    
   18.7500000      0.118142843    
   19.2500000      0.125842616    
   19.7500000      0.133605346    
   20.2500000      0.141008049    
   20.7500000      0.148384437    
   21.2500000      0.155396923    
   21.7500000      0.162124589    
   22.2500000      0.168551192    
   22.7500000      0.174343944    
   23.2500000      0.179848984    
   23.7500000      0.184235319    
   24.2500000      0.188373432    
   24.7500000      0.190553397    
   25.2500000      0.191924512    
   25.7500000      0.191948354    
   26.2500000      0.184837684    
   26.7500000      0.182138875    
   27.2500000      0.161319435    
   27.7500000       9.70833078E-02
   28.2500000       3.94780152E-02
   28.7500000       1.31205423E-02
   29.2500000       3.61459842E-03
   29.7500000       5.72266930E-04
   30.2500000      -6.26130786E-05
   30.7500000      -5.75049853E-05
   31.2500000      -8.60033651E-06
   31.7500000       2.20874040E-06
   32.2500000       8.19537661E-07
   32.7500000      -5.00209119E-08
   33.2500000      -4.86256724E-08
   33.7500000       8.12938827E-10
   34.2500000       2.46964937E-09
   34.7500000      -5.46988288E-11
   35.2500000      -1.13904157E-10
   35.7500000       7.03373904E-12
   36.2500000       4.57185028E-12
   36.7500000      -6.03380301E-13
   37.2500000      -1.39467593E-13
   37.7500000       3.64143936E-14
   38.2500000       1.80748022E-15
   38.7500000      -1.56836144E-15
   39.2500000       1.14116898E-16
   39.7500000       4.25222219E-17
   40.2500000      -9.52132200E-18
   40.7500000      -1.78689520E-19
   41.2500000       3.47799230E-19
   41.7500000      -4.50656205E-20
   42.2500000      -4.52536942E-21
   42.7500000       2.15435636E-21
   43.2500000      -2.03206656E-22
   43.7500000      -3.35075706E-23
   44.2500000       1.18723858E-23
   44.7500000      -1.03268085E-24
   45.2500000      -1.72105069E-25
   45.7500000       6.10906149E-26
   46.2500000      -6.11395166E-27
   46.7500000      -6.20347091E-28
   47.2500000       2.89096987E-28
   47.7500000      -3.75326281E-29
   48.2500000      -7.76047453E-31
   48.7500000       1.17702879E-30
   49.2500000      -2.10496596E-31
   49.7500000       1.03200249E-32
   50.2500000       3.50851268E-33
   50.7500000      -9.81601241E-34
   51.2500000       1.09334980E-34
   51.7500000       2.76902675E-36
   52.2500000      -3.36762809E-36
   52.7500000       6.34373779E-37
   53.2500000      -4.90808262E-38
   53.7500000      -5.39070691E-39
   54.2500000       2.36328706E-39
   54.7500000      -3.75290150E-40
   55.2500000       2.35404129E-41
   55.7500000       3.95306297E-42
   56.2500000      -1.42932443E-42
   56.7500000       2.21405157E-43
   57.2500000      -1.40129846E-44
   57.7500000      -1.40129846E-45
   58.2500000       0.00000000    
   58.7500000       0.00000000    
   59.2500000       0.00000000    
   59.7500000       0.00000000    
   60.2500000       0.00000000    
   60.7500000       0.00000000    
   61.2500000       0.00000000    
   61.7500000       0.00000000    
   62.2500000       0.00000000    
   62.7500000       0.00000000    
   63.2500000       0.00000000    
   63.7500000       0.00000000    
   64.2500000       0.00000000    
   64.7500000       0.00000000    
   65.2500000       0.00000000    
   65.7500000       0.00000000    
   66.2500000       0.00000000    
   66.7500000       0.00000000    
   67.2500000       0.00000000    
   67.7500000       0.00000000    
   68.2500000       0.00000000    
   68.7500000       0.00000000    
   69.2500000       0.00000000    
   69.7500000       0.00000000    
   70.2500000       0.00000000    
   70.7500000       0.00000000    
   71.2500000       0.00000000    
   71.7500000       0.00000000    
   72.2500000       0.00000000    
   72.7500000       0.00000000    
   73.2500000       0.00000000    
   73.7500000       0.00000000    
   74.2500000       0.00000000    
   74.7500000       0.00000000    
   75.2500000       0.00000000    
   75.7500000       0.00000000    
   76.2500000       0.00000000    
   76.7500000       0.00000000    
   77.2500000       0.00000000    
   77.7500000       0.00000000    
   78.2500000       0.00000000    
   78.7500000       0.00000000    
   79.2500000       0.00000000    
   79.7500000       0.00000000    
   80.2500000       0.00000000    
   80.7500000       0.00000000    
   81.2500000       0.00000000    
   81.7500000       0.00000000    
   82.2500000       0.00000000    
   82.7500000       0.00000000    
   83.2500000       0.00000000    
   83.7500000       0.00000000    
   84.2500000       0.00000000    
   84.7500000       0.00000000    
   85.2500000       0.00000000    
   85.7500000       0.00000000    
   86.2500000       0.00000000    
   86.7500000       0.00000000    
   87.2500000       0.00000000    
   87.7500000       0.00000000    
   88.2500000       0.00000000    
   88.7500000       0.00000000    
   89.2500000       0.00000000    
   89.7500000       0.00000000    
   90.2500000       0.00000000    
   90.7500000       0.00000000    
   91.2500000       0.00000000    
   91.7500000       0.00000000    
   92.2500000       0.00000000    
   92.7500000       0.00000000    
   93.2500000       0.00000000    
   93.7500000       0.00000000    
   94.2500000       0.00000000    
   94.7500000       0.00000000    
   95.2500000       0.00000000    
   95.7500000       0.00000000    
   96.2500000       0.00000000    
   96.7500000       0.00000000    
   97.2500000       0.00000000    
   97.7500000       0.00000000    
   98.2500000       0.00000000    
   98.7500000       0.00000000    
   99.2500000       0.00000000    
   99.7500000       0.00000000    
   100.250000       0.00000000    
