   0.00000000       0.00000000    
  0.500000000      -4.44533907E-06
   1.00000000       1.13465649E-05
   1.50000000      -2.04303033E-05
   2.00000000       3.04616260E-05
   2.50000000      -3.49437796E-05
   3.00000000       2.93696103E-05
   3.50000000      -8.07595825E-06
   4.00000000      -2.36423657E-05
   4.50000000       5.58040483E-05
   5.00000000      -6.72749156E-05
   5.50000000       4.74704284E-05
   6.00000000       4.30693035E-07
   6.50000000      -3.81376267E-05
   7.00000000       2.60520828E-05
   7.50000000       4.90140228E-05
   8.00000000      -1.10210494E-04
   8.50000000       8.47137489E-05
   9.00000000       1.43031430E-04
   9.50000000       1.33561334E-04
   10.0000000       7.42945180E-04
   10.5000000       2.84463726E-03
   11.0000000       6.34915475E-03
   11.5000000       1.09102316E-02
   12.0000000       1.62316691E-02
   12.5000000       2.20370926E-02
   13.0000000       2.83669718E-02
   13.5000000       3.49258110E-02
   14.0000000       4.18850556E-02
   14.5000000       4.89422381E-02
   15.0000000       5.62586226E-02
   15.5000000       6.36567548E-02
   16.0000000       7.11311102E-02
   16.5000000       7.87412450E-02
   17.0000000       8.62472281E-02
   17.5000000       9.39182192E-02
   18.0000000      0.101393923    
   18.5000000      0.108947262    
   19.0000000      0.116350666    
   19.5000000      0.123617873    
   20.0000000      0.130856484    
   20.5000000      0.137724161    
   21.0000000      0.144607499    
   21.5000000      0.150997102    
   22.0000000      0.157259300    
   22.5000000      0.163034916    
   23.0000000      0.168370098    
   23.5000000      0.173270971    
   24.0000000      0.177171171    
   24.5000000      0.180939808    
   25.0000000      0.182336584    
   25.5000000      0.184069008    
   26.0000000      0.182841644    
   26.5000000      0.175725877    
   27.0000000      0.175218314    
   27.5000000      0.146912634    
   28.0000000       7.94087797E-02
   28.5000000       2.95623392E-02
   29.0000000       9.34111141E-03
   29.5000000       2.31299596E-03
   30.0000000       2.29280733E-04
   30.5000000      -9.52350383E-05
   31.0000000      -4.13526723E-05
   31.5000000      -2.15561749E-06
   32.0000000       2.33660148E-06
   32.5000000       4.16020271E-07
   33.0000000      -1.00848027E-07
   33.5000000      -2.87993771E-08
   34.0000000       4.48668525E-09
   34.5000000       1.49713286E-09
   35.0000000      -2.36873687E-10
   35.5000000      -6.32511543E-11
   36.0000000       1.35620274E-11
   36.5000000       1.97138876E-12
   37.0000000      -7.15139102E-13
   37.5000000      -2.22765532E-14
   38.0000000       3.06744647E-14
   38.5000000      -2.25080540E-15
   39.0000000      -9.17848607E-16
   39.5000000       1.91715584E-16
   40.0000000       9.33715602E-18
   40.5000000      -8.03673546E-18
   41.0000000       7.81520967E-19
   41.5000000       1.62218442E-19
   42.0000000      -5.02733234E-20
   42.5000000       2.37771775E-21
   43.0000000       1.25022453E-21
   43.5000000      -2.78546003E-22
   44.0000000       7.16039262E-24
   44.5000000       7.37591178E-24
   45.0000000      -1.49792251E-24
   45.5000000       4.38028268E-26
   46.0000000       3.64265829E-26
   46.5000000      -7.94379850E-27
   47.0000000       4.25204935E-28
   47.5000000       1.46197149E-28
   48.0000000      -3.98792774E-29
   48.5000000       3.63705663E-30
   49.0000000       3.86980169E-31
   49.5000000      -1.75563243E-31
   50.0000000       2.46195390E-32
   50.5000000      -2.76602729E-34
   51.0000000      -5.94577395E-34
   51.5000000       1.29239922E-34
   52.0000000      -1.13047444E-35
   52.5000000      -9.67480495E-37
   53.0000000       4.91374432E-37
   53.5000000      -7.94266283E-38
   54.0000000       4.58129450E-39
   54.5000000       9.94780379E-40
   55.0000000      -3.27372749E-40
   55.5000000       4.65539376E-41
   56.0000000      -2.17761781E-42
   56.5000000      -6.48801189E-43
   57.0000000       1.96181785E-43
   57.5000000      -2.80259693E-44
   58.0000000       1.40129846E-45
   58.5000000       0.00000000    
   59.0000000       0.00000000    
   59.5000000       0.00000000    
   60.0000000       0.00000000    
   60.5000000       0.00000000    
   61.0000000       0.00000000    
   61.5000000       0.00000000    
   62.0000000       0.00000000    
   62.5000000       0.00000000    
   63.0000000       0.00000000    
   63.5000000       0.00000000    
   64.0000000       0.00000000    
   64.5000000       0.00000000    
   65.0000000       0.00000000    
   65.5000000       0.00000000    
   66.0000000       0.00000000    
   66.5000000       0.00000000    
   67.0000000       0.00000000    
   67.5000000       0.00000000    
   68.0000000       0.00000000    
   68.5000000       0.00000000    
   69.0000000       0.00000000    
   69.5000000       0.00000000    
   70.0000000       0.00000000    
   70.5000000       0.00000000    
   71.0000000       0.00000000    
   71.5000000       0.00000000    
   72.0000000       0.00000000    
   72.5000000       0.00000000    
   73.0000000       0.00000000    
   73.5000000       0.00000000    
   74.0000000       0.00000000    
   74.5000000       0.00000000    
   75.0000000       0.00000000    
   75.5000000       0.00000000    
   76.0000000       0.00000000    
   76.5000000       0.00000000    
   77.0000000       0.00000000    
   77.5000000       0.00000000    
   78.0000000       0.00000000    
   78.5000000       0.00000000    
   79.0000000       0.00000000    
   79.5000000       0.00000000    
   80.0000000       0.00000000    
   80.5000000       0.00000000    
   81.0000000       0.00000000    
   81.5000000       0.00000000    
   82.0000000       0.00000000    
   82.5000000       0.00000000    
   83.0000000       0.00000000    
   83.5000000       0.00000000    
   84.0000000       0.00000000    
   84.5000000       0.00000000    
   85.0000000       0.00000000    
   85.5000000       0.00000000    
   86.0000000       0.00000000    
   86.5000000       0.00000000    
   87.0000000       0.00000000    
   87.5000000       0.00000000    
   88.0000000       0.00000000    
   88.5000000       0.00000000    
   89.0000000       0.00000000    
   89.5000000       0.00000000    
   90.0000000       0.00000000    
   90.5000000       0.00000000    
   91.0000000       0.00000000    
   91.5000000       0.00000000    
   92.0000000       0.00000000    
   92.5000000       0.00000000    
   93.0000000       0.00000000    
   93.5000000       0.00000000    
   94.0000000       0.00000000    
   94.5000000       0.00000000    
   95.0000000       0.00000000    
   95.5000000       0.00000000    
   96.0000000       0.00000000    
   96.5000000       0.00000000    
   97.0000000       0.00000000    
   97.5000000       0.00000000    
   98.0000000       0.00000000    
   98.5000000       0.00000000    
   99.0000000       0.00000000    
   99.5000000       0.00000000    
   100.000000       0.00000000    
