 -0.250000000      -5.21118181E-06
  0.250000000      -5.21118181E-06
  0.750000000      -1.42987051E-06
   1.25000000      -9.55110227E-06
   1.75000000       3.60208674E-06
   2.25000000      -1.56566603E-05
   2.75000000       1.02862596E-05
   3.25000000      -2.29585694E-05
   3.75000000       1.70003113E-05
   4.25000000      -2.87781204E-05
   4.75000000       2.00904287E-05
   5.25000000      -2.88910542E-05
   5.75000000       1.55519938E-05
   6.25000000      -2.03949785E-05
   6.75000000       2.52112545E-06
   7.25000000      -5.66729841E-06
   7.75000000      -1.26537516E-05
   8.25000000       5.01314616E-06
   8.75000000      -1.74692541E-05
   9.25000000      -1.45149428E-07
   9.75000000      -3.82200778E-06
   10.2500000      -2.20992715E-05
   10.7500000       1.91614872E-05
   11.2500000      -4.20564138E-05
   11.7500000       2.67010364E-05
   12.2500000      -3.60485355E-05
   12.7500000       5.08714811E-06
   13.2500000      -9.21492756E-06
   13.7500000      -1.95013472E-05
   14.2500000      -1.89342677E-06
   14.7500000      -8.75461865E-06
   15.2500000      -2.99946714E-05
   15.7500000       1.61541393E-05
   16.2500000      -3.72477080E-05
   16.7500000      -1.10874298E-05
   17.2500000       1.20864033E-05
   17.7500000      -6.28210400E-05
   18.2500000       2.80663444E-05
   18.7500000      -3.40851184E-05
   19.2500000      -3.41710802E-05
   19.7500000       9.91903653E-06
   20.2500000      -2.96436647E-05
   20.7500000      -4.30008622E-05
   21.2500000       5.77366882E-06
   21.7500000      -1.20805498E-05
   22.2500000      -8.62941306E-05
   22.7500000       3.66222594E-05
   23.2500000      -1.75987843E-05
   23.7500000      -1.08050808E-04
   24.2500000       2.77992567E-05
   24.7500000       9.93430422E-06
   25.2500000      -9.10400267E-05
   25.7500000      -8.37168845E-05
   26.2500000       7.78653193E-05
   26.7500000       1.13964466E-04
   27.2500000      -3.70017151E-05
   27.7500000       4.56636422E-04
   28.2500000       1.98376621E-03
   28.7500000       4.44452185E-03
   29.2500000       7.79559277E-03
   29.7500000       1.15825627E-02
   30.2500000       1.56887099E-02
   30.7500000       2.02062577E-02
   31.2500000       2.47903336E-02
   31.7500000       2.95896456E-02
   32.2500000       3.46539579E-02
   32.7500000       3.96493562E-02
   33.2500000       4.48780544E-02
   33.7500000       5.02308905E-02
   34.2500000       5.55080101E-02
   34.7500000       6.09817170E-02
   35.2500000       6.64710999E-02
   35.7500000       7.20734447E-02
   36.2500000       7.74283558E-02
   36.7500000       8.31615031E-02
   37.2500000       8.92630219E-02
   37.7500000       9.35136080E-02
   38.2500000      0.100508206    
   38.7500000      0.107082613    
   39.2500000      0.107901573    
   39.7500000      0.119561449    
   40.2500000      0.125489682    
   40.7500000      0.118117020    
   41.2500000      0.142549008    
   41.7500000      0.144655690    
   42.2500000      0.120042466    
   42.7500000      0.171839505    
   43.2500000      0.166581511    
   43.7500000      0.108471736    
   44.2500000      0.205002069    
   44.7500000      0.198051825    
   45.2500000       8.22970644E-02
   45.7500000      0.225195915    
   46.2500000      0.249899924    
   46.7500000       5.61365001E-02
   47.2500000      0.200450808    
   47.7500000      0.318434685    
   48.2500000       5.68229109E-02
   48.7500000      -9.23506450E-03
   49.2500000       1.81463925E-04
   49.7500000       2.13021442E-04
   50.2500000      -3.79204212E-05
   50.7500000       1.36973665E-06
   51.2500000       7.75036085E-07
   51.7500000      -2.07193622E-07
   52.2500000       3.24477001E-09
   52.7500000       6.82489443E-09
   53.2500000      -2.73555151E-10
   53.7500000      -1.95756009E-10
   54.2500000      -1.75775505E-11
   54.7500000       8.97030020E-12
   55.2500000       2.02566154E-12
   55.7500000      -5.38380430E-13
   56.2500000      -1.19328741E-13
   56.7500000       3.16760812E-14
   57.2500000       5.54053060E-15
   57.7500000      -1.78393058E-15
   58.2500000      -2.08091855E-16
   58.7500000       9.62202760E-17
   59.2500000       4.88456190E-18
   59.7500000      -4.80339811E-18
   60.2500000       9.67106226E-20
   60.7500000       2.09980160E-19
   61.2500000      -2.10878097E-20
   61.7500000      -7.34969765E-21
   62.2500000       1.57787075E-21
   62.7500000       1.57302159E-22
   63.2500000      -8.15983332E-23
   63.7500000       2.27622343E-24
   64.2500000       3.03646545E-24
   64.7500000      -4.41802142E-25
   65.2500000      -6.60680499E-26
   65.7500000       2.52672857E-26
   66.2500000      -7.02809392E-28
   66.7500000      -8.60070528E-28
   67.2500000       1.42041980E-28
   67.7500000       1.20252387E-29
   68.2500000      -6.86268799E-30
   68.7500000       5.58215090E-31
   69.2500000       1.61747306E-31
   69.7500000      -4.39085784E-32
   70.2500000       1.08179386E-33
   70.7500000       1.34414041E-33
   71.2500000      -2.49213619E-34
   71.7500000      -5.41395935E-36
   72.2500000       9.21597042E-36
   72.7500000      -1.34121527E-36
   73.2500000      -7.83669664E-38
   73.7500000       5.69107047E-38
   74.2500000      -7.22164769E-39
   74.7500000      -5.68868322E-40
   75.2500000       3.28703982E-40
   75.7500000      -4.02901334E-41
   76.2500000      -3.05202806E-42
   76.7500000       1.80066853E-42
   77.2500000      -2.32615545E-43
   77.7500000      -1.12103877E-44
   78.2500000       1.12103877E-44
   78.7500000       0.00000000    
   79.2500000       0.00000000    
   79.7500000       0.00000000    
   80.2500000       0.00000000    
   80.7500000       0.00000000    
   81.2500000       0.00000000    
   81.7500000       0.00000000    
   82.2500000       0.00000000    
   82.7500000       0.00000000    
   83.2500000       0.00000000    
   83.7500000       0.00000000    
   84.2500000       0.00000000    
   84.7500000       0.00000000    
   85.2500000       0.00000000    
   85.7500000       0.00000000    
   86.2500000       0.00000000    
   86.7500000       0.00000000    
   87.2500000       0.00000000    
   87.7500000       0.00000000    
   88.2500000       0.00000000    
   88.7500000       0.00000000    
   89.2500000       0.00000000    
   89.7500000       0.00000000    
   90.2500000       0.00000000    
   90.7500000       0.00000000    
   91.2500000       0.00000000    
   91.7500000       0.00000000    
   92.2500000       0.00000000    
   92.7500000       0.00000000    
   93.2500000       0.00000000    
   93.7500000       0.00000000    
   94.2500000       0.00000000    
   94.7500000       0.00000000    
   95.2500000       0.00000000    
   95.7500000       0.00000000    
   96.2500000       0.00000000    
   96.7500000       0.00000000    
   97.2500000       0.00000000    
   97.7500000       0.00000000    
   98.2500000       0.00000000    
   98.7500000       0.00000000    
   99.2500000       0.00000000    
   99.7500000       0.00000000    
   100.250000       0.00000000    
