   0.00000000       0.00000000    
  0.500000000       4.73771252E-06
   1.00000000      -8.13795214E-06
   1.50000000       1.23552945E-05
   2.00000000      -1.28520633E-05
   2.50000000       1.47373321E-05
   3.00000000      -1.11934678E-05
   3.50000000       1.06672105E-05
   4.00000000      -3.12881821E-06
   4.50000000       1.35511073E-06
   5.00000000       7.84225631E-06
   5.50000000      -7.66851736E-06
   6.00000000       1.48185436E-05
   6.50000000      -8.51875848E-06
   7.00000000       1.04663177E-05
   7.50000000       3.20245817E-06
   8.00000000      -5.28576766E-06
   8.50000000       2.23065690E-05
   9.00000000      -2.09824830E-05
   9.50000000       3.23608110E-05
   10.0000000      -1.85912559E-05
   10.5000000       1.85609806E-05
   11.0000000       7.87635145E-06
   11.5000000      -1.16115443E-05
   12.0000000       3.64934604E-05
   12.5000000      -2.58506498E-05
   13.0000000       3.44979489E-05
   13.5000000      -4.14819215E-06
   14.0000000       6.40230792E-06
   14.5000000       2.02128886E-05
   15.0000000       4.45770729E-06
   15.5000000      -6.77146090E-07
   16.0000000       4.44513425E-05
   16.5000000      -3.18027160E-05
   17.0000000       4.77911017E-05
   17.5000000       9.61507612E-06
   18.0000000      -1.70258281E-05
   18.5000000       6.73555405E-05
   19.0000000      -2.35746429E-05
   19.5000000       2.36579472E-05
   20.0000000       4.15815084E-05
   20.5000000       1.97160625E-06
   21.0000000       2.67789983E-06
   21.5000000       6.71219823E-05
   22.0000000       2.93468111E-06
   22.5000000      -2.36920241E-05
   23.0000000       1.14463939E-04
   23.5000000      -1.34045404E-05
   24.0000000      -2.99241583E-05
   24.5000000       1.11155859E-04
   25.0000000       4.23800739E-05
   25.5000000      -4.32461784E-05
   26.0000000       6.09702693E-06
   26.5000000       1.94976004E-04
   27.0000000       1.42752862E-04
   27.5000000       3.84691084E-05
   28.0000000       7.92589679E-04
   28.5000000       2.55411048E-03
   29.0000000       5.25311474E-03
   29.5000000       8.76340363E-03
   30.0000000       1.25821466E-02
   30.5000000       1.67709459E-02
   31.0000000       2.12947987E-02
   31.5000000       2.58229058E-02
   32.0000000       3.06489356E-02
   32.5000000       3.56222801E-02
   33.0000000       4.05221917E-02
   33.5000000       4.57165837E-02
   34.0000000       5.08987568E-02
   34.5000000       5.60620390E-02
   35.0000000       6.13953620E-02
   35.5000000       6.67140707E-02
   36.0000000       7.21347556E-02
   36.5000000       7.71841109E-02
   37.0000000       8.29943568E-02
   37.5000000       8.85127559E-02
   38.0000000       9.23912749E-02
   38.5000000      0.100239486    
   39.0000000      0.104747497    
   39.5000000      0.105893731    
   40.0000000      0.119989991    
   40.5000000      0.119820967    
   41.0000000      0.115766101    
   41.5000000      0.145198658    
   42.0000000      0.132390276    
   42.5000000      0.118444249    
   43.0000000      0.179386199    
   43.5000000      0.143051177    
   44.0000000      0.107762732    
   44.5000000      0.222114444    
   45.0000000      0.159123570    
   45.5000000       7.80770630E-02
   46.0000000      0.258694887    
   46.5000000      0.196533531    
   47.0000000       3.83994803E-02
   47.5000000      0.252571762    
   48.0000000      0.264425039    
   48.5000000       1.44273229E-02
   49.0000000      -7.76067749E-03
   49.5000000       9.19260085E-04
   50.0000000       5.20011090E-05
   50.5000000      -3.07853006E-05
   51.0000000       4.10022039E-06
   51.5000000       8.55649489E-08
   52.0000000      -1.57710275E-07
   52.5000000       1.94423571E-08
   53.0000000       3.31928640E-09
   53.5000000      -5.62916269E-10
   54.0000000      -1.15390295E-10
   54.5000000       2.57201378E-13
   55.0000000       8.22690180E-12
   55.5000000       5.72591237E-13
   56.0000000      -5.37686540E-13
   56.5000000      -2.83210548E-14
   57.0000000       3.01956709E-14
   57.5000000       6.65108058E-16
   58.0000000      -1.55860097E-15
   58.5000000       2.96915885E-17
   59.0000000       7.45775717E-17
   59.5000000      -5.51567837E-18
   60.0000000      -3.16199178E-18
   60.5000000       4.73282865E-19
   61.0000000       1.07425830E-19
   61.5000000      -2.98836445E-20
   62.0000000      -2.07334355E-21
   62.5000000       1.47954208E-21
   63.0000000      -5.82662951E-23
   63.5000000      -5.56138229E-23
   64.0000000       8.42041963E-24
   64.5000000       1.29842689E-24
   65.0000000      -4.87905490E-25
   65.5000000       8.12507319E-27
   66.0000000       1.79128171E-26
   66.5000000      -2.62112864E-27
   67.0000000      -3.29973694E-28
   67.5000000       1.42770800E-28
   68.0000000      -7.70311492E-30
   68.5000000      -4.11126723E-30
   69.0000000       8.75770657E-31
   69.5000000       1.67375408E-32
   70.0000000      -3.34347680E-32
   70.5000000       4.55884995E-33
   71.0000000       4.42529863E-34
   71.5000000      -2.26324195E-34
   72.0000000       2.15136230E-35
   72.5000000       4.07617159E-36
   73.0000000      -1.39148014E-36
   73.5000000       9.94827406E-38
   74.0000000       2.85214684E-38
   74.5000000      -8.12966387E-39
   75.0000000       4.99485831E-40
   75.5000000       1.70907966E-40
   76.0000000      -4.61503636E-41
   76.5000000       2.93431898E-42
   77.0000000       9.05238808E-43
   77.5000000      -2.56437619E-43
   78.0000000       2.10194770E-44
   78.5000000       5.60519386E-45
   79.0000000       0.00000000    
   79.5000000       0.00000000    
   80.0000000       0.00000000    
   80.5000000       0.00000000    
   81.0000000       0.00000000    
   81.5000000       0.00000000    
   82.0000000       0.00000000    
   82.5000000       0.00000000    
   83.0000000       0.00000000    
   83.5000000       0.00000000    
   84.0000000       0.00000000    
   84.5000000       0.00000000    
   85.0000000       0.00000000    
   85.5000000       0.00000000    
   86.0000000       0.00000000    
   86.5000000       0.00000000    
   87.0000000       0.00000000    
   87.5000000       0.00000000    
   88.0000000       0.00000000    
   88.5000000       0.00000000    
   89.0000000       0.00000000    
   89.5000000       0.00000000    
   90.0000000       0.00000000    
   90.5000000       0.00000000    
   91.0000000       0.00000000    
   91.5000000       0.00000000    
   92.0000000       0.00000000    
   92.5000000       0.00000000    
   93.0000000       0.00000000    
   93.5000000       0.00000000    
   94.0000000       0.00000000    
   94.5000000       0.00000000    
   95.0000000       0.00000000    
   95.5000000       0.00000000    
   96.0000000       0.00000000    
   96.5000000       0.00000000    
   97.0000000       0.00000000    
   97.5000000       0.00000000    
   98.0000000       0.00000000    
   98.5000000       0.00000000    
   99.0000000       0.00000000    
   99.5000000       0.00000000    
   100.000000       0.00000000    
