 -0.250000000      -1.10893768E-06
  0.250000000      -1.10893768E-06
  0.750000000      -1.54223017E-06
   1.25000000      -1.95704661E-06
   1.75000000      -1.60116656E-06
   2.25000000      -7.90529043E-07
   2.75000000      -2.18414655E-07
   3.25000000      -8.01697126E-07
   3.75000000      -2.43908994E-06
   4.25000000      -3.69397867E-06
   4.75000000      -2.65572930E-06
   5.25000000      -1.46450727E-08
   5.75000000       2.23549364E-06
   6.25000000       1.34982167E-06
   6.75000000      -3.03076104E-06
   7.25000000      -6.93930770E-06
   7.75000000      -5.37629103E-06
   8.25000000       9.07226251E-07
   8.75000000       5.86700389E-06
   9.25000000       3.63615095E-06
   9.75000000      -3.94231711E-06
   10.2500000      -9.89213459E-06
   10.7500000      -7.50364961E-06
   11.2500000       1.24230507E-06
   11.7500000       7.22050936E-06
   12.2500000       4.73150976E-06
   12.7500000      -3.28468150E-06
   13.2500000      -8.86708494E-06
   13.7500000      -7.09134792E-06
   14.2500000      -1.30111562E-06
   14.7500000       2.82075962E-06
   15.2500000       2.81724738E-06
   15.7500000       9.16649583E-07
   16.2500000      -1.05441870E-06
   16.7500000      -3.85097019E-06
   17.2500000      -7.08090647E-06
   17.7500000      -6.78327115E-06
   18.2500000      -8.33454976E-07
   18.7500000       6.18407148E-06
   19.2500000       6.99035354E-06
   19.7500000      -1.92080577E-07
   20.2500000      -8.54988593E-06
   20.7500000      -9.93758931E-06
   21.2500000      -4.41153497E-06
   21.7500000       1.04645278E-06
   22.2500000       3.03569550E-06
   22.7500000       4.21313325E-06
   23.2500000       3.26523400E-06
   23.7500000      -2.06893583E-06
   24.2500000      -9.67132110E-06
   24.7500000      -1.11548461E-05
   25.2500000      -4.20882043E-06
   25.7500000       4.06612571E-06
   26.2500000       6.14907003E-06
   26.7500000       4.17492129E-06
   27.2500000       5.45396631E-07
   27.7500000      -4.51273536E-06
   28.2500000      -1.02897320E-05
   28.7500000      -1.10498549E-05
   29.2500000      -3.42842736E-06
   29.7500000       4.49464142E-06
   30.2500000       6.76133595E-06
   30.7500000       4.96181019E-06
   31.2500000       1.34619404E-06
   31.7500000      -5.51755602E-06
   32.2500000      -1.22599859E-05
   32.7500000      -1.10551773E-05
   33.2500000      -3.78412483E-06
   33.7500000       2.20081188E-06
   34.2500000       6.27760755E-06
   34.7500000       8.41773453E-06
   35.2500000       3.20392064E-06
   35.7500000      -5.62971445E-06
   36.2500000      -1.12133612E-05
   36.7500000      -1.16481478E-05
   37.2500000      -9.52484970E-06
   37.7500000      -1.18625030E-06
   38.2500000       6.51577193E-06
   38.7500000       8.63791047E-06
   39.2500000       6.84673387E-06
   39.7500000       4.63093642E-07
   40.2500000      -8.43415455E-06
   40.7500000      -1.31159786E-05
   41.2500000      -1.34843813E-05
   41.7500000      -7.78402682E-06
   42.2500000       9.68998165E-07
   42.7500000       7.22608411E-06
   43.2500000       1.02813028E-05
   43.7500000       7.28228179E-06
   44.2500000      -4.96589735E-07
   44.7500000      -8.91207310E-06
   45.2500000      -1.47600886E-05
   45.7500000      -1.52880439E-05
   46.2500000      -9.71677855E-06
   46.7500000      -1.15771741E-06
   47.2500000       7.37846676E-06
   47.7500000       1.14658997E-05
   48.2500000       9.76098727E-06
   48.7500000       2.66848087E-06
   49.2500000      -6.94021583E-06
   49.7500000      -1.40511820E-05
   50.2500000      -1.77722723E-05
   50.7500000      -1.43927491E-05
   51.2500000      -6.65238531E-06
   51.7500000       2.74446643E-06
   52.2500000       1.10458095E-05
   52.7500000       1.27076846E-05
   53.2500000       9.49194964E-06
   53.7500000       8.82840993E-07
   54.2500000      -1.01800406E-05
   54.7500000      -1.68527731E-05
   55.2500000      -1.95390658E-05
   55.7500000      -1.66728150E-05
   56.2500000      -6.77997014E-06
   56.7500000       3.53409541E-06
   57.2500000       1.08811391E-05
   57.7500000       1.51524300E-05
   58.2500000       1.22036963E-05
   58.7500000       2.13958310E-06
   59.2500000      -7.94945754E-06
   59.7500000      -1.69736359E-05
   60.2500000      -2.28179051E-05
   60.7500000      -2.14552128E-05
   61.2500000      -1.18230864E-05
   61.7500000      -1.96530732E-06
   62.2500000       7.88760917E-06
   62.7500000       1.61427542E-05
   63.2500000       1.77068396E-05
   63.7500000       1.00826792E-05
   64.2500000      -1.33892900E-06
   64.7500000      -1.09754064E-05
   65.2500000      -2.10659055E-05
   65.7500000      -2.74797185E-05
   66.2500000      -2.39283690E-05
   66.7500000      -1.33413032E-05
   67.2500000      -2.24188489E-06
   67.7500000       7.93689287E-06
   68.2500000       1.73144126E-05
   68.7500000       2.13435451E-05
   69.2500000       1.47570354E-05
   69.7500000       2.30592468E-06
   70.2500000      -9.53720973E-06
   70.7500000      -2.00108807E-05
   71.2500000      -2.85053520E-05
   71.7500000      -3.19452884E-05
   72.2500000      -2.44123294E-05
   72.7500000      -1.03053308E-05
   73.2500000       3.18078264E-06
   73.7500000       1.31612678E-05
   74.2500000       2.10334310E-05
   74.7500000       2.46057134E-05
   75.2500000       1.83395532E-05
   75.7500000       3.35553204E-06
   76.2500000      -1.30676681E-05
   76.7500000      -2.50629673E-05
   77.2500000      -3.20157051E-05
   77.7500000      -3.55547199E-05
   78.2500000      -3.27186899E-05
   78.7500000      -2.06275108E-05
   79.2500000      -2.29876514E-06
   79.7500000       1.46666916E-05
   80.2500000       2.38876219E-05
   80.7500000       2.65185718E-05
   81.2500000       2.48986453E-05
   81.7500000       1.77983075E-05
   82.2500000       2.90077242E-06
   82.7500000      -1.76083631E-05
   83.2500000      -3.52358220E-05
   83.7500000      -4.34969952E-05
   84.2500000      -4.22205740E-05
   84.7500000      -3.54456461E-05
   85.2500000      -2.57620231E-05
   85.7500000      -1.01494197E-05
   86.2500000       9.34528452E-06
   86.7500000       2.84270445E-05
   87.2500000       3.84458981E-05
   87.7500000       3.64077823E-05
   88.2500000       2.53004055E-05
   88.7500000       1.07772303E-05
   89.2500000      -4.80623703E-06
   89.7500000      -2.26823850E-05
   90.2500000      -4.16822695E-05
   90.7500000      -5.61727757E-05
   91.2500000      -5.97699509E-05
   91.7500000      -4.98458794E-05
   92.2500000      -3.08372983E-05
   92.7500000      -1.04338224E-05
   93.2500000       8.62420529E-06
   93.7500000       2.53654180E-05
   94.2500000       4.02392288E-05
   94.7500000       4.98070658E-05
   95.2500000       4.95494387E-05
   95.7500000       3.55307784E-05
   96.2500000       1.14770464E-05
   96.7500000      -1.60128238E-05
   97.2500000      -3.87454565E-05
   97.7500000      -5.48996832E-05
   98.2500000      -6.58090285E-05
   98.7500000      -7.15227507E-05
   99.2500000      -7.03660771E-05
   99.7500000      -5.75084268E-05
   100.250000      -3.30267139E-05
   100.750000      -1.19841206E-06
   101.250000       2.93577596E-05
   101.750000       5.11589569E-05
   102.250000       6.25147441E-05
   102.750000       6.54323521E-05
   103.250000       6.13314987E-05
   103.750000       5.05453827E-05
   104.250000       3.05742615E-05
   104.750000       5.89174249E-07
   105.250000      -3.54984368E-05
   105.750000      -6.91418682E-05
   106.250000      -9.40034588E-05
   106.750000      -1.04804873E-04
   107.250000      -1.02074213E-04
   107.750000      -9.05114284E-05
   108.250000      -7.24738275E-05
   108.750000      -4.84692064E-05
   109.250000      -1.69236919E-05
   109.750000       2.06438308E-05
   110.250000       5.93521290E-05
   110.750000       9.28732261E-05
   111.250000       1.11942798E-04
   111.750000       1.14081697E-04
   112.250000       1.00853227E-04
   112.750000       7.68379105E-05
   113.250000       4.66168531E-05
   113.750000       1.20588302E-05
   114.250000      -2.65095932E-05
   114.750000      -6.94978007E-05
   115.250000      -1.12207475E-04
   115.750000      -1.49417436E-04
   116.250000      -1.72966771E-04
   116.750000      -1.77635622E-04
   117.250000      -1.62677577E-04
   117.750000      -1.32510831E-04
   118.250000      -9.25490967E-05
   118.750000      -4.77896792E-05
   119.250000      -2.45438656E-07
   119.750000       4.98089976E-05
   120.250000       1.01343518E-04
   120.750000       1.50806794E-04
   121.250000       1.91597661E-04
   121.750000       2.16317698E-04
   122.250000       2.19547146E-04
   122.750000       1.99510803E-04
   123.250000       1.60978001E-04
   123.750000       1.09110908E-04
   124.250000       4.94564083E-05
   124.750000      -1.39332633E-05
   125.250000      -8.02079740E-05
   125.750000      -1.48545601E-04
   126.250000      -2.16544518E-04
   126.750000      -2.79243191E-04
   127.250000      -3.29425238E-04
   127.750000      -3.59054684E-04
   128.250000      -3.63642466E-04
   128.750000      -3.41979932E-04
   129.250000      -2.96867569E-04
   129.750000      -2.34379535E-04
   130.250000      -1.59237359E-04
   130.750000      -7.53055574E-05
   131.250000       1.69309060E-05
   131.750000       1.15516967E-04
   132.250000       2.19472655E-04
   132.750000       3.23931075E-04
   133.250000       4.21310542E-04
   133.750000       5.02138864E-04
   134.250000       5.59293898E-04
   134.750000       5.87125658E-04
   135.250000       5.84291527E-04
   135.750000       5.53203397E-04
   136.250000       4.98070556E-04
   136.750000       4.21580771E-04
   137.250000       3.25507659E-04
   137.750000       2.09648279E-04
   138.250000       7.31882974E-05
   138.750000      -8.19191337E-05
   139.250000      -2.53474165E-04
   139.750000      -4.33954643E-04
   140.250000      -6.14580815E-04
   140.750000      -7.86113262E-04
   141.250000      -9.41137492E-04
   141.750000      -1.07464194E-03
   142.250000      -1.18556782E-03
   142.750000      -1.27394113E-03
   143.250000      -1.33998133E-03
   143.750000      -1.38331170E-03
   144.250000      -1.40031974E-03
   144.750000      -1.38616108E-03
   145.250000      -1.33636896E-03
   145.750000      -1.24573673E-03
   146.250000      -1.11251161E-03
   146.750000      -9.38300684E-04
   147.250000      -7.25921651E-04
   147.750000      -4.80130024E-04
   148.250000      -2.05191085E-04
   148.750000       9.70725887E-05
   149.250000       4.26190731E-04
   149.750000       7.85344688E-04
   150.250000       1.17697113E-03
   150.750000       1.60427589E-03
   151.250000       2.06714403E-03
   151.750000       2.56299274E-03
   152.250000       3.08789010E-03
   152.750000       3.63610755E-03
   153.250000       4.20316681E-03
   153.750000       4.78515634E-03
   154.250000       5.38219605E-03
   154.750000       5.99581422E-03
   155.250000       6.62986422E-03
   155.750000       7.28676002E-03
   156.250000       7.96869304E-03
   156.750000       8.67592823E-03
   157.250000       9.40384250E-03
   157.750000       1.01486547E-02
   158.250000       1.09046027E-02
   158.750000       1.16674881E-02
   159.250000       1.24350134E-02
   159.750000       1.32086482E-02
   160.250000       1.39908921E-02
   160.750000       1.47861838E-02
   161.250000       1.55982729E-02
   161.750000       1.64297279E-02
   162.250000       1.72797535E-02
   162.750000       1.81455258E-02
   163.250000       1.90216675E-02
   163.750000       1.99031532E-02
   164.250000       2.07849685E-02
   164.750000       2.16658544E-02
   165.250000       2.25457214E-02
   165.750000       2.34285221E-02
   166.250000       2.43192576E-02
   166.750000       2.52226647E-02
   167.250000       2.61425357E-02
   167.750000       2.70794779E-02
   168.250000       2.80307028E-02
   168.750000       2.89920270E-02
   169.250000       2.99564376E-02
   169.750000       3.09187882E-02
   170.250000       3.18759196E-02
   170.750000       3.28266695E-02
   171.250000       3.37737650E-02
   171.750000       3.47240977E-02
   172.250000       3.56823578E-02
   172.750000       3.66544984E-02
   173.250000       3.76439542E-02
   173.750000       3.86497155E-02
   174.250000       3.96677069E-02
   174.750000       4.06920239E-02
   175.250000       4.17155065E-02
   175.750000       4.27318737E-02
   176.250000       4.37373370E-02
   176.750000       4.47334982E-02
   177.250000       4.57232408E-02
   177.750000       4.67147231E-02
   178.250000       4.77152951E-02
   178.750000       4.87309992E-02
   179.250000       4.97660488E-02
   179.750000       5.08187860E-02
   180.250000       5.18845953E-02
   180.750000       5.29561155E-02
   181.250000       5.40234894E-02
   181.750000       5.50800934E-02
   182.250000       5.61208427E-02
   182.750000       5.71465939E-02
   183.250000       5.81628159E-02
   183.750000       5.91772124E-02
   184.250000       6.02003820E-02
   184.750000       6.12404719E-02
   185.250000       6.23028465E-02
   185.750000       6.33871257E-02
   186.250000       6.44884631E-02
   186.750000       6.55976459E-02
   187.250000       6.67025074E-02
   187.750000       6.77935556E-02
   188.250000       6.88634813E-02
   188.750000       6.99110553E-02
   189.250000       7.09415823E-02
   189.750000       7.19650388E-02
   190.250000       7.29936659E-02
   190.750000       7.40402788E-02
   191.250000       7.51129612E-02
   191.750000       7.62145892E-02
   192.250000       7.73407817E-02
   192.750000       7.84804896E-02
   193.250000       7.96195939E-02
   193.750000       8.07437301E-02
   194.250000       8.18407759E-02
   194.750000       8.29072371E-02
   195.250000       8.39459673E-02
   195.750000       8.49680528E-02
   196.250000       8.59894231E-02
   196.750000       8.70277584E-02
   197.250000       8.80968273E-02
   197.750000       8.92029777E-02
   198.250000       9.03439149E-02
   198.750000       9.15071964E-02
   199.250000       9.26745310E-02
   199.750000       9.38253179E-02
   200.250000       9.49421078E-02
   200.750000       9.60154310E-02
   201.250000       9.70479846E-02
   201.750000       9.80543941E-02
   202.250000       9.90571976E-02
   202.750000      0.100082479    
   203.250000      0.101152934    
   203.750000      0.102278993    
   204.250000      0.103458606    
   204.750000      0.104669861    
   205.250000      0.105882429    
   205.750000      0.107056826    
   206.250000      0.108161598    
   206.750000      0.109178632    
   207.250000      0.110113025    
   207.750000      0.110995345    
   208.250000      0.111877210    
   208.750000      0.112820864    
   209.250000      0.113882594    
   209.750000      0.115098640    
   210.250000      0.116468795    
   210.750000      0.117950991    
   211.250000      0.119461671    
   211.750000      0.120891303    
   212.250000      0.122125119    
   212.750000      0.123076804    
   213.250000      0.123713814    
   213.750000      0.124077983    
   214.250000      0.124289118    
   214.750000      0.124529898    
   215.250000      0.125012398    
   215.750000      0.125935480    
   216.250000      0.127434239    
   216.750000      0.129537955    
   217.250000      0.132138044    
   217.750000      0.134983316    
   218.250000      0.137704909    
   218.750000      0.139878139    
   219.250000      0.141121924    
   219.750000      0.141202927    
   220.250000      0.140124351    
   220.750000      0.138156891    
   221.250000      0.135810569    
   221.750000      0.133743316    
   222.250000      0.132649019    
   222.750000      0.133135200    
   223.250000      0.135608390    
   223.750000      0.140173286    
   224.250000      0.146535471    
   224.750000      0.153938711    
   225.250000      0.161185786    
   225.750000      0.166808680    
   226.250000      0.169417396    
   226.750000      0.168139428    
   227.250000      0.162964925    
   227.750000      0.154803306    
   228.250000      0.145235628    
   228.750000      0.136105612    
   229.250000      0.129163429    
   229.750000      0.125865266    
   230.250000      0.127300307    
   230.750000      0.134138718    
   231.250000      0.146482885    
   231.750000      0.163546324    
   232.250000      0.183223233    
   232.750000      0.201858371    
   233.250000      0.214760438    
   233.750000      0.217777029    
   234.250000      0.209283203    
   234.750000      0.191096634    
   235.250000      0.167516217    
   235.750000      0.143341914    
   236.250000      0.122380570    
   236.750000      0.107052408    
   237.250000       9.87603366E-02
   237.750000       9.84546989E-02
   238.250000      0.107043989    
   238.750000      0.125465423    
   239.250000      0.154223189    
   239.750000      0.192129880    
   240.250000      0.234309569    
   240.750000      0.270846039    
   241.250000      0.289153308    
   241.750000      0.281131893    
   242.250000      0.249290958    
   242.750000      0.204710618    
   243.250000      0.159317255    
   243.750000      0.120590128    
   244.250000       9.12971720E-02
   244.750000       7.15238675E-02
   245.250000       6.05260544E-02
   245.750000       5.77991419E-02
   246.250000       6.35948330E-02
   246.750000       7.91534483E-02
   247.250000      0.106690250    
   247.750000      0.148824602    
   248.250000      0.206578687    
   248.750000      0.274886608    
   249.250000      0.337309033    
   249.750000      0.368677646    
   250.250000      0.352520406    
   250.750000      0.296894521    
   251.250000      0.226233348    
   251.750000      0.161181226    
   252.250000      0.110312231    
   252.750000       7.38195926E-02
   253.250000       4.88014556E-02
   253.750000       3.20580751E-02
   254.250000       2.09971610E-02
   254.750000       1.37410639E-02
   255.250000       8.99790041E-03
   255.750000       5.90190664E-03
   256.250000       3.88119346E-03
   256.750000       2.56103696E-03
   257.250000       1.69702759E-03
   257.750000       1.13013212E-03
   258.250000       7.56982656E-04
   258.750000       5.10397658E-04
   259.250000       3.46688263E-04
   259.750000       2.37408691E-04
   260.250000       1.64007157E-04
   260.750000       1.14357004E-04
   261.250000       8.05099698E-05
   261.750000       5.72388344E-05
   262.250000       4.10924804E-05
   262.750000       2.97816387E-05
   263.250000       2.17796260E-05
   263.750000       1.60619493E-05
   264.250000       1.19363058E-05
   264.750000       8.93119523E-06
   265.250000       6.72273427E-06
   265.750000       5.08637731E-06
   266.250000       3.86492002E-06
   266.750000       2.94718552E-06
   267.250000       2.25373651E-06
   267.750000       1.72724128E-06
   268.250000       1.32590947E-06
   268.750000       1.01899832E-06
   269.250000       7.83697885E-07
   269.750000       6.02951843E-07
   270.250000       4.63918553E-07
   270.750000       3.56872391E-07
   271.250000       2.74410723E-07
   271.750000       2.10875825E-07
   272.250000       1.61928426E-07
   272.750000       1.24232344E-07
   273.250000       9.52171888E-08
   273.750000       7.28999083E-08
   274.250000       5.57491049E-08
   274.750000       4.25816289E-08
   275.250000       3.24831966E-08
   275.750000       2.47474183E-08
   276.250000       1.88287643E-08
   276.750000       1.43061598E-08
   277.250000       1.08548690E-08
   277.750000       8.22468937E-09
   278.250000       6.22303542E-09
   278.750000       4.70185046E-09
   279.250000       3.54745033E-09
   279.750000       2.67265410E-09
   280.250000       2.01070049E-09
   280.750000       1.51052992E-09
   281.250000       1.13315468E-09
   281.750000       8.48842996E-10
   282.250000       6.34958197E-10
   282.750000       4.74289941E-10
   283.250000       3.53773733E-10
   283.750000       2.63506938E-10
   284.250000       1.95995289E-10
   284.750000       1.45575649E-10
   285.250000       1.07975191E-10
   285.750000       7.99749711E-11
   286.250000       5.91536889E-11
   286.750000       4.36928271E-11
   287.250000       3.22286503E-11
   287.750000       2.37400030E-11
   288.250000       1.74634144E-11
   288.750000       1.28289306E-11
   289.250000       9.41169712E-12
   289.750000       6.89548332E-12
   290.250000       5.04526542E-12
   290.750000       3.68662696E-12
   291.250000       2.69031715E-12
   291.750000       1.96069419E-12
   292.250000       1.42709206E-12
   292.750000       1.03736811E-12
   293.250000       7.53105477E-13
   293.750000       5.46039667E-13
   294.250000       3.95403924E-13
   294.750000       2.85962877E-13
   295.250000       2.06553768E-13
   295.750000       1.49009819E-13
   296.250000       1.07363784E-13
   296.750000       7.72619002E-14
   297.250000       5.55316393E-14
   297.750000       3.98644977E-14
   298.250000       2.85828761E-14
   298.750000       2.04692728E-14
   299.250000       1.46412762E-14
   299.750000       1.04601572E-14
   300.250000       7.46420595E-15
   300.750000       5.32007757E-15
   301.250000       3.78742608E-15
   301.750000       2.69317937E-15
   302.250000       1.91286382E-15
   302.750000       1.35707405E-15
   303.250000       9.61671022E-16
   303.750000       6.80700187E-16
   304.250000       4.81276233E-16
   304.750000       3.39895158E-16
   305.250000       2.39778510E-16
   305.750000       1.68963552E-16
   306.250000       1.18931274E-16
   306.750000       8.36222755E-17
   307.250000       5.87318220E-17
   307.750000       4.12053206E-17
   308.250000       2.88777950E-17
   308.750000       2.02166052E-17
   309.250000       1.41380188E-17
   309.750000       9.87660269E-18
   310.250000       6.89235714E-18
   310.750000       4.80476048E-18
   311.250000       3.34596895E-18
   311.750000       2.32766680E-18
   312.250000       1.61759884E-18
   312.750000       1.12298640E-18
   313.250000       7.78814690E-19
   313.750000       5.39575497E-19
   314.250000       3.73448834E-19
   314.750000       2.58210038E-19
   315.250000       1.78353078E-19
   315.750000       1.23071021E-19
   316.250000       8.48401026E-20
   316.750000       5.84276958E-20
   317.250000       4.01986126E-20
   317.750000       2.76299456E-20
   318.250000       1.89726620E-20
   318.750000       1.30154002E-20
   319.250000       8.92011216E-21
   319.750000       6.10757166E-21
   320.250000       4.17786632E-21
   320.750000       2.85515929E-21
   321.250000       1.94938682E-21
   321.750000       1.32971879E-21
   322.250000       9.06186458E-22
   322.750000       6.16983437E-22
   323.250000       4.19690864E-22
   323.750000       2.85225118E-22
   324.250000       1.93664557E-22
   324.750000       1.31376807E-22
   325.250000       8.90420625E-23
   325.750000       6.02950939E-23
   326.250000       4.07925338E-23
   326.750000       2.75735759E-23
   327.250000       1.86217969E-23
   327.750000       1.25651469E-23
   328.250000       8.47097063E-24
   328.750000       5.70584868E-24
   329.250000       3.83999345E-24
   329.750000       2.58205711E-24
   330.250000       1.73471460E-24
   330.750000       1.16444488E-24
   331.250000       7.80980678E-25
   331.750000       5.23351969E-25
   332.250000       3.50413986E-25
   332.750000       2.34425351E-25
   333.250000       1.56698689E-25
   333.750000       1.04656253E-25
   334.250000       6.98402472E-26
   334.750000       4.65681479E-26
   335.250000       3.10253262E-26
   335.750000       2.06533029E-26
   336.250000       1.37375797E-26
   336.750000       9.13019369E-27
   337.250000       6.06318107E-27
   337.750000       4.02321681E-27
   338.250000       2.66747422E-27
   338.750000       1.76718729E-27
   339.250000       1.16982805E-27
   339.750000       7.73784533E-28
   340.250000       5.11420778E-28
   340.750000       3.37752308E-28
   341.250000       2.22885369E-28
   341.750000       1.46970266E-28
   342.250000       9.68375391E-29
   342.750000       6.37566770E-29
   343.250000       4.19446808E-29
   343.750000       2.75739302E-29
   344.250000       1.81130913E-29
   344.750000       1.18894080E-29
   345.250000       7.79835065E-30
   345.750000       5.11118636E-30
   346.250000       3.34748442E-30
   346.750000       2.19075923E-30
   347.250000       1.43268687E-30
   347.750000       9.36245986E-31
   348.250000       6.11381242E-31
   348.750000       3.98950463E-31
   349.250000       2.60142824E-31
   349.750000       1.69508789E-31
   350.250000       1.10372631E-31
   350.750000       7.18159105E-32
   351.250000       4.66950878E-32
   351.750000       3.03399265E-32
   352.250000       1.96993502E-32
   352.750000       1.27815791E-32
   353.250000       8.28731305E-33
   353.750000       5.36958509E-33
   354.250000       3.47669646E-33
   354.750000       2.24953766E-33
   355.250000       1.45452512E-33
   355.750000       9.39835927E-34
   356.250000       6.06857729E-34
   356.750000       3.91585821E-34
   357.250000       2.52507069E-34
   357.750000       1.62715062E-34
   358.250000       1.04782992E-34
   358.750000       6.74316595E-35
   359.250000       4.33658664E-35
   359.750000       2.78704975E-35
   360.250000       1.79000727E-35
   360.750000       1.14889305E-35
   361.250000       7.36919805E-36
   361.750000       4.72365094E-36
   362.250000       3.02589207E-36
   362.750000       1.93708325E-36
   363.250000       1.23926298E-36
   363.750000       7.92318815E-37
   364.250000       5.06243038E-37
   364.750000       3.23252382E-37
   365.250000       2.06276201E-37
   365.750000       1.31547353E-37
   366.250000       8.38382354E-38
   366.750000       5.33986024E-38
   367.250000       3.39896377E-38
   367.750000       2.16218714E-38
   368.250000       1.37458271E-38
   368.750000       8.73334885E-39
   369.250000       5.54528134E-39
   369.750000       3.51885102E-39
   370.250000       2.23158182E-39
   370.750000       1.41435857E-39
   371.250000       8.95872529E-40
   371.750000       5.67104087E-40
   372.250000       3.58777248E-40
   372.750000       2.26847801E-40
   373.250000       1.43336017E-40
   373.750000       9.05224795E-41
   374.250000       5.71309384E-41
   374.750000       3.60385939E-41
   375.250000       2.27136468E-41
   375.750000       1.43072573E-41
   376.250000       9.00334263E-42
   376.750000       5.66685099E-42
   377.250000       3.55929810E-42
   377.750000       2.23927495E-42
   378.250000       1.39709457E-42
   378.750000       8.77212839E-43
   379.250000       5.47907700E-43
   379.750000       3.43318124E-43
   380.250000       2.11596068E-43
   380.750000       1.33123354E-43
   381.250000       7.84727140E-44
   381.750000       5.04467447E-44
   382.250000       2.94272678E-44
   382.750000       1.68155816E-44
   383.250000       9.80908925E-45
   383.750000       5.60519386E-45
   384.250000       0.00000000    
   384.750000       0.00000000    
   385.250000       0.00000000    
   385.750000       0.00000000    
   386.250000       0.00000000    
   386.750000       0.00000000    
   387.250000       0.00000000    
   387.750000       0.00000000    
   388.250000       0.00000000    
   388.750000       0.00000000    
   389.250000       0.00000000    
   389.750000       0.00000000    
   390.250000       0.00000000    
   390.750000       0.00000000    
   391.250000       0.00000000    
   391.750000       0.00000000    
   392.250000       0.00000000    
   392.750000       0.00000000    
   393.250000       0.00000000    
   393.750000       0.00000000    
   394.250000       0.00000000    
   394.750000       0.00000000    
   395.250000       0.00000000    
   395.750000       0.00000000    
   396.250000       0.00000000    
   396.750000       0.00000000    
   397.250000       0.00000000    
   397.750000       0.00000000    
   398.250000       0.00000000    
   398.750000       0.00000000    
   399.250000       0.00000000    
   399.750000       0.00000000    
   400.250000       0.00000000    
   400.750000       0.00000000    
   401.250000       0.00000000    
   401.750000       0.00000000    
   402.250000       0.00000000    
   402.750000       0.00000000    
   403.250000       0.00000000    
   403.750000       0.00000000    
   404.250000       0.00000000    
   404.750000       0.00000000    
   405.250000       0.00000000    
   405.750000       0.00000000    
   406.250000       0.00000000    
   406.750000       0.00000000    
   407.250000       0.00000000    
   407.750000       0.00000000    
   408.250000       0.00000000    
   408.750000       0.00000000    
   409.250000       0.00000000    
   409.750000       0.00000000    
   410.250000       0.00000000    
   410.750000       0.00000000    
   411.250000       0.00000000    
   411.750000       0.00000000    
   412.250000       0.00000000    
   412.750000       0.00000000    
   413.250000       0.00000000    
   413.750000       0.00000000    
   414.250000       0.00000000    
   414.750000       0.00000000    
   415.250000       0.00000000    
   415.750000       0.00000000    
   416.250000       0.00000000    
   416.750000       0.00000000    
   417.250000       0.00000000    
   417.750000       0.00000000    
   418.250000       0.00000000    
   418.750000       0.00000000    
   419.250000       0.00000000    
   419.750000       0.00000000    
   420.250000       0.00000000    
   420.750000       0.00000000    
   421.250000       0.00000000    
   421.750000       0.00000000    
   422.250000       0.00000000    
   422.750000       0.00000000    
   423.250000       0.00000000    
   423.750000       0.00000000    
   424.250000       0.00000000    
   424.750000       0.00000000    
   425.250000       0.00000000    
   425.750000       0.00000000    
   426.250000       0.00000000    
   426.750000       0.00000000    
   427.250000       0.00000000    
   427.750000       0.00000000    
   428.250000       0.00000000    
   428.750000       0.00000000    
   429.250000       0.00000000    
   429.750000       0.00000000    
   430.250000       0.00000000    
   430.750000       0.00000000    
   431.250000       0.00000000    
   431.750000       0.00000000    
   432.250000       0.00000000    
   432.750000       0.00000000    
   433.250000       0.00000000    
   433.750000       0.00000000    
   434.250000       0.00000000    
   434.750000       0.00000000    
   435.250000       0.00000000    
   435.750000       0.00000000    
   436.250000       0.00000000    
   436.750000       0.00000000    
   437.250000       0.00000000    
   437.750000       0.00000000    
   438.250000       0.00000000    
   438.750000       0.00000000    
   439.250000       0.00000000    
   439.750000       0.00000000    
   440.250000       0.00000000    
   440.750000       0.00000000    
   441.250000       0.00000000    
   441.750000       0.00000000    
   442.250000       0.00000000    
   442.750000       0.00000000    
   443.250000       0.00000000    
   443.750000       0.00000000    
   444.250000       0.00000000    
   444.750000       0.00000000    
   445.250000       0.00000000    
   445.750000       0.00000000    
   446.250000       0.00000000    
   446.750000       0.00000000    
   447.250000       0.00000000    
   447.750000       0.00000000    
   448.250000       0.00000000    
   448.750000       0.00000000    
   449.250000       0.00000000    
   449.750000       0.00000000    
   450.250000       0.00000000    
   450.750000       0.00000000    
   451.250000       0.00000000    
   451.750000       0.00000000    
   452.250000       0.00000000    
   452.750000       0.00000000    
   453.250000       0.00000000    
   453.750000       0.00000000    
   454.250000       0.00000000    
   454.750000       0.00000000    
   455.250000       0.00000000    
   455.750000       0.00000000    
   456.250000       0.00000000    
   456.750000       0.00000000    
   457.250000       0.00000000    
   457.750000       0.00000000    
   458.250000       0.00000000    
   458.750000       0.00000000    
   459.250000       0.00000000    
   459.750000       0.00000000    
   460.250000       0.00000000    
   460.750000       0.00000000    
   461.250000       0.00000000    
   461.750000       0.00000000    
   462.250000       0.00000000    
   462.750000       0.00000000    
   463.250000       0.00000000    
   463.750000       0.00000000    
   464.250000       0.00000000    
   464.750000       0.00000000    
   465.250000       0.00000000    
   465.750000       0.00000000    
   466.250000       0.00000000    
   466.750000       0.00000000    
   467.250000       0.00000000    
   467.750000       0.00000000    
   468.250000       0.00000000    
   468.750000       0.00000000    
   469.250000       0.00000000    
   469.750000       0.00000000    
   470.250000       0.00000000    
   470.750000       0.00000000    
   471.250000       0.00000000    
   471.750000       0.00000000    
   472.250000       0.00000000    
   472.750000       0.00000000    
   473.250000       0.00000000    
   473.750000       0.00000000    
   474.250000       0.00000000    
   474.750000       0.00000000    
   475.250000       0.00000000    
   475.750000       0.00000000    
   476.250000       0.00000000    
   476.750000       0.00000000    
   477.250000       0.00000000    
   477.750000       0.00000000    
   478.250000       0.00000000    
   478.750000       0.00000000    
   479.250000       0.00000000    
   479.750000       0.00000000    
   480.250000       0.00000000    
   480.750000       0.00000000    
   481.250000       0.00000000    
   481.750000       0.00000000    
   482.250000       0.00000000    
   482.750000       0.00000000    
   483.250000       0.00000000    
   483.750000       0.00000000    
   484.250000       0.00000000    
   484.750000       0.00000000    
   485.250000       0.00000000    
   485.750000       0.00000000    
   486.250000       0.00000000    
   486.750000       0.00000000    
   487.250000       0.00000000    
   487.750000       0.00000000    
   488.250000       0.00000000    
   488.750000       0.00000000    
   489.250000       0.00000000    
   489.750000       0.00000000    
   490.250000       0.00000000    
   490.750000       0.00000000    
   491.250000       0.00000000    
   491.750000       0.00000000    
   492.250000       0.00000000    
   492.750000       0.00000000    
   493.250000       0.00000000    
   493.750000       0.00000000    
   494.250000       0.00000000    
   494.750000       0.00000000    
   495.250000       0.00000000    
   495.750000       0.00000000    
   496.250000       0.00000000    
   496.750000       0.00000000    
   497.250000       0.00000000    
   497.750000       0.00000000    
   498.250000       0.00000000    
   498.750000       0.00000000    
   499.250000       0.00000000    
   499.750000       0.00000000    
   500.250000       0.00000000    
   500.750000       0.00000000    
   501.250000       0.00000000    
   501.750000       0.00000000    
   502.250000       0.00000000    
   502.750000       0.00000000    
   503.250000       0.00000000    
   503.750000       0.00000000    
   504.250000       0.00000000    
   504.750000       0.00000000    
   505.250000       0.00000000    
   505.750000       0.00000000    
   506.250000       0.00000000    
   506.750000       0.00000000    
   507.250000       0.00000000    
   507.750000       0.00000000    
   508.250000       0.00000000    
   508.750000       0.00000000    
   509.250000       0.00000000    
   509.750000       0.00000000    
   510.250000       0.00000000    
   510.750000       0.00000000    
   511.250000       0.00000000    
   511.750000       0.00000000    
   512.250000       0.00000000    
   512.750000       0.00000000    
   513.250000       0.00000000    
   513.750000       0.00000000    
   514.250000       0.00000000    
   514.750000       0.00000000    
   515.250000       0.00000000    
   515.750000       0.00000000    
   516.250000       0.00000000    
   516.750000       0.00000000    
   517.250000       0.00000000    
   517.750000       0.00000000    
   518.250000       0.00000000    
   518.750000       0.00000000    
   519.250000       0.00000000    
   519.750000       0.00000000    
   520.250000       0.00000000    
   520.750000       0.00000000    
   521.250000       0.00000000    
   521.750000       0.00000000    
   522.250000       0.00000000    
   522.750000       0.00000000    
   523.250000       0.00000000    
   523.750000       0.00000000    
   524.250000       0.00000000    
   524.750000       0.00000000    
   525.250000       0.00000000    
   525.750000       0.00000000    
   526.250000       0.00000000    
   526.750000       0.00000000    
   527.250000       0.00000000    
   527.750000       0.00000000    
   528.250000       0.00000000    
   528.750000       0.00000000    
   529.250000       0.00000000    
   529.750000       0.00000000    
   530.250000       0.00000000    
   530.750000       0.00000000    
   531.250000       0.00000000    
   531.750000       0.00000000    
   532.250000       0.00000000    
   532.750000       0.00000000    
   533.250000       0.00000000    
   533.750000       0.00000000    
   534.250000       0.00000000    
   534.750000       0.00000000    
   535.250000       0.00000000    
   535.750000       0.00000000    
   536.250000       0.00000000    
   536.750000       0.00000000    
   537.250000       0.00000000    
   537.750000       0.00000000    
   538.250000       0.00000000    
   538.750000       0.00000000    
   539.250000       0.00000000    
   539.750000       0.00000000    
   540.250000       0.00000000    
   540.750000       0.00000000    
   541.250000       0.00000000    
   541.750000       0.00000000    
   542.250000       0.00000000    
   542.750000       0.00000000    
   543.250000       0.00000000    
   543.750000       0.00000000    
   544.250000       0.00000000    
   544.750000       0.00000000    
   545.250000       0.00000000    
   545.750000       0.00000000    
   546.250000       0.00000000    
   546.750000       0.00000000    
   547.250000       0.00000000    
   547.750000       0.00000000    
   548.250000       0.00000000    
   548.750000       0.00000000    
   549.250000       0.00000000    
   549.750000       0.00000000    
   550.250000       0.00000000    
   550.750000       0.00000000    
   551.250000       0.00000000    
   551.750000       0.00000000    
   552.250000       0.00000000    
   552.750000       0.00000000    
   553.250000       0.00000000    
   553.750000       0.00000000    
   554.250000       0.00000000    
   554.750000       0.00000000    
   555.250000       0.00000000    
   555.750000       0.00000000    
   556.250000       0.00000000    
   556.750000       0.00000000    
   557.250000       0.00000000    
   557.750000       0.00000000    
   558.250000       0.00000000    
   558.750000       0.00000000    
   559.250000       0.00000000    
   559.750000       0.00000000    
   560.250000       0.00000000    
   560.750000       0.00000000    
   561.250000       0.00000000    
   561.750000       0.00000000    
   562.250000       0.00000000    
   562.750000       0.00000000    
   563.250000       0.00000000    
   563.750000       0.00000000    
   564.250000       0.00000000    
   564.750000       0.00000000    
   565.250000       0.00000000    
   565.750000       0.00000000    
   566.250000       0.00000000    
   566.750000       0.00000000    
   567.250000       0.00000000    
   567.750000       0.00000000    
   568.250000       0.00000000    
   568.750000       0.00000000    
   569.250000       0.00000000    
   569.750000       0.00000000    
   570.250000       0.00000000    
   570.750000       0.00000000    
   571.250000       0.00000000    
   571.750000       0.00000000    
   572.250000       0.00000000    
   572.750000       0.00000000    
   573.250000       0.00000000    
   573.750000       0.00000000    
   574.250000       0.00000000    
   574.750000       0.00000000    
   575.250000       0.00000000    
   575.750000       0.00000000    
   576.250000       0.00000000    
   576.750000       0.00000000    
   577.250000       0.00000000    
   577.750000       0.00000000    
   578.250000       0.00000000    
   578.750000       0.00000000    
   579.250000       0.00000000    
   579.750000       0.00000000    
   580.250000       0.00000000    
   580.750000       0.00000000    
   581.250000       0.00000000    
   581.750000       0.00000000    
   582.250000       0.00000000    
   582.750000       0.00000000    
   583.250000       0.00000000    
   583.750000       0.00000000    
   584.250000       0.00000000    
   584.750000       0.00000000    
   585.250000       0.00000000    
   585.750000       0.00000000    
   586.250000       0.00000000    
   586.750000       0.00000000    
   587.250000       0.00000000    
   587.750000       0.00000000    
   588.250000       0.00000000    
   588.750000       0.00000000    
   589.250000       0.00000000    
   589.750000       0.00000000    
   590.250000       0.00000000    
   590.750000       0.00000000    
   591.250000       0.00000000    
   591.750000       0.00000000    
   592.250000       0.00000000    
   592.750000       0.00000000    
   593.250000       0.00000000    
   593.750000       0.00000000    
   594.250000       0.00000000    
   594.750000       0.00000000    
   595.250000       0.00000000    
   595.750000       0.00000000    
   596.250000       0.00000000    
   596.750000       0.00000000    
   597.250000       0.00000000    
   597.750000       0.00000000    
   598.250000       0.00000000    
   598.750000       0.00000000    
   599.250000       0.00000000    
   599.750000       0.00000000    
   600.250000       0.00000000    
   600.750000       0.00000000    
   601.250000       0.00000000    
   601.750000       0.00000000    
   602.250000       0.00000000    
   602.750000       0.00000000    
   603.250000       0.00000000    
   603.750000       0.00000000    
   604.250000       0.00000000    
   604.750000       0.00000000    
   605.250000       0.00000000    
   605.750000       0.00000000    
   606.250000       0.00000000    
   606.750000       0.00000000    
   607.250000       0.00000000    
   607.750000       0.00000000    
   608.250000       0.00000000    
   608.750000       0.00000000    
   609.250000       0.00000000    
   609.750000       0.00000000    
   610.250000       0.00000000    
   610.750000       0.00000000    
   611.250000       0.00000000    
   611.750000       0.00000000    
   612.250000       0.00000000    
   612.750000       0.00000000    
   613.250000       0.00000000    
   613.750000       0.00000000    
   614.250000       0.00000000    
   614.750000       0.00000000    
   615.250000       0.00000000    
   615.750000       0.00000000    
   616.250000       0.00000000    
   616.750000       0.00000000    
   617.250000       0.00000000    
   617.750000       0.00000000    
   618.250000       0.00000000    
   618.750000       0.00000000    
   619.250000       0.00000000    
   619.750000       0.00000000    
   620.250000       0.00000000    
   620.750000       0.00000000    
   621.250000       0.00000000    
   621.750000       0.00000000    
   622.250000       0.00000000    
   622.750000       0.00000000    
   623.250000       0.00000000    
   623.750000       0.00000000    
   624.250000       0.00000000    
   624.750000       0.00000000    
   625.250000       0.00000000    
   625.750000       0.00000000    
   626.250000       0.00000000    
   626.750000       0.00000000    
   627.250000       0.00000000    
   627.750000       0.00000000    
   628.250000       0.00000000    
   628.750000       0.00000000    
   629.250000       0.00000000    
   629.750000       0.00000000    
   630.250000       0.00000000    
   630.750000       0.00000000    
   631.250000       0.00000000    
   631.750000       0.00000000    
   632.250000       0.00000000    
   632.750000       0.00000000    
   633.250000       0.00000000    
   633.750000       0.00000000    
   634.250000       0.00000000    
   634.750000       0.00000000    
   635.250000       0.00000000    
   635.750000       0.00000000    
   636.250000       0.00000000    
   636.750000       0.00000000    
   637.250000       0.00000000    
   637.750000       0.00000000    
   638.250000       0.00000000    
   638.750000       0.00000000    
   639.250000       0.00000000    
   639.750000       0.00000000    
   640.250000       0.00000000    
   640.750000       0.00000000    
   641.250000       0.00000000    
   641.750000       0.00000000    
   642.250000       0.00000000    
   642.750000       0.00000000    
   643.250000       0.00000000    
   643.750000       0.00000000    
   644.250000       0.00000000    
   644.750000       0.00000000    
   645.250000       0.00000000    
   645.750000       0.00000000    
   646.250000       0.00000000    
   646.750000       0.00000000    
   647.250000       0.00000000    
   647.750000       0.00000000    
   648.250000       0.00000000    
   648.750000       0.00000000    
   649.250000       0.00000000    
   649.750000       0.00000000    
   650.250000       0.00000000    
   650.750000       0.00000000    
   651.250000       0.00000000    
   651.750000       0.00000000    
   652.250000       0.00000000    
   652.750000       0.00000000    
   653.250000       0.00000000    
   653.750000       0.00000000    
   654.250000       0.00000000    
   654.750000       0.00000000    
   655.250000       0.00000000    
   655.750000       0.00000000    
   656.250000       0.00000000    
   656.750000       0.00000000    
   657.250000       0.00000000    
   657.750000       0.00000000    
   658.250000       0.00000000    
   658.750000       0.00000000    
   659.250000       0.00000000    
   659.750000       0.00000000    
   660.250000       0.00000000    
   660.750000       0.00000000    
   661.250000       0.00000000    
   661.750000       0.00000000    
   662.250000       0.00000000    
   662.750000       0.00000000    
   663.250000       0.00000000    
   663.750000       0.00000000    
   664.250000       0.00000000    
   664.750000       0.00000000    
   665.250000       0.00000000    
   665.750000       0.00000000    
   666.250000       0.00000000    
   666.750000       0.00000000    
   667.250000       0.00000000    
   667.750000       0.00000000    
   668.250000       0.00000000    
   668.750000       0.00000000    
   669.250000       0.00000000    
   669.750000       0.00000000    
   670.250000       0.00000000    
   670.750000       0.00000000    
   671.250000       0.00000000    
   671.750000       0.00000000    
   672.250000       0.00000000    
   672.750000       0.00000000    
   673.250000       0.00000000    
   673.750000       0.00000000    
   674.250000       0.00000000    
   674.750000       0.00000000    
   675.250000       0.00000000    
   675.750000       0.00000000    
   676.250000       0.00000000    
   676.750000       0.00000000    
   677.250000       0.00000000    
   677.750000       0.00000000    
   678.250000       0.00000000    
   678.750000       0.00000000    
   679.250000       0.00000000    
   679.750000       0.00000000    
   680.250000       0.00000000    
   680.750000       0.00000000    
   681.250000       0.00000000    
   681.750000       0.00000000    
   682.250000       0.00000000    
   682.750000       0.00000000    
   683.250000       0.00000000    
   683.750000       0.00000000    
   684.250000       0.00000000    
   684.750000       0.00000000    
   685.250000       0.00000000    
   685.750000       0.00000000    
   686.250000       0.00000000    
   686.750000       0.00000000    
   687.250000       0.00000000    
   687.750000       0.00000000    
   688.250000       0.00000000    
   688.750000       0.00000000    
   689.250000       0.00000000    
   689.750000       0.00000000    
   690.250000       0.00000000    
   690.750000       0.00000000    
   691.250000       0.00000000    
   691.750000       0.00000000    
   692.250000       0.00000000    
   692.750000       0.00000000    
   693.250000       0.00000000    
   693.750000       0.00000000    
   694.250000       0.00000000    
   694.750000       0.00000000    
   695.250000       0.00000000    
   695.750000       0.00000000    
   696.250000       0.00000000    
   696.750000       0.00000000    
   697.250000       0.00000000    
   697.750000       0.00000000    
   698.250000       0.00000000    
   698.750000       0.00000000    
   699.250000       0.00000000    
   699.750000       0.00000000    
   700.250000       0.00000000    
   700.750000       0.00000000    
   701.250000       0.00000000    
   701.750000       0.00000000    
   702.250000       0.00000000    
   702.750000       0.00000000    
   703.250000       0.00000000    
   703.750000       0.00000000    
   704.250000       0.00000000    
   704.750000       0.00000000    
   705.250000       0.00000000    
   705.750000       0.00000000    
   706.250000       0.00000000    
   706.750000       0.00000000    
   707.250000       0.00000000    
   707.750000       0.00000000    
   708.250000       0.00000000    
   708.750000       0.00000000    
   709.250000       0.00000000    
   709.750000       0.00000000    
   710.250000       0.00000000    
   710.750000       0.00000000    
   711.250000       0.00000000    
   711.750000       0.00000000    
   712.250000       0.00000000    
   712.750000       0.00000000    
   713.250000       0.00000000    
   713.750000       0.00000000    
   714.250000       0.00000000    
   714.750000       0.00000000    
   715.250000       0.00000000    
   715.750000       0.00000000    
   716.250000       0.00000000    
   716.750000       0.00000000    
   717.250000       0.00000000    
   717.750000       0.00000000    
   718.250000       0.00000000    
   718.750000       0.00000000    
   719.250000       0.00000000    
   719.750000       0.00000000    
   720.250000       0.00000000    
   720.750000       0.00000000    
   721.250000       0.00000000    
   721.750000       0.00000000    
   722.250000       0.00000000    
   722.750000       0.00000000    
   723.250000       0.00000000    
   723.750000       0.00000000    
   724.250000       0.00000000    
   724.750000       0.00000000    
   725.250000       0.00000000    
   725.750000       0.00000000    
   726.250000       0.00000000    
   726.750000       0.00000000    
   727.250000       0.00000000    
   727.750000       0.00000000    
   728.250000       0.00000000    
   728.750000       0.00000000    
   729.250000       0.00000000    
   729.750000       0.00000000    
   730.250000       0.00000000    
   730.750000       0.00000000    
   731.250000       0.00000000    
   731.750000       0.00000000    
   732.250000       0.00000000    
   732.750000       0.00000000    
   733.250000       0.00000000    
   733.750000       0.00000000    
   734.250000       0.00000000    
   734.750000       0.00000000    
   735.250000       0.00000000    
   735.750000       0.00000000    
   736.250000       0.00000000    
   736.750000       0.00000000    
   737.250000       0.00000000    
   737.750000       0.00000000    
   738.250000       0.00000000    
   738.750000       0.00000000    
   739.250000       0.00000000    
   739.750000       0.00000000    
   740.250000       0.00000000    
   740.750000       0.00000000    
   741.250000       0.00000000    
   741.750000       0.00000000    
   742.250000       0.00000000    
   742.750000       0.00000000    
   743.250000       0.00000000    
   743.750000       0.00000000    
   744.250000       0.00000000    
   744.750000       0.00000000    
   745.250000       0.00000000    
   745.750000       0.00000000    
   746.250000       0.00000000    
   746.750000       0.00000000    
   747.250000       0.00000000    
   747.750000       0.00000000    
   748.250000       0.00000000    
   748.750000       0.00000000    
   749.250000       0.00000000    
   749.750000       0.00000000    
   750.250000       0.00000000    
   750.750000       0.00000000    
   751.250000       0.00000000    
   751.750000       0.00000000    
   752.250000       0.00000000    
   752.750000       0.00000000    
   753.250000       0.00000000    
   753.750000       0.00000000    
   754.250000       0.00000000    
   754.750000       0.00000000    
   755.250000       0.00000000    
   755.750000       0.00000000    
   756.250000       0.00000000    
   756.750000       0.00000000    
   757.250000       0.00000000    
   757.750000       0.00000000    
   758.250000       0.00000000    
   758.750000       0.00000000    
   759.250000       0.00000000    
   759.750000       0.00000000    
   760.250000       0.00000000    
   760.750000       0.00000000    
   761.250000       0.00000000    
   761.750000       0.00000000    
   762.250000       0.00000000    
   762.750000       0.00000000    
   763.250000       0.00000000    
   763.750000       0.00000000    
   764.250000       0.00000000    
   764.750000       0.00000000    
   765.250000       0.00000000    
   765.750000       0.00000000    
   766.250000       0.00000000    
   766.750000       0.00000000    
   767.250000       0.00000000    
   767.750000       0.00000000    
   768.250000       0.00000000    
   768.750000       0.00000000    
   769.250000       0.00000000    
   769.750000       0.00000000    
   770.250000       0.00000000    
   770.750000       0.00000000    
   771.250000       0.00000000    
   771.750000       0.00000000    
   772.250000       0.00000000    
   772.750000       0.00000000    
   773.250000       0.00000000    
   773.750000       0.00000000    
   774.250000       0.00000000    
   774.750000       0.00000000    
   775.250000       0.00000000    
   775.750000       0.00000000    
   776.250000       0.00000000    
   776.750000       0.00000000    
   777.250000       0.00000000    
   777.750000       0.00000000    
   778.250000       0.00000000    
   778.750000       0.00000000    
   779.250000       0.00000000    
   779.750000       0.00000000    
   780.250000       0.00000000    
   780.750000       0.00000000    
   781.250000       0.00000000    
   781.750000       0.00000000    
   782.250000       0.00000000    
   782.750000       0.00000000    
   783.250000       0.00000000    
   783.750000       0.00000000    
   784.250000       0.00000000    
   784.750000       0.00000000    
   785.250000       0.00000000    
   785.750000       0.00000000    
   786.250000       0.00000000    
   786.750000       0.00000000    
   787.250000       0.00000000    
   787.750000       0.00000000    
   788.250000       0.00000000    
   788.750000       0.00000000    
   789.250000       0.00000000    
   789.750000       0.00000000    
   790.250000       0.00000000    
   790.750000       0.00000000    
   791.250000       0.00000000    
   791.750000       0.00000000    
   792.250000       0.00000000    
   792.750000       0.00000000    
   793.250000       0.00000000    
   793.750000       0.00000000    
   794.250000       0.00000000    
   794.750000       0.00000000    
   795.250000       0.00000000    
   795.750000       0.00000000    
   796.250000       0.00000000    
   796.750000       0.00000000    
   797.250000       0.00000000    
   797.750000       0.00000000    
   798.250000       0.00000000    
   798.750000       0.00000000    
   799.250000       0.00000000    
   799.750000       0.00000000    
   800.250000       0.00000000    
   800.750000       0.00000000    
   801.250000       0.00000000    
   801.750000       0.00000000    
   802.250000       0.00000000    
   802.750000       0.00000000    
   803.250000       0.00000000    
   803.750000       0.00000000    
   804.250000       0.00000000    
   804.750000       0.00000000    
   805.250000       0.00000000    
   805.750000       0.00000000    
   806.250000       0.00000000    
   806.750000       0.00000000    
   807.250000       0.00000000    
   807.750000       0.00000000    
   808.250000       0.00000000    
   808.750000       0.00000000    
   809.250000       0.00000000    
   809.750000       0.00000000    
   810.250000       0.00000000    
   810.750000       0.00000000    
   811.250000       0.00000000    
   811.750000       0.00000000    
   812.250000       0.00000000    
   812.750000       0.00000000    
   813.250000       0.00000000    
   813.750000       0.00000000    
   814.250000       0.00000000    
   814.750000       0.00000000    
   815.250000       0.00000000    
   815.750000       0.00000000    
   816.250000       0.00000000    
   816.750000       0.00000000    
   817.250000       0.00000000    
   817.750000       0.00000000    
   818.250000       0.00000000    
   818.750000       0.00000000    
   819.250000       0.00000000    
   819.750000       0.00000000    
   820.250000       0.00000000    
   820.750000       0.00000000    
   821.250000       0.00000000    
   821.750000       0.00000000    
   822.250000       0.00000000    
   822.750000       0.00000000    
   823.250000       0.00000000    
   823.750000       0.00000000    
   824.250000       0.00000000    
   824.750000       0.00000000    
   825.250000       0.00000000    
   825.750000       0.00000000    
   826.250000       0.00000000    
   826.750000       0.00000000    
   827.250000       0.00000000    
   827.750000       0.00000000    
   828.250000       0.00000000    
   828.750000       0.00000000    
   829.250000       0.00000000    
   829.750000       0.00000000    
   830.250000       0.00000000    
   830.750000       0.00000000    
   831.250000       0.00000000    
   831.750000       0.00000000    
   832.250000       0.00000000    
   832.750000       0.00000000    
   833.250000       0.00000000    
   833.750000       0.00000000    
   834.250000       0.00000000    
   834.750000       0.00000000    
   835.250000       0.00000000    
   835.750000       0.00000000    
   836.250000       0.00000000    
   836.750000       0.00000000    
   837.250000       0.00000000    
   837.750000       0.00000000    
   838.250000       0.00000000    
   838.750000       0.00000000    
   839.250000       0.00000000    
   839.750000       0.00000000    
   840.250000       0.00000000    
   840.750000       0.00000000    
   841.250000       0.00000000    
   841.750000       0.00000000    
   842.250000       0.00000000    
   842.750000       0.00000000    
   843.250000       0.00000000    
   843.750000       0.00000000    
   844.250000       0.00000000    
   844.750000       0.00000000    
   845.250000       0.00000000    
   845.750000       0.00000000    
   846.250000       0.00000000    
   846.750000       0.00000000    
   847.250000       0.00000000    
   847.750000       0.00000000    
   848.250000       0.00000000    
   848.750000       0.00000000    
   849.250000       0.00000000    
   849.750000       0.00000000    
   850.250000       0.00000000    
   850.750000       0.00000000    
   851.250000       0.00000000    
   851.750000       0.00000000    
   852.250000       0.00000000    
   852.750000       0.00000000    
   853.250000       0.00000000    
   853.750000       0.00000000    
   854.250000       0.00000000    
   854.750000       0.00000000    
   855.250000       0.00000000    
   855.750000       0.00000000    
   856.250000       0.00000000    
   856.750000       0.00000000    
   857.250000       0.00000000    
   857.750000       0.00000000    
   858.250000       0.00000000    
   858.750000       0.00000000    
   859.250000       0.00000000    
   859.750000       0.00000000    
   860.250000       0.00000000    
   860.750000       0.00000000    
   861.250000       0.00000000    
   861.750000       0.00000000    
   862.250000       0.00000000    
   862.750000       0.00000000    
   863.250000       0.00000000    
   863.750000       0.00000000    
   864.250000       0.00000000    
   864.750000       0.00000000    
   865.250000       0.00000000    
   865.750000       0.00000000    
   866.250000       0.00000000    
   866.750000       0.00000000    
   867.250000       0.00000000    
   867.750000       0.00000000    
   868.250000       0.00000000    
   868.750000       0.00000000    
   869.250000       0.00000000    
   869.750000       0.00000000    
   870.250000       0.00000000    
   870.750000       0.00000000    
   871.250000       0.00000000    
   871.750000       0.00000000    
   872.250000       0.00000000    
   872.750000       0.00000000    
   873.250000       0.00000000    
   873.750000       0.00000000    
   874.250000       0.00000000    
   874.750000       0.00000000    
   875.250000       0.00000000    
   875.750000       0.00000000    
   876.250000       0.00000000    
   876.750000       0.00000000    
   877.250000       0.00000000    
   877.750000       0.00000000    
   878.250000       0.00000000    
   878.750000       0.00000000    
   879.250000       0.00000000    
   879.750000       0.00000000    
   880.250000       0.00000000    
   880.750000       0.00000000    
   881.250000       0.00000000    
   881.750000       0.00000000    
   882.250000       0.00000000    
   882.750000       0.00000000    
   883.250000       0.00000000    
   883.750000       0.00000000    
   884.250000       0.00000000    
   884.750000       0.00000000    
   885.250000       0.00000000    
   885.750000       0.00000000    
   886.250000       0.00000000    
   886.750000       0.00000000    
   887.250000       0.00000000    
   887.750000       0.00000000    
   888.250000       0.00000000    
   888.750000       0.00000000    
   889.250000       0.00000000    
   889.750000       0.00000000    
   890.250000       0.00000000    
   890.750000       0.00000000    
   891.250000       0.00000000    
   891.750000       0.00000000    
   892.250000       0.00000000    
   892.750000       0.00000000    
   893.250000       0.00000000    
   893.750000       0.00000000    
   894.250000       0.00000000    
   894.750000       0.00000000    
   895.250000       0.00000000    
   895.750000       0.00000000    
   896.250000       0.00000000    
   896.750000       0.00000000    
   897.250000       0.00000000    
   897.750000       0.00000000    
   898.250000       0.00000000    
   898.750000       0.00000000    
   899.250000       0.00000000    
   899.750000       0.00000000    
   900.250000       0.00000000    
   900.750000       0.00000000    
   901.250000       0.00000000    
   901.750000       0.00000000    
   902.250000       0.00000000    
   902.750000       0.00000000    
   903.250000       0.00000000    
   903.750000       0.00000000    
   904.250000       0.00000000    
   904.750000       0.00000000    
   905.250000       0.00000000    
   905.750000       0.00000000    
   906.250000       0.00000000    
   906.750000       0.00000000    
   907.250000       0.00000000    
   907.750000       0.00000000    
   908.250000       0.00000000    
   908.750000       0.00000000    
   909.250000       0.00000000    
   909.750000       0.00000000    
   910.250000       0.00000000    
   910.750000       0.00000000    
   911.250000       0.00000000    
   911.750000       0.00000000    
   912.250000       0.00000000    
   912.750000       0.00000000    
   913.250000       0.00000000    
   913.750000       0.00000000    
   914.250000       0.00000000    
   914.750000       0.00000000    
   915.250000       0.00000000    
   915.750000       0.00000000    
   916.250000       0.00000000    
   916.750000       0.00000000    
   917.250000       0.00000000    
   917.750000       0.00000000    
   918.250000       0.00000000    
   918.750000       0.00000000    
   919.250000       0.00000000    
   919.750000       0.00000000    
   920.250000       0.00000000    
   920.750000       0.00000000    
   921.250000       0.00000000    
   921.750000       0.00000000    
   922.250000       0.00000000    
   922.750000       0.00000000    
   923.250000       0.00000000    
   923.750000       0.00000000    
   924.250000       0.00000000    
   924.750000       0.00000000    
   925.250000       0.00000000    
   925.750000       0.00000000    
   926.250000       0.00000000    
   926.750000       0.00000000    
   927.250000       0.00000000    
   927.750000       0.00000000    
   928.250000       0.00000000    
   928.750000       0.00000000    
   929.250000       0.00000000    
   929.750000       0.00000000    
   930.250000       0.00000000    
   930.750000       0.00000000    
   931.250000       0.00000000    
   931.750000       0.00000000    
   932.250000       0.00000000    
   932.750000       0.00000000    
   933.250000       0.00000000    
   933.750000       0.00000000    
   934.250000       0.00000000    
   934.750000       0.00000000    
   935.250000       0.00000000    
   935.750000       0.00000000    
   936.250000       0.00000000    
   936.750000       0.00000000    
   937.250000       0.00000000    
   937.750000       0.00000000    
   938.250000       0.00000000    
   938.750000       0.00000000    
   939.250000       0.00000000    
   939.750000       0.00000000    
   940.250000       0.00000000    
   940.750000       0.00000000    
   941.250000       0.00000000    
   941.750000       0.00000000    
   942.250000       0.00000000    
   942.750000       0.00000000    
   943.250000       0.00000000    
   943.750000       0.00000000    
   944.250000       0.00000000    
   944.750000       0.00000000    
   945.250000       0.00000000    
   945.750000       0.00000000    
   946.250000       0.00000000    
   946.750000       0.00000000    
   947.250000       0.00000000    
   947.750000       0.00000000    
   948.250000       0.00000000    
   948.750000       0.00000000    
   949.250000       0.00000000    
   949.750000       0.00000000    
   950.250000       0.00000000    
   950.750000       0.00000000    
   951.250000       0.00000000    
   951.750000       0.00000000    
   952.250000       0.00000000    
   952.750000       0.00000000    
   953.250000       0.00000000    
   953.750000       0.00000000    
   954.250000       0.00000000    
   954.750000       0.00000000    
   955.250000       0.00000000    
   955.750000       0.00000000    
   956.250000       0.00000000    
   956.750000       0.00000000    
   957.250000       0.00000000    
   957.750000       0.00000000    
   958.250000       0.00000000    
   958.750000       0.00000000    
   959.250000       0.00000000    
   959.750000       0.00000000    
   960.250000       0.00000000    
   960.750000       0.00000000    
   961.250000       0.00000000    
   961.750000       0.00000000    
   962.250000       0.00000000    
   962.750000       0.00000000    
   963.250000       0.00000000    
   963.750000       0.00000000    
   964.250000       0.00000000    
   964.750000       0.00000000    
   965.250000       0.00000000    
   965.750000       0.00000000    
   966.250000       0.00000000    
   966.750000       0.00000000    
   967.250000       0.00000000    
   967.750000       0.00000000    
   968.250000       0.00000000    
   968.750000       0.00000000    
   969.250000       0.00000000    
   969.750000       0.00000000    
   970.250000       0.00000000    
   970.750000       0.00000000    
   971.250000       0.00000000    
   971.750000       0.00000000    
   972.250000       0.00000000    
   972.750000       0.00000000    
   973.250000       0.00000000    
   973.750000       0.00000000    
   974.250000       0.00000000    
   974.750000       0.00000000    
   975.250000       0.00000000    
   975.750000       0.00000000    
   976.250000       0.00000000    
   976.750000       0.00000000    
   977.250000       0.00000000    
   977.750000       0.00000000    
   978.250000       0.00000000    
   978.750000       0.00000000    
   979.250000       0.00000000    
   979.750000       0.00000000    
   980.250000       0.00000000    
   980.750000       0.00000000    
   981.250000       0.00000000    
   981.750000       0.00000000    
   982.250000       0.00000000    
   982.750000       0.00000000    
   983.250000       0.00000000    
   983.750000       0.00000000    
   984.250000       0.00000000    
   984.750000       0.00000000    
   985.250000       0.00000000    
   985.750000       0.00000000    
   986.250000       0.00000000    
   986.750000       0.00000000    
   987.250000       0.00000000    
   987.750000       0.00000000    
   988.250000       0.00000000    
   988.750000       0.00000000    
   989.250000       0.00000000    
   989.750000       0.00000000    
   990.250000       0.00000000    
   990.750000       0.00000000    
   991.250000       0.00000000    
   991.750000       0.00000000    
   992.250000       0.00000000    
   992.750000       0.00000000    
   993.250000       0.00000000    
   993.750000       0.00000000    
   994.250000       0.00000000    
   994.750000       0.00000000    
   995.250000       0.00000000    
   995.750000       0.00000000    
   996.250000       0.00000000    
   996.750000       0.00000000    
   997.250000       0.00000000    
   997.750000       0.00000000    
   998.250000       0.00000000    
   998.750000       0.00000000    
   999.250000       0.00000000    
   999.750000       0.00000000    
   1000.25000       0.00000000    
