   0.00000000       0.00000000    
  0.500000000      -5.06264587E-06
   1.00000000      -4.94061351E-06
   1.50000000       1.64757580E-07
   2.00000000       5.04931631E-06
   2.50000000       4.97335213E-06
   3.00000000       1.38094350E-07
   3.50000000      -4.83857775E-06
   4.00000000      -4.74184981E-06
   4.50000000       2.19905985E-07
   5.00000000       4.75594970E-06
   5.50000000       4.63290189E-06
   6.00000000       1.96253040E-07
   6.50000000      -3.90116656E-06
   7.00000000      -3.71754004E-06
   7.50000000      -2.64420748E-07
   8.00000000       3.01613886E-06
   8.50000000       3.40037650E-06
   9.00000000       1.38564133E-06
   9.50000000      -1.04290893E-06
   10.0000000      -1.88494676E-06
   10.5000000      -1.57211980E-06
   11.0000000      -5.06306151E-07
   11.5000000       1.14389366E-06
   12.0000000       3.04800210E-06
   12.5000000       3.60266358E-06
   13.0000000       1.11298709E-06
   13.5000000      -3.01557179E-06
   14.0000000      -4.66920983E-06
   14.5000000      -1.63319521E-06
   15.0000000       4.04542880E-06
   15.5000000       6.67730546E-06
   16.0000000       3.48800381E-06
   16.5000000      -2.27168471E-06
   17.0000000      -5.18897605E-06
   17.5000000      -3.37428082E-06
   18.0000000       1.04066635E-06
   18.5000000       3.77660581E-06
   19.0000000       4.20356764E-06
   19.5000000       3.46557681E-06
   20.0000000       1.14246166E-06
   20.5000000      -2.80147265E-06
   21.0000000      -5.37108144E-06
   21.5000000      -3.19134369E-06
   22.0000000       3.01603495E-06
   22.5000000       7.21207743E-06
   23.0000000       5.88918192E-06
   23.5000000       1.14583565E-06
   24.0000000      -2.83280565E-06
   24.5000000      -4.21032473E-06
   25.0000000      -3.48471394E-06
   25.5000000      -5.58305373E-07
   26.0000000       4.21950108E-06
   26.5000000       7.96443419E-06
   27.0000000       6.25137454E-06
   27.5000000       1.95531243E-07
   28.0000000      -4.36661048E-06
   28.5000000      -4.85902547E-06
   29.0000000      -3.28951387E-06
   29.5000000       2.33982519E-07
   30.0000000       5.69138410E-06
   30.5000000       8.72732289E-06
   31.0000000       6.17712612E-06
   31.5000000       3.42534122E-07
   32.0000000      -4.01864099E-06
   32.5000000      -5.84092049E-06
   33.0000000      -4.69310316E-06
   33.5000000       1.92701918E-07
   34.0000000       6.40715552E-06
   34.5000000       8.86338512E-06
   35.0000000       7.23033963E-06
   35.5000000       3.09909046E-06
   36.0000000      -2.57196393E-06
   36.5000000      -7.05014099E-06
   37.0000000      -6.13291559E-06
   37.5000000      -1.91967683E-06
   38.0000000       3.54091753E-06
   38.5000000       8.99664974E-06
   39.0000000       1.02220401E-05
   39.5000000       6.69260044E-06
   40.0000000       1.13230567E-06
   40.5000000      -4.93618427E-06
   41.0000000      -7.87412046E-06
   41.5000000      -6.01893817E-06
   42.0000000      -8.62200750E-07
   42.5000000       5.83612746E-06
   43.0000000       1.05216086E-05
   43.5000000       1.11746012E-05
   44.0000000       7.68902828E-06
   44.5000000       1.28365082E-06
   45.0000000      -5.22324171E-06
   45.5000000      -8.64074718E-06
   46.0000000      -7.38150084E-06
   46.5000000      -2.00188060E-06
   47.0000000       5.28759256E-06
   47.5000000       1.12634989E-05
   48.0000000       1.32814157E-05
   48.5000000       1.03500897E-05
   49.0000000       4.03817921E-06
   49.5000000      -3.39017561E-06
   50.0000000      -8.70751319E-06
   50.5000000      -9.88224838E-06
   51.0000000      -5.80184314E-06
   51.5000000       1.30542662E-06
   52.0000000       9.15625151E-06
   52.5000000       1.42628705E-05
   53.0000000       1.46698803E-05
   53.5000000       1.04709125E-05
   54.0000000       2.63641823E-06
   54.5000000      -5.51111725E-06
   55.0000000      -1.03042948E-05
   55.5000000      -1.09210050E-05
   56.0000000      -6.34846765E-06
   56.5000000       2.04773050E-06
   57.0000000       1.01674996E-05
   57.5000000       1.60198779E-05
   58.0000000       1.77989950E-05
   58.5000000       1.33711328E-05
   59.0000000       4.88829346E-06
   59.5000000      -3.46163279E-06
   60.0000000      -1.05891431E-05
   60.5000000      -1.36966664E-05
   61.0000000      -1.01118094E-05
   61.5000000      -1.95303801E-06
   62.0000000       6.83316921E-06
   62.5000000       1.53955207E-05
   63.0000000       2.07845333E-05
   63.5000000       1.94571148E-05
   64.0000000       1.23755053E-05
   64.5000000       3.29436853E-06
   65.0000000      -5.81984295E-06
   65.5000000      -1.38890782E-05
   66.0000000      -1.61390199E-05
   66.5000000      -1.11552163E-05
   67.0000000      -1.97523332E-06
   67.5000000       7.75362605E-06
   68.0000000       1.69514169E-05
   68.5000000       2.39032106E-05
   69.0000000       2.43859231E-05
   69.5000000       1.73775188E-05
   70.0000000       6.78758124E-06
   70.5000000      -3.39732924E-06
   71.0000000      -1.25329261E-05
   71.5000000      -1.83641914E-05
   72.0000000      -1.79021154E-05
   72.5000000      -9.64200080E-06
   73.0000000       2.54159022E-06
   73.5000000       1.36710460E-05
   74.0000000       2.26169632E-05
   74.5000000       2.86107297E-05
   75.0000000       2.87321127E-05
   75.5000000       2.08600250E-05
   76.0000000       7.84131862E-06
   76.5000000      -5.39330767E-06
   77.0000000      -1.48983536E-05
   77.5000000      -2.05378747E-05
   78.0000000      -2.18368968E-05
   78.5000000      -1.61959033E-05
   79.0000000      -3.55834118E-06
   79.5000000       1.22370247E-05
   80.0000000       2.51910860E-05
   80.5000000       3.23041095E-05
   81.0000000       3.42064704E-05
   81.5000000       3.12995144E-05
   82.0000000       2.23633197E-05
   82.5000000       7.32785111E-06
   83.0000000      -9.84408325E-06
   83.5000000      -2.26832890E-05
   84.0000000      -2.77894869E-05
   84.5000000      -2.57576448E-05
   85.0000000      -1.88165905E-05
   85.5000000      -7.57184762E-06
   86.0000000       7.96651875E-06
   86.5000000       2.56814637E-05
   87.0000000       4.00547906E-05
   87.5000000       4.59893927E-05
   88.0000000       4.23344500E-05
   88.5000000       3.21350126E-05
   89.0000000       1.86374564E-05
   89.5000000       3.09458483E-06
   90.0000000      -1.37338047E-05
   90.5000000      -2.93886023E-05
   91.0000000      -3.90437199E-05
   91.5000000      -3.80909114E-05
   92.0000000      -2.70348792E-05
   92.5000000      -9.82383244E-06
   93.0000000       8.78760875E-06
   93.5000000       2.62625599E-05
   94.0000000       4.18881355E-05
   94.5000000       5.43767201E-05
   95.0000000       6.03596563E-05
   95.5000000       5.58350257E-05
   96.0000000       4.04900711E-05
   96.5000000       1.81999458E-05
   97.0000000      -5.00718852E-06
   97.5000000      -2.45728570E-05
   98.0000000      -3.89782326E-05
   98.5000000      -4.80497984E-05
   99.0000000      -5.11113576E-05
   99.5000000      -4.57904644E-05
   100.000000      -3.01562650E-05
   100.500000      -5.44169961E-06
   101.000000       2.31926751E-05
   101.500000       4.87904290E-05
   102.000000       6.69520887E-05
   102.500000       7.62551572E-05
   103.000000       7.78203466E-05
   103.500000       7.23229969E-05
   104.000000       5.90917807E-05
   104.500000       3.70135713E-05
   105.000000       7.65024288E-06
   105.500000      -2.47033822E-05
   106.000000      -5.32730628E-05
   106.500000      -7.23725752E-05
   107.000000      -7.93069994E-05
   107.500000      -7.52339329E-05
   108.000000      -6.29026035E-05
   108.500000      -4.35865550E-05
   109.000000      -1.80015995E-05
   109.500000       1.40188986E-05
   110.000000       5.02199255E-05
   110.500000       8.49159042E-05
   111.000000       1.11897803E-04
   111.500000       1.25482562E-04
   112.000000       1.24184386E-04
   112.500000       1.09843961E-04
   113.000000       8.59954962E-05
   113.500000       5.60691697E-05
   114.000000       2.14831525E-05
   114.500000      -1.71715146E-05
   115.000000      -5.79417028E-05
   115.500000      -9.66154475E-05
   116.000000      -1.27240855E-04
   116.500000      -1.43756624E-04
   117.000000      -1.42838689E-04
   117.500000      -1.25161328E-04
   118.000000      -9.44180356E-05
   118.500000      -5.53263017E-05
   119.000000      -1.09199282E-05
   119.500000       3.64666448E-05
   120.000000       8.59126376E-05
   120.500000       1.35136434E-04
   121.000000       1.79864699E-04
   121.500000       2.13899664E-04
   122.000000       2.31116530E-04
   122.500000       2.28013392E-04
   123.000000       2.04821976E-04
   123.500000       1.65104255E-04
   124.000000       1.13917966E-04
   124.500000       5.53351019E-05
   125.000000      -7.43325290E-06
   125.500000      -7.30938336E-05
   126.000000      -1.39523632E-04
   126.500000      -2.03509742E-04
   127.000000      -2.59708439E-04
   127.500000      -3.01585882E-04
   128.000000      -3.22646636E-04
   128.500000      -3.19845130E-04
   129.000000      -2.93154590E-04
   129.500000      -2.45621719E-04
   130.000000      -1.81899697E-04
   130.500000      -1.06148698E-04
   131.000000      -2.11009537E-05
   131.500000       7.15371207E-05
   132.000000       1.70215717E-04
   132.500000       2.72051722E-04
   133.000000       3.71250469E-04
   133.500000       4.60647978E-04
   134.000000       5.32383507E-04
   134.500000       5.79717103E-04
   135.000000       5.98997052E-04
   135.500000       5.89754200E-04
   136.000000       5.54047292E-04
   136.500000       4.94891428E-04
   137.000000       4.14584094E-04
   137.500000       3.14186909E-04
   138.000000       1.93838714E-04
   138.500000       5.37376400E-05
   139.000000      -1.03586470E-04
   139.500000      -2.73899233E-04
   140.000000      -4.50366584E-04
   140.500000      -6.24427572E-04
   141.000000      -7.88033998E-04
   141.500000      -9.35107237E-04
   142.000000      -1.06171367E-03
   142.500000      -1.16625871E-03
   143.000000      -1.24862394E-03
   143.500000      -1.30807830E-03
   144.000000      -1.34313630E-03
   144.500000      -1.35025906E-03
   145.000000      -1.32477854E-03
   145.500000      -1.26253674E-03
   146.000000      -1.16032583E-03
   146.500000      -1.01706176E-03
   147.000000      -8.34123231E-04
   147.500000      -6.15031342E-04
   148.000000      -3.63584026E-04
   148.500000      -8.26227479E-05
   149.000000       2.26334174E-04
   149.500000       5.63647598E-04
   150.000000       9.31902730E-04
   150.500000       1.33318768E-03
   151.000000       1.76896004E-03
   151.500000       2.23840377E-03
   152.000000       2.73925439E-03
   152.500000       3.26673128E-03
   153.000000       3.81658738E-03
   153.500000       4.38469322E-03
   154.000000       4.96877078E-03
   154.500000       5.56901656E-03
   155.000000       6.18690997E-03
   155.500000       6.82555791E-03
   156.000000       7.48705864E-03
   156.500000       8.17218330E-03
   157.000000       8.87988601E-03
   157.500000       9.60649550E-03
   158.000000       1.03479130E-02
   158.500000       1.10996263E-02
   159.000000       1.18583106E-02
   159.500000       1.26227699E-02
   160.000000       1.33942980E-02
   160.500000       1.41759915E-02
   161.000000       1.49709471E-02
   161.500000       1.57824438E-02
   162.000000       1.66113973E-02
   162.500000       1.74563620E-02
   163.000000       1.83147863E-02
   163.500000       1.91816464E-02
   164.000000       2.00524181E-02
   164.500000       2.09239274E-02
   165.000000       2.17951443E-02
   165.500000       2.26673968E-02
   166.000000       2.35437676E-02
   166.500000       2.44287662E-02
   167.000000       2.53264494E-02
   167.500000       2.62387507E-02
   168.000000       2.71653421E-02
   168.500000       2.81037893E-02
   169.000000       2.90493332E-02
   169.500000       2.99966633E-02
   170.000000       3.09414603E-02
   170.500000       3.18816192E-02
   171.000000       3.28172073E-02
   171.500000       3.37517858E-02
   172.000000       3.46901305E-02
   172.500000       3.56373414E-02
   173.000000       3.65974233E-02
   173.500000       3.75719145E-02
   174.000000       3.85599881E-02
   174.500000       3.95569950E-02
   175.000000       4.05575149E-02
   175.500000       4.15556133E-02
   176.000000       4.25465852E-02
   176.500000       4.35287505E-02
   177.000000       4.45033237E-02
   177.500000       4.54744548E-02
   178.000000       4.64489646E-02
   178.500000       4.74322997E-02
   179.000000       4.84298542E-02
   179.500000       4.94434536E-02
   180.000000       5.04713282E-02
   180.500000       5.15081696E-02
   181.000000       5.25472052E-02
   181.500000       5.35807870E-02
   182.000000       5.46036288E-02
   182.500000       5.56131043E-02
   183.000000       5.66104837E-02
   183.500000       5.76013736E-02
   184.000000       5.85932806E-02
   184.500000       5.95941879E-02
   185.000000       6.06108159E-02
   185.500000       6.16462864E-02
   186.000000       6.26992509E-02
   186.500000       6.37640208E-02
   187.000000       6.48320615E-02
   187.500000       6.58939853E-02
   188.000000       6.69417307E-02
   188.500000       6.79707974E-02
   189.000000       6.89818114E-02
   189.500000       6.99802414E-02
   190.000000       7.09752366E-02
   190.500000       7.19774812E-02
   191.000000       7.29966164E-02
   191.500000       7.40385875E-02
   192.000000       7.51035586E-02
   192.500000       7.61865452E-02
   193.000000       7.72773325E-02
   193.500000       7.83632845E-02
   194.000000       7.94334039E-02
   194.500000       8.04792121E-02
   195.000000       8.14991221E-02
   195.500000       8.24979022E-02
   196.000000       8.34858567E-02
   196.500000       8.44773352E-02
   197.000000       8.54857117E-02
   197.500000       8.65213051E-02
   198.000000       8.75871927E-02
   198.500000       8.86789784E-02
   199.000000       8.97847638E-02
   199.500000       9.08884853E-02
   200.000000       9.19735357E-02
   200.500000       9.30272192E-02
   201.000000       9.40447077E-02
   201.500000       9.50311720E-02
   202.000000       9.60008204E-02
   202.500000       9.69734117E-02
   203.000000       9.79698822E-02
   203.500000       9.90061238E-02
   204.000000      0.100087851    
   204.500000      0.101207808    
   205.000000      0.102345787    
   205.500000      0.103473544    
   206.000000      0.104560971    
   206.500000      0.105584756    
   207.000000      0.106536224    
   207.500000      0.107426882    
   208.000000      0.108287416    
   208.500000      0.109164320    
   209.000000      0.110107899    
   209.500000      0.111159921    
   210.000000      0.112340711    
   210.500000      0.113638476    
   211.000000      0.115005657    
   211.500000      0.116365470    
   212.000000      0.117624506    
   212.500000      0.118694380    
   213.000000      0.119517498    
   213.500000      0.120086573    
   214.000000      0.120458402    
   214.500000      0.120750755    
   215.000000      0.121126063    
   215.500000      0.121760137    
   216.000000      0.122803554    
   216.500000      0.124341115    
   217.000000      0.126358226    
   217.500000      0.128723010    
   218.000000      0.131190211    
   218.500000      0.133435309    
   219.000000      0.135115862    
   219.500000      0.135953248    
   220.000000      0.135813877    
   220.500000      0.134766877    
   221.000000      0.133097440    
   221.500000      0.131271973    
   222.000000      0.129860267    
   222.500000      0.129435331    
   223.000000      0.130466834    
   223.500000      0.133218303    
   224.000000      0.137658358    
   224.500000      0.143394560    
   225.000000      0.149660498    
   225.500000      0.155389428    
   226.000000      0.159405321    
   226.500000      0.160713524    
   227.000000      0.158805951    
   227.500000      0.153860152    
   228.000000      0.146735504    
   228.500000      0.138779178    
   229.000000      0.131539151    
   229.500000      0.126499057    
   230.000000      0.124897085    
   230.500000      0.127605796    
   231.000000      0.135013059    
   231.500000      0.146843374    
   232.000000      0.161922693    
   232.500000      0.178004652    
   233.000000      0.191901803    
   233.500000      0.200157940    
   234.000000      0.200205073    
   234.500000      0.191449359    
   235.000000      0.175566465    
   235.500000      0.155795515    
   236.000000      0.135760963    
   236.500000      0.118554249    
   237.000000      0.106404655    
   237.500000      0.100808963    
   238.000000      0.102811992    
   238.500000      0.113171831    
   239.000000      0.132217363    
   239.500000      0.159280092    
   240.000000      0.191743851    
   240.500000      0.224192634    
   241.000000      0.248763472    
   241.500000      0.257736772    
   242.000000      0.247517824    
   242.500000      0.220840976    
   243.000000      0.185016826    
   243.500000      0.147967368    
   244.000000      0.115358397    
   244.500000       9.00416672E-02
   245.000000       7.29130208E-02
   245.500000       6.40315041E-02
   246.000000       6.34537861E-02
   246.500000       7.16929957E-02
   247.000000       8.98188129E-02
   247.500000      0.119114190    
   248.000000      0.160036251    
   248.500000      0.210242674    
   249.000000      0.262175471    
   249.500000      0.302539676    
   250.000000      0.317064494    
   250.500000      0.299531847    
   251.000000      0.256558210    
   251.500000      0.202409774    
   252.000000      0.149985373    
   252.500000      0.106287397    
   253.000000       7.30725825E-02
   253.500000       4.92501110E-02
   254.000000       3.27803455E-02
   254.500000       2.16548014E-02
   255.000000       1.42472414E-02
   255.500000       9.35828872E-03
   256.000000       6.14777068E-03
   256.500000       4.04467387E-03
   257.000000       2.66795093E-03
   257.500000       1.76614570E-03
   258.000000       1.17442489E-03
   258.500000       7.85154698E-04
   259.000000       5.28187258E-04
   259.500000       3.57834680E-04
   260.000000       2.44329392E-04
   260.500000       1.68255516E-04
   261.000000       1.16926312E-04
   261.500000       8.20324058E-05
   262.000000       5.81149216E-05
   262.500000       4.15745162E-05
   263.000000       3.00275533E-05
   263.500000       2.18874284E-05
   264.000000       1.60918298E-05
   264.500000       1.19246815E-05
   265.000000       8.89966395E-06
   265.500000       6.68373832E-06
   266.000000       5.04676609E-06
   266.500000       3.82818780E-06
   267.000000       2.91486162E-06
   267.500000       2.22623999E-06
   268.000000       1.70439580E-06
   268.500000       1.30725459E-06
   269.000000       1.00396653E-06
   269.500000       7.71711825E-07
   270.000000       5.93475249E-07
   270.500000       4.56478915E-07
   271.000000       3.51066888E-07
   271.500000       2.69904064E-07
   272.000000       2.07393327E-07
   272.500000       1.59248387E-07
   273.000000       1.22177511E-07
   273.500000       9.36471025E-08
   274.000000       7.17040223E-08
   274.500000       5.48409602E-08
   275.000000       4.18939479E-08
   275.500000       3.19638644E-08
   276.000000       2.43562557E-08
   276.500000       1.85348803E-08
   277.000000       1.40859102E-08
   277.500000       1.06902061E-08
   278.000000       8.10187561E-09
   278.500000       6.13165163E-09
   279.000000       4.63401317E-09
   279.500000       3.49720874E-09
   280.000000       2.63553157E-09
   280.500000       1.98333372E-09
   281.000000       1.49040302E-09
   281.500000       1.11838627E-09
   282.000000       8.38032366E-10
   282.500000       6.27063346E-10
   283.000000       4.68538375E-10
   283.500000       3.49593715E-10
   284.000000       2.60476613E-10
   284.500000       1.93803917E-10
   285.000000       1.43995052E-10
   285.500000       1.06838108E-10
   286.000000       7.91591445E-11
   286.500000       5.85699753E-11
   287.000000       4.32763825E-11
   287.500000       3.19324081E-11
   288.000000       2.35299159E-11
   288.500000       1.73148960E-11
   289.000000       1.27242904E-11
   289.500000       9.33822637E-12
   290.000000       6.84408866E-12
   290.500000       5.00945422E-12
   291.000000       3.66177835E-12
   291.500000       2.67315228E-12
   292.000000       1.94889504E-12
   292.500000       1.41902419E-12
   293.000000       1.03188378E-12
   293.500000       7.49401788E-13
   294.000000       5.43556682E-13
   294.500000       3.93753335E-13
   295.000000       2.84876208E-13
   295.500000       2.05846679E-13
   296.000000       1.48556081E-13
   296.500000       1.07077704E-13
   297.000000       7.70855276E-14
   297.500000       5.54261769E-14
   298.000000       3.98041517E-14
   298.500000       2.85506719E-14
   299.000000       2.04541652E-14
   299.500000       1.46361821E-14
   300.000000       1.04606189E-14
   300.500000       7.46747042E-15
   301.000000       5.32450416E-15
   301.500000       3.79207841E-15
   302.000000       2.69755853E-15
   302.500000       1.91673794E-15
   303.000000       1.36036583E-15
   303.500000       9.64390209E-16
   304.000000       6.82899456E-16
   304.500000       4.83025832E-16
   305.000000       3.41268648E-16
   305.500000       2.40845031E-16
   306.000000       1.69784062E-16
   306.500000       1.19557509E-16
   307.000000       8.40969184E-17
   307.500000       5.90893824E-17
   308.000000       4.14731882E-17
   308.500000       2.90774797E-17
   309.000000       2.03647929E-17
   309.500000       1.42475359E-17
   310.000000       9.95722881E-18
   310.500000       6.95150510E-18
   311.000000       4.84800838E-18
   311.500000       3.37749259E-18
   312.000000       2.35057702E-18
   312.500000       1.63420345E-18
   313.000000       1.13498899E-18
   313.500000       7.87469119E-19
   314.000000       5.45800807E-19
   314.500000       3.77916540E-19
   315.000000       2.61409314E-19
   315.500000       1.80639185E-19
   316.000000       1.24701290E-19
   316.500000       8.60003592E-20
   317.000000       5.92518908E-20
   317.500000       4.07829833E-20
   318.000000       2.80435424E-20
   318.500000       1.92648701E-20
   319.000000       1.32215006E-20
   319.500000       9.06523470E-21
   320.000000       6.20959316E-21
   320.500000       4.24947399E-21
   321.000000       2.90534185E-21
   321.500000       1.98450161E-21
   322.000000       1.35425319E-21
   322.500000       9.23303705E-22
   323.000000       6.28908691E-22
   323.500000       4.27987409E-22
   324.000000       2.90989078E-22
   324.500000       1.97663640E-22
   325.000000       1.34147690E-22
   325.500000       9.09594615E-23
   326.000000       6.16201594E-23
   326.500000       4.17070887E-23
   327.000000       2.82040209E-23
   327.500000       1.90558408E-23
   328.000000       1.28636164E-23
   328.500000       8.67596402E-24
   329.000000       5.84647299E-24
   329.500000       3.93634886E-24
   330.000000       2.64800253E-24
   330.500000       1.77979603E-24
   331.000000       1.19522820E-24
   331.500000       8.01977295E-25
   332.000000       5.37657419E-25
   332.500000       3.60149910E-25
   333.000000       2.41044264E-25
   333.500000       1.61193606E-25
   334.000000       1.07705558E-25
   334.500000       7.19066930E-26
   335.000000       4.79670664E-26
   335.500000       3.19713708E-26
   336.000000       2.12924359E-26
   336.500000       1.41689279E-26
   337.000000       9.42101835E-27
   337.500000       6.25906509E-27
   338.000000       4.15502437E-27
   338.500000       2.75607932E-27
   339.000000       1.82669236E-27
   339.500000       1.20975181E-27
   340.000000       8.00545185E-28
   340.500000       5.29341219E-28
   341.000000       3.49741656E-28
   341.500000       2.30899115E-28
   342.000000       1.52321775E-28
   342.500000       1.00407936E-28
   343.000000       6.61366028E-29
   343.500000       4.35296309E-29
   344.000000       2.86285123E-29
   344.500000       1.88141584E-29
   345.000000       1.23550482E-29
   345.500000       8.10735332E-30
   346.000000       5.31606430E-30
   346.500000       3.48320643E-30
   347.000000       2.28059145E-30
   347.500000       1.49209485E-30
   348.000000       9.75500350E-31
   348.500000       6.37296942E-31
   349.000000       4.16045678E-31
   349.500000       2.71410314E-31
   350.000000       1.76929027E-31
   350.500000       1.15255223E-31
   351.000000       7.50260798E-32
   351.500000       4.88039893E-32
   352.000000       3.17242327E-32
   352.500000       2.06072917E-32
   353.000000       1.33766085E-32
   353.500000       8.67696151E-33
   354.000000       5.62454210E-33
   354.500000       3.64339074E-33
   355.000000       2.35843895E-33
   355.500000       1.52561562E-33
   356.000000       9.86207802E-34
   356.500000       6.37082581E-34
   357.000000       4.11271265E-34
   357.500000       2.65318373E-34
   358.000000       1.71046424E-34
   358.500000       1.10196925E-34
   359.000000       7.09471567E-35
   359.500000       4.56469367E-35
   360.000000       2.93494967E-35
   360.500000       1.88583273E-35
   361.000000       1.21093367E-35
   361.500000       7.77057800E-36
   362.000000       4.98314146E-36
   362.500000       3.19353131E-36
   363.000000       2.04530600E-36
   363.500000       1.30907859E-36
   364.000000       8.37325831E-37
   364.500000       5.35236553E-37
   365.000000       3.41916960E-37
   365.500000       2.18283109E-37
   366.000000       1.39266075E-37
   366.500000       8.87967973E-38
   367.000000       5.65818536E-38
   367.500000       3.60317920E-38
   368.000000       2.29310807E-38
   368.500000       1.45845911E-38
   369.000000       9.27034464E-39
   369.500000       5.88885170E-39
   370.000000       3.73851997E-39
   370.500000       2.37194008E-39
   371.000000       1.50398141E-39
   371.500000       9.53053914E-40
   372.000000       6.03577084E-40
   372.500000       3.82017783E-40
   373.000000       2.41641308E-40
   373.500000       1.52759749E-40
   374.000000       9.65102278E-41
   374.500000       6.09368650E-41
   375.000000       3.84544325E-41
   375.500000       2.42480686E-41
   376.000000       1.52825611E-41
   376.500000       9.62271655E-42
   377.000000       6.05781326E-42
   377.500000       3.80592663E-42
   378.000000       2.39481908E-42
   378.500000       1.50219195E-42
   379.000000       9.38869971E-43
   379.500000       5.88545355E-43
   380.000000       3.67140198E-43
   380.500000       2.28411650E-43
   381.000000       1.41531145E-43
   381.500000       8.68805048E-44
   382.000000       5.32493416E-44
   382.500000       3.22298647E-44
   383.000000       1.82168800E-44
   383.500000       9.80908925E-45
   384.000000       4.20389539E-45
   384.500000       1.40129846E-45
   385.000000       0.00000000    
   385.500000       0.00000000    
   386.000000       0.00000000    
   386.500000       0.00000000    
   387.000000       0.00000000    
   387.500000       0.00000000    
   388.000000       0.00000000    
   388.500000       0.00000000    
   389.000000       0.00000000    
   389.500000       0.00000000    
   390.000000       0.00000000    
   390.500000       0.00000000    
   391.000000       0.00000000    
   391.500000       0.00000000    
   392.000000       0.00000000    
   392.500000       0.00000000    
   393.000000       0.00000000    
   393.500000       0.00000000    
   394.000000       0.00000000    
   394.500000       0.00000000    
   395.000000       0.00000000    
   395.500000       0.00000000    
   396.000000       0.00000000    
   396.500000       0.00000000    
   397.000000       0.00000000    
   397.500000       0.00000000    
   398.000000       0.00000000    
   398.500000       0.00000000    
   399.000000       0.00000000    
   399.500000       0.00000000    
   400.000000       0.00000000    
   400.500000       0.00000000    
   401.000000       0.00000000    
   401.500000       0.00000000    
   402.000000       0.00000000    
   402.500000       0.00000000    
   403.000000       0.00000000    
   403.500000       0.00000000    
   404.000000       0.00000000    
   404.500000       0.00000000    
   405.000000       0.00000000    
   405.500000       0.00000000    
   406.000000       0.00000000    
   406.500000       0.00000000    
   407.000000       0.00000000    
   407.500000       0.00000000    
   408.000000       0.00000000    
   408.500000       0.00000000    
   409.000000       0.00000000    
   409.500000       0.00000000    
   410.000000       0.00000000    
   410.500000       0.00000000    
   411.000000       0.00000000    
   411.500000       0.00000000    
   412.000000       0.00000000    
   412.500000       0.00000000    
   413.000000       0.00000000    
   413.500000       0.00000000    
   414.000000       0.00000000    
   414.500000       0.00000000    
   415.000000       0.00000000    
   415.500000       0.00000000    
   416.000000       0.00000000    
   416.500000       0.00000000    
   417.000000       0.00000000    
   417.500000       0.00000000    
   418.000000       0.00000000    
   418.500000       0.00000000    
   419.000000       0.00000000    
   419.500000       0.00000000    
   420.000000       0.00000000    
   420.500000       0.00000000    
   421.000000       0.00000000    
   421.500000       0.00000000    
   422.000000       0.00000000    
   422.500000       0.00000000    
   423.000000       0.00000000    
   423.500000       0.00000000    
   424.000000       0.00000000    
   424.500000       0.00000000    
   425.000000       0.00000000    
   425.500000       0.00000000    
   426.000000       0.00000000    
   426.500000       0.00000000    
   427.000000       0.00000000    
   427.500000       0.00000000    
   428.000000       0.00000000    
   428.500000       0.00000000    
   429.000000       0.00000000    
   429.500000       0.00000000    
   430.000000       0.00000000    
   430.500000       0.00000000    
   431.000000       0.00000000    
   431.500000       0.00000000    
   432.000000       0.00000000    
   432.500000       0.00000000    
   433.000000       0.00000000    
   433.500000       0.00000000    
   434.000000       0.00000000    
   434.500000       0.00000000    
   435.000000       0.00000000    
   435.500000       0.00000000    
   436.000000       0.00000000    
   436.500000       0.00000000    
   437.000000       0.00000000    
   437.500000       0.00000000    
   438.000000       0.00000000    
   438.500000       0.00000000    
   439.000000       0.00000000    
   439.500000       0.00000000    
   440.000000       0.00000000    
   440.500000       0.00000000    
   441.000000       0.00000000    
   441.500000       0.00000000    
   442.000000       0.00000000    
   442.500000       0.00000000    
   443.000000       0.00000000    
   443.500000       0.00000000    
   444.000000       0.00000000    
   444.500000       0.00000000    
   445.000000       0.00000000    
   445.500000       0.00000000    
   446.000000       0.00000000    
   446.500000       0.00000000    
   447.000000       0.00000000    
   447.500000       0.00000000    
   448.000000       0.00000000    
   448.500000       0.00000000    
   449.000000       0.00000000    
   449.500000       0.00000000    
   450.000000       0.00000000    
   450.500000       0.00000000    
   451.000000       0.00000000    
   451.500000       0.00000000    
   452.000000       0.00000000    
   452.500000       0.00000000    
   453.000000       0.00000000    
   453.500000       0.00000000    
   454.000000       0.00000000    
   454.500000       0.00000000    
   455.000000       0.00000000    
   455.500000       0.00000000    
   456.000000       0.00000000    
   456.500000       0.00000000    
   457.000000       0.00000000    
   457.500000       0.00000000    
   458.000000       0.00000000    
   458.500000       0.00000000    
   459.000000       0.00000000    
   459.500000       0.00000000    
   460.000000       0.00000000    
   460.500000       0.00000000    
   461.000000       0.00000000    
   461.500000       0.00000000    
   462.000000       0.00000000    
   462.500000       0.00000000    
   463.000000       0.00000000    
   463.500000       0.00000000    
   464.000000       0.00000000    
   464.500000       0.00000000    
   465.000000       0.00000000    
   465.500000       0.00000000    
   466.000000       0.00000000    
   466.500000       0.00000000    
   467.000000       0.00000000    
   467.500000       0.00000000    
   468.000000       0.00000000    
   468.500000       0.00000000    
   469.000000       0.00000000    
   469.500000       0.00000000    
   470.000000       0.00000000    
   470.500000       0.00000000    
   471.000000       0.00000000    
   471.500000       0.00000000    
   472.000000       0.00000000    
   472.500000       0.00000000    
   473.000000       0.00000000    
   473.500000       0.00000000    
   474.000000       0.00000000    
   474.500000       0.00000000    
   475.000000       0.00000000    
   475.500000       0.00000000    
   476.000000       0.00000000    
   476.500000       0.00000000    
   477.000000       0.00000000    
   477.500000       0.00000000    
   478.000000       0.00000000    
   478.500000       0.00000000    
   479.000000       0.00000000    
   479.500000       0.00000000    
   480.000000       0.00000000    
   480.500000       0.00000000    
   481.000000       0.00000000    
   481.500000       0.00000000    
   482.000000       0.00000000    
   482.500000       0.00000000    
   483.000000       0.00000000    
   483.500000       0.00000000    
   484.000000       0.00000000    
   484.500000       0.00000000    
   485.000000       0.00000000    
   485.500000       0.00000000    
   486.000000       0.00000000    
   486.500000       0.00000000    
   487.000000       0.00000000    
   487.500000       0.00000000    
   488.000000       0.00000000    
   488.500000       0.00000000    
   489.000000       0.00000000    
   489.500000       0.00000000    
   490.000000       0.00000000    
   490.500000       0.00000000    
   491.000000       0.00000000    
   491.500000       0.00000000    
   492.000000       0.00000000    
   492.500000       0.00000000    
   493.000000       0.00000000    
   493.500000       0.00000000    
   494.000000       0.00000000    
   494.500000       0.00000000    
   495.000000       0.00000000    
   495.500000       0.00000000    
   496.000000       0.00000000    
   496.500000       0.00000000    
   497.000000       0.00000000    
   497.500000       0.00000000    
   498.000000       0.00000000    
   498.500000       0.00000000    
   499.000000       0.00000000    
   499.500000       0.00000000    
   500.000000       0.00000000    
   500.500000       0.00000000    
   501.000000       0.00000000    
   501.500000       0.00000000    
   502.000000       0.00000000    
   502.500000       0.00000000    
   503.000000       0.00000000    
   503.500000       0.00000000    
   504.000000       0.00000000    
   504.500000       0.00000000    
   505.000000       0.00000000    
   505.500000       0.00000000    
   506.000000       0.00000000    
   506.500000       0.00000000    
   507.000000       0.00000000    
   507.500000       0.00000000    
   508.000000       0.00000000    
   508.500000       0.00000000    
   509.000000       0.00000000    
   509.500000       0.00000000    
   510.000000       0.00000000    
   510.500000       0.00000000    
   511.000000       0.00000000    
   511.500000       0.00000000    
   512.000000       0.00000000    
   512.500000       0.00000000    
   513.000000       0.00000000    
   513.500000       0.00000000    
   514.000000       0.00000000    
   514.500000       0.00000000    
   515.000000       0.00000000    
   515.500000       0.00000000    
   516.000000       0.00000000    
   516.500000       0.00000000    
   517.000000       0.00000000    
   517.500000       0.00000000    
   518.000000       0.00000000    
   518.500000       0.00000000    
   519.000000       0.00000000    
   519.500000       0.00000000    
   520.000000       0.00000000    
   520.500000       0.00000000    
   521.000000       0.00000000    
   521.500000       0.00000000    
   522.000000       0.00000000    
   522.500000       0.00000000    
   523.000000       0.00000000    
   523.500000       0.00000000    
   524.000000       0.00000000    
   524.500000       0.00000000    
   525.000000       0.00000000    
   525.500000       0.00000000    
   526.000000       0.00000000    
   526.500000       0.00000000    
   527.000000       0.00000000    
   527.500000       0.00000000    
   528.000000       0.00000000    
   528.500000       0.00000000    
   529.000000       0.00000000    
   529.500000       0.00000000    
   530.000000       0.00000000    
   530.500000       0.00000000    
   531.000000       0.00000000    
   531.500000       0.00000000    
   532.000000       0.00000000    
   532.500000       0.00000000    
   533.000000       0.00000000    
   533.500000       0.00000000    
   534.000000       0.00000000    
   534.500000       0.00000000    
   535.000000       0.00000000    
   535.500000       0.00000000    
   536.000000       0.00000000    
   536.500000       0.00000000    
   537.000000       0.00000000    
   537.500000       0.00000000    
   538.000000       0.00000000    
   538.500000       0.00000000    
   539.000000       0.00000000    
   539.500000       0.00000000    
   540.000000       0.00000000    
   540.500000       0.00000000    
   541.000000       0.00000000    
   541.500000       0.00000000    
   542.000000       0.00000000    
   542.500000       0.00000000    
   543.000000       0.00000000    
   543.500000       0.00000000    
   544.000000       0.00000000    
   544.500000       0.00000000    
   545.000000       0.00000000    
   545.500000       0.00000000    
   546.000000       0.00000000    
   546.500000       0.00000000    
   547.000000       0.00000000    
   547.500000       0.00000000    
   548.000000       0.00000000    
   548.500000       0.00000000    
   549.000000       0.00000000    
   549.500000       0.00000000    
   550.000000       0.00000000    
   550.500000       0.00000000    
   551.000000       0.00000000    
   551.500000       0.00000000    
   552.000000       0.00000000    
   552.500000       0.00000000    
   553.000000       0.00000000    
   553.500000       0.00000000    
   554.000000       0.00000000    
   554.500000       0.00000000    
   555.000000       0.00000000    
   555.500000       0.00000000    
   556.000000       0.00000000    
   556.500000       0.00000000    
   557.000000       0.00000000    
   557.500000       0.00000000    
   558.000000       0.00000000    
   558.500000       0.00000000    
   559.000000       0.00000000    
   559.500000       0.00000000    
   560.000000       0.00000000    
   560.500000       0.00000000    
   561.000000       0.00000000    
   561.500000       0.00000000    
   562.000000       0.00000000    
   562.500000       0.00000000    
   563.000000       0.00000000    
   563.500000       0.00000000    
   564.000000       0.00000000    
   564.500000       0.00000000    
   565.000000       0.00000000    
   565.500000       0.00000000    
   566.000000       0.00000000    
   566.500000       0.00000000    
   567.000000       0.00000000    
   567.500000       0.00000000    
   568.000000       0.00000000    
   568.500000       0.00000000    
   569.000000       0.00000000    
   569.500000       0.00000000    
   570.000000       0.00000000    
   570.500000       0.00000000    
   571.000000       0.00000000    
   571.500000       0.00000000    
   572.000000       0.00000000    
   572.500000       0.00000000    
   573.000000       0.00000000    
   573.500000       0.00000000    
   574.000000       0.00000000    
   574.500000       0.00000000    
   575.000000       0.00000000    
   575.500000       0.00000000    
   576.000000       0.00000000    
   576.500000       0.00000000    
   577.000000       0.00000000    
   577.500000       0.00000000    
   578.000000       0.00000000    
   578.500000       0.00000000    
   579.000000       0.00000000    
   579.500000       0.00000000    
   580.000000       0.00000000    
   580.500000       0.00000000    
   581.000000       0.00000000    
   581.500000       0.00000000    
   582.000000       0.00000000    
   582.500000       0.00000000    
   583.000000       0.00000000    
   583.500000       0.00000000    
   584.000000       0.00000000    
   584.500000       0.00000000    
   585.000000       0.00000000    
   585.500000       0.00000000    
   586.000000       0.00000000    
   586.500000       0.00000000    
   587.000000       0.00000000    
   587.500000       0.00000000    
   588.000000       0.00000000    
   588.500000       0.00000000    
   589.000000       0.00000000    
   589.500000       0.00000000    
   590.000000       0.00000000    
   590.500000       0.00000000    
   591.000000       0.00000000    
   591.500000       0.00000000    
   592.000000       0.00000000    
   592.500000       0.00000000    
   593.000000       0.00000000    
   593.500000       0.00000000    
   594.000000       0.00000000    
   594.500000       0.00000000    
   595.000000       0.00000000    
   595.500000       0.00000000    
   596.000000       0.00000000    
   596.500000       0.00000000    
   597.000000       0.00000000    
   597.500000       0.00000000    
   598.000000       0.00000000    
   598.500000       0.00000000    
   599.000000       0.00000000    
   599.500000       0.00000000    
   600.000000       0.00000000    
   600.500000       0.00000000    
   601.000000       0.00000000    
   601.500000       0.00000000    
   602.000000       0.00000000    
   602.500000       0.00000000    
   603.000000       0.00000000    
   603.500000       0.00000000    
   604.000000       0.00000000    
   604.500000       0.00000000    
   605.000000       0.00000000    
   605.500000       0.00000000    
   606.000000       0.00000000    
   606.500000       0.00000000    
   607.000000       0.00000000    
   607.500000       0.00000000    
   608.000000       0.00000000    
   608.500000       0.00000000    
   609.000000       0.00000000    
   609.500000       0.00000000    
   610.000000       0.00000000    
   610.500000       0.00000000    
   611.000000       0.00000000    
   611.500000       0.00000000    
   612.000000       0.00000000    
   612.500000       0.00000000    
   613.000000       0.00000000    
   613.500000       0.00000000    
   614.000000       0.00000000    
   614.500000       0.00000000    
   615.000000       0.00000000    
   615.500000       0.00000000    
   616.000000       0.00000000    
   616.500000       0.00000000    
   617.000000       0.00000000    
   617.500000       0.00000000    
   618.000000       0.00000000    
   618.500000       0.00000000    
   619.000000       0.00000000    
   619.500000       0.00000000    
   620.000000       0.00000000    
   620.500000       0.00000000    
   621.000000       0.00000000    
   621.500000       0.00000000    
   622.000000       0.00000000    
   622.500000       0.00000000    
   623.000000       0.00000000    
   623.500000       0.00000000    
   624.000000       0.00000000    
   624.500000       0.00000000    
   625.000000       0.00000000    
   625.500000       0.00000000    
   626.000000       0.00000000    
   626.500000       0.00000000    
   627.000000       0.00000000    
   627.500000       0.00000000    
   628.000000       0.00000000    
   628.500000       0.00000000    
   629.000000       0.00000000    
   629.500000       0.00000000    
   630.000000       0.00000000    
   630.500000       0.00000000    
   631.000000       0.00000000    
   631.500000       0.00000000    
   632.000000       0.00000000    
   632.500000       0.00000000    
   633.000000       0.00000000    
   633.500000       0.00000000    
   634.000000       0.00000000    
   634.500000       0.00000000    
   635.000000       0.00000000    
   635.500000       0.00000000    
   636.000000       0.00000000    
   636.500000       0.00000000    
   637.000000       0.00000000    
   637.500000       0.00000000    
   638.000000       0.00000000    
   638.500000       0.00000000    
   639.000000       0.00000000    
   639.500000       0.00000000    
   640.000000       0.00000000    
   640.500000       0.00000000    
   641.000000       0.00000000    
   641.500000       0.00000000    
   642.000000       0.00000000    
   642.500000       0.00000000    
   643.000000       0.00000000    
   643.500000       0.00000000    
   644.000000       0.00000000    
   644.500000       0.00000000    
   645.000000       0.00000000    
   645.500000       0.00000000    
   646.000000       0.00000000    
   646.500000       0.00000000    
   647.000000       0.00000000    
   647.500000       0.00000000    
   648.000000       0.00000000    
   648.500000       0.00000000    
   649.000000       0.00000000    
   649.500000       0.00000000    
   650.000000       0.00000000    
   650.500000       0.00000000    
   651.000000       0.00000000    
   651.500000       0.00000000    
   652.000000       0.00000000    
   652.500000       0.00000000    
   653.000000       0.00000000    
   653.500000       0.00000000    
   654.000000       0.00000000    
   654.500000       0.00000000    
   655.000000       0.00000000    
   655.500000       0.00000000    
   656.000000       0.00000000    
   656.500000       0.00000000    
   657.000000       0.00000000    
   657.500000       0.00000000    
   658.000000       0.00000000    
   658.500000       0.00000000    
   659.000000       0.00000000    
   659.500000       0.00000000    
   660.000000       0.00000000    
   660.500000       0.00000000    
   661.000000       0.00000000    
   661.500000       0.00000000    
   662.000000       0.00000000    
   662.500000       0.00000000    
   663.000000       0.00000000    
   663.500000       0.00000000    
   664.000000       0.00000000    
   664.500000       0.00000000    
   665.000000       0.00000000    
   665.500000       0.00000000    
   666.000000       0.00000000    
   666.500000       0.00000000    
   667.000000       0.00000000    
   667.500000       0.00000000    
   668.000000       0.00000000    
   668.500000       0.00000000    
   669.000000       0.00000000    
   669.500000       0.00000000    
   670.000000       0.00000000    
   670.500000       0.00000000    
   671.000000       0.00000000    
   671.500000       0.00000000    
   672.000000       0.00000000    
   672.500000       0.00000000    
   673.000000       0.00000000    
   673.500000       0.00000000    
   674.000000       0.00000000    
   674.500000       0.00000000    
   675.000000       0.00000000    
   675.500000       0.00000000    
   676.000000       0.00000000    
   676.500000       0.00000000    
   677.000000       0.00000000    
   677.500000       0.00000000    
   678.000000       0.00000000    
   678.500000       0.00000000    
   679.000000       0.00000000    
   679.500000       0.00000000    
   680.000000       0.00000000    
   680.500000       0.00000000    
   681.000000       0.00000000    
   681.500000       0.00000000    
   682.000000       0.00000000    
   682.500000       0.00000000    
   683.000000       0.00000000    
   683.500000       0.00000000    
   684.000000       0.00000000    
   684.500000       0.00000000    
   685.000000       0.00000000    
   685.500000       0.00000000    
   686.000000       0.00000000    
   686.500000       0.00000000    
   687.000000       0.00000000    
   687.500000       0.00000000    
   688.000000       0.00000000    
   688.500000       0.00000000    
   689.000000       0.00000000    
   689.500000       0.00000000    
   690.000000       0.00000000    
   690.500000       0.00000000    
   691.000000       0.00000000    
   691.500000       0.00000000    
   692.000000       0.00000000    
   692.500000       0.00000000    
   693.000000       0.00000000    
   693.500000       0.00000000    
   694.000000       0.00000000    
   694.500000       0.00000000    
   695.000000       0.00000000    
   695.500000       0.00000000    
   696.000000       0.00000000    
   696.500000       0.00000000    
   697.000000       0.00000000    
   697.500000       0.00000000    
   698.000000       0.00000000    
   698.500000       0.00000000    
   699.000000       0.00000000    
   699.500000       0.00000000    
   700.000000       0.00000000    
   700.500000       0.00000000    
   701.000000       0.00000000    
   701.500000       0.00000000    
   702.000000       0.00000000    
   702.500000       0.00000000    
   703.000000       0.00000000    
   703.500000       0.00000000    
   704.000000       0.00000000    
   704.500000       0.00000000    
   705.000000       0.00000000    
   705.500000       0.00000000    
   706.000000       0.00000000    
   706.500000       0.00000000    
   707.000000       0.00000000    
   707.500000       0.00000000    
   708.000000       0.00000000    
   708.500000       0.00000000    
   709.000000       0.00000000    
   709.500000       0.00000000    
   710.000000       0.00000000    
   710.500000       0.00000000    
   711.000000       0.00000000    
   711.500000       0.00000000    
   712.000000       0.00000000    
   712.500000       0.00000000    
   713.000000       0.00000000    
   713.500000       0.00000000    
   714.000000       0.00000000    
   714.500000       0.00000000    
   715.000000       0.00000000    
   715.500000       0.00000000    
   716.000000       0.00000000    
   716.500000       0.00000000    
   717.000000       0.00000000    
   717.500000       0.00000000    
   718.000000       0.00000000    
   718.500000       0.00000000    
   719.000000       0.00000000    
   719.500000       0.00000000    
   720.000000       0.00000000    
   720.500000       0.00000000    
   721.000000       0.00000000    
   721.500000       0.00000000    
   722.000000       0.00000000    
   722.500000       0.00000000    
   723.000000       0.00000000    
   723.500000       0.00000000    
   724.000000       0.00000000    
   724.500000       0.00000000    
   725.000000       0.00000000    
   725.500000       0.00000000    
   726.000000       0.00000000    
   726.500000       0.00000000    
   727.000000       0.00000000    
   727.500000       0.00000000    
   728.000000       0.00000000    
   728.500000       0.00000000    
   729.000000       0.00000000    
   729.500000       0.00000000    
   730.000000       0.00000000    
   730.500000       0.00000000    
   731.000000       0.00000000    
   731.500000       0.00000000    
   732.000000       0.00000000    
   732.500000       0.00000000    
   733.000000       0.00000000    
   733.500000       0.00000000    
   734.000000       0.00000000    
   734.500000       0.00000000    
   735.000000       0.00000000    
   735.500000       0.00000000    
   736.000000       0.00000000    
   736.500000       0.00000000    
   737.000000       0.00000000    
   737.500000       0.00000000    
   738.000000       0.00000000    
   738.500000       0.00000000    
   739.000000       0.00000000    
   739.500000       0.00000000    
   740.000000       0.00000000    
   740.500000       0.00000000    
   741.000000       0.00000000    
   741.500000       0.00000000    
   742.000000       0.00000000    
   742.500000       0.00000000    
   743.000000       0.00000000    
   743.500000       0.00000000    
   744.000000       0.00000000    
   744.500000       0.00000000    
   745.000000       0.00000000    
   745.500000       0.00000000    
   746.000000       0.00000000    
   746.500000       0.00000000    
   747.000000       0.00000000    
   747.500000       0.00000000    
   748.000000       0.00000000    
   748.500000       0.00000000    
   749.000000       0.00000000    
   749.500000       0.00000000    
   750.000000       0.00000000    
   750.500000       0.00000000    
   751.000000       0.00000000    
   751.500000       0.00000000    
   752.000000       0.00000000    
   752.500000       0.00000000    
   753.000000       0.00000000    
   753.500000       0.00000000    
   754.000000       0.00000000    
   754.500000       0.00000000    
   755.000000       0.00000000    
   755.500000       0.00000000    
   756.000000       0.00000000    
   756.500000       0.00000000    
   757.000000       0.00000000    
   757.500000       0.00000000    
   758.000000       0.00000000    
   758.500000       0.00000000    
   759.000000       0.00000000    
   759.500000       0.00000000    
   760.000000       0.00000000    
   760.500000       0.00000000    
   761.000000       0.00000000    
   761.500000       0.00000000    
   762.000000       0.00000000    
   762.500000       0.00000000    
   763.000000       0.00000000    
   763.500000       0.00000000    
   764.000000       0.00000000    
   764.500000       0.00000000    
   765.000000       0.00000000    
   765.500000       0.00000000    
   766.000000       0.00000000    
   766.500000       0.00000000    
   767.000000       0.00000000    
   767.500000       0.00000000    
   768.000000       0.00000000    
   768.500000       0.00000000    
   769.000000       0.00000000    
   769.500000       0.00000000    
   770.000000       0.00000000    
   770.500000       0.00000000    
   771.000000       0.00000000    
   771.500000       0.00000000    
   772.000000       0.00000000    
   772.500000       0.00000000    
   773.000000       0.00000000    
   773.500000       0.00000000    
   774.000000       0.00000000    
   774.500000       0.00000000    
   775.000000       0.00000000    
   775.500000       0.00000000    
   776.000000       0.00000000    
   776.500000       0.00000000    
   777.000000       0.00000000    
   777.500000       0.00000000    
   778.000000       0.00000000    
   778.500000       0.00000000    
   779.000000       0.00000000    
   779.500000       0.00000000    
   780.000000       0.00000000    
   780.500000       0.00000000    
   781.000000       0.00000000    
   781.500000       0.00000000    
   782.000000       0.00000000    
   782.500000       0.00000000    
   783.000000       0.00000000    
   783.500000       0.00000000    
   784.000000       0.00000000    
   784.500000       0.00000000    
   785.000000       0.00000000    
   785.500000       0.00000000    
   786.000000       0.00000000    
   786.500000       0.00000000    
   787.000000       0.00000000    
   787.500000       0.00000000    
   788.000000       0.00000000    
   788.500000       0.00000000    
   789.000000       0.00000000    
   789.500000       0.00000000    
   790.000000       0.00000000    
   790.500000       0.00000000    
   791.000000       0.00000000    
   791.500000       0.00000000    
   792.000000       0.00000000    
   792.500000       0.00000000    
   793.000000       0.00000000    
   793.500000       0.00000000    
   794.000000       0.00000000    
   794.500000       0.00000000    
   795.000000       0.00000000    
   795.500000       0.00000000    
   796.000000       0.00000000    
   796.500000       0.00000000    
   797.000000       0.00000000    
   797.500000       0.00000000    
   798.000000       0.00000000    
   798.500000       0.00000000    
   799.000000       0.00000000    
   799.500000       0.00000000    
   800.000000       0.00000000    
   800.500000       0.00000000    
   801.000000       0.00000000    
   801.500000       0.00000000    
   802.000000       0.00000000    
   802.500000       0.00000000    
   803.000000       0.00000000    
   803.500000       0.00000000    
   804.000000       0.00000000    
   804.500000       0.00000000    
   805.000000       0.00000000    
   805.500000       0.00000000    
   806.000000       0.00000000    
   806.500000       0.00000000    
   807.000000       0.00000000    
   807.500000       0.00000000    
   808.000000       0.00000000    
   808.500000       0.00000000    
   809.000000       0.00000000    
   809.500000       0.00000000    
   810.000000       0.00000000    
   810.500000       0.00000000    
   811.000000       0.00000000    
   811.500000       0.00000000    
   812.000000       0.00000000    
   812.500000       0.00000000    
   813.000000       0.00000000    
   813.500000       0.00000000    
   814.000000       0.00000000    
   814.500000       0.00000000    
   815.000000       0.00000000    
   815.500000       0.00000000    
   816.000000       0.00000000    
   816.500000       0.00000000    
   817.000000       0.00000000    
   817.500000       0.00000000    
   818.000000       0.00000000    
   818.500000       0.00000000    
   819.000000       0.00000000    
   819.500000       0.00000000    
   820.000000       0.00000000    
   820.500000       0.00000000    
   821.000000       0.00000000    
   821.500000       0.00000000    
   822.000000       0.00000000    
   822.500000       0.00000000    
   823.000000       0.00000000    
   823.500000       0.00000000    
   824.000000       0.00000000    
   824.500000       0.00000000    
   825.000000       0.00000000    
   825.500000       0.00000000    
   826.000000       0.00000000    
   826.500000       0.00000000    
   827.000000       0.00000000    
   827.500000       0.00000000    
   828.000000       0.00000000    
   828.500000       0.00000000    
   829.000000       0.00000000    
   829.500000       0.00000000    
   830.000000       0.00000000    
   830.500000       0.00000000    
   831.000000       0.00000000    
   831.500000       0.00000000    
   832.000000       0.00000000    
   832.500000       0.00000000    
   833.000000       0.00000000    
   833.500000       0.00000000    
   834.000000       0.00000000    
   834.500000       0.00000000    
   835.000000       0.00000000    
   835.500000       0.00000000    
   836.000000       0.00000000    
   836.500000       0.00000000    
   837.000000       0.00000000    
   837.500000       0.00000000    
   838.000000       0.00000000    
   838.500000       0.00000000    
   839.000000       0.00000000    
   839.500000       0.00000000    
   840.000000       0.00000000    
   840.500000       0.00000000    
   841.000000       0.00000000    
   841.500000       0.00000000    
   842.000000       0.00000000    
   842.500000       0.00000000    
   843.000000       0.00000000    
   843.500000       0.00000000    
   844.000000       0.00000000    
   844.500000       0.00000000    
   845.000000       0.00000000    
   845.500000       0.00000000    
   846.000000       0.00000000    
   846.500000       0.00000000    
   847.000000       0.00000000    
   847.500000       0.00000000    
   848.000000       0.00000000    
   848.500000       0.00000000    
   849.000000       0.00000000    
   849.500000       0.00000000    
   850.000000       0.00000000    
   850.500000       0.00000000    
   851.000000       0.00000000    
   851.500000       0.00000000    
   852.000000       0.00000000    
   852.500000       0.00000000    
   853.000000       0.00000000    
   853.500000       0.00000000    
   854.000000       0.00000000    
   854.500000       0.00000000    
   855.000000       0.00000000    
   855.500000       0.00000000    
   856.000000       0.00000000    
   856.500000       0.00000000    
   857.000000       0.00000000    
   857.500000       0.00000000    
   858.000000       0.00000000    
   858.500000       0.00000000    
   859.000000       0.00000000    
   859.500000       0.00000000    
   860.000000       0.00000000    
   860.500000       0.00000000    
   861.000000       0.00000000    
   861.500000       0.00000000    
   862.000000       0.00000000    
   862.500000       0.00000000    
   863.000000       0.00000000    
   863.500000       0.00000000    
   864.000000       0.00000000    
   864.500000       0.00000000    
   865.000000       0.00000000    
   865.500000       0.00000000    
   866.000000       0.00000000    
   866.500000       0.00000000    
   867.000000       0.00000000    
   867.500000       0.00000000    
   868.000000       0.00000000    
   868.500000       0.00000000    
   869.000000       0.00000000    
   869.500000       0.00000000    
   870.000000       0.00000000    
   870.500000       0.00000000    
   871.000000       0.00000000    
   871.500000       0.00000000    
   872.000000       0.00000000    
   872.500000       0.00000000    
   873.000000       0.00000000    
   873.500000       0.00000000    
   874.000000       0.00000000    
   874.500000       0.00000000    
   875.000000       0.00000000    
   875.500000       0.00000000    
   876.000000       0.00000000    
   876.500000       0.00000000    
   877.000000       0.00000000    
   877.500000       0.00000000    
   878.000000       0.00000000    
   878.500000       0.00000000    
   879.000000       0.00000000    
   879.500000       0.00000000    
   880.000000       0.00000000    
   880.500000       0.00000000    
   881.000000       0.00000000    
   881.500000       0.00000000    
   882.000000       0.00000000    
   882.500000       0.00000000    
   883.000000       0.00000000    
   883.500000       0.00000000    
   884.000000       0.00000000    
   884.500000       0.00000000    
   885.000000       0.00000000    
   885.500000       0.00000000    
   886.000000       0.00000000    
   886.500000       0.00000000    
   887.000000       0.00000000    
   887.500000       0.00000000    
   888.000000       0.00000000    
   888.500000       0.00000000    
   889.000000       0.00000000    
   889.500000       0.00000000    
   890.000000       0.00000000    
   890.500000       0.00000000    
   891.000000       0.00000000    
   891.500000       0.00000000    
   892.000000       0.00000000    
   892.500000       0.00000000    
   893.000000       0.00000000    
   893.500000       0.00000000    
   894.000000       0.00000000    
   894.500000       0.00000000    
   895.000000       0.00000000    
   895.500000       0.00000000    
   896.000000       0.00000000    
   896.500000       0.00000000    
   897.000000       0.00000000    
   897.500000       0.00000000    
   898.000000       0.00000000    
   898.500000       0.00000000    
   899.000000       0.00000000    
   899.500000       0.00000000    
   900.000000       0.00000000    
   900.500000       0.00000000    
   901.000000       0.00000000    
   901.500000       0.00000000    
   902.000000       0.00000000    
   902.500000       0.00000000    
   903.000000       0.00000000    
   903.500000       0.00000000    
   904.000000       0.00000000    
   904.500000       0.00000000    
   905.000000       0.00000000    
   905.500000       0.00000000    
   906.000000       0.00000000    
   906.500000       0.00000000    
   907.000000       0.00000000    
   907.500000       0.00000000    
   908.000000       0.00000000    
   908.500000       0.00000000    
   909.000000       0.00000000    
   909.500000       0.00000000    
   910.000000       0.00000000    
   910.500000       0.00000000    
   911.000000       0.00000000    
   911.500000       0.00000000    
   912.000000       0.00000000    
   912.500000       0.00000000    
   913.000000       0.00000000    
   913.500000       0.00000000    
   914.000000       0.00000000    
   914.500000       0.00000000    
   915.000000       0.00000000    
   915.500000       0.00000000    
   916.000000       0.00000000    
   916.500000       0.00000000    
   917.000000       0.00000000    
   917.500000       0.00000000    
   918.000000       0.00000000    
   918.500000       0.00000000    
   919.000000       0.00000000    
   919.500000       0.00000000    
   920.000000       0.00000000    
   920.500000       0.00000000    
   921.000000       0.00000000    
   921.500000       0.00000000    
   922.000000       0.00000000    
   922.500000       0.00000000    
   923.000000       0.00000000    
   923.500000       0.00000000    
   924.000000       0.00000000    
   924.500000       0.00000000    
   925.000000       0.00000000    
   925.500000       0.00000000    
   926.000000       0.00000000    
   926.500000       0.00000000    
   927.000000       0.00000000    
   927.500000       0.00000000    
   928.000000       0.00000000    
   928.500000       0.00000000    
   929.000000       0.00000000    
   929.500000       0.00000000    
   930.000000       0.00000000    
   930.500000       0.00000000    
   931.000000       0.00000000    
   931.500000       0.00000000    
   932.000000       0.00000000    
   932.500000       0.00000000    
   933.000000       0.00000000    
   933.500000       0.00000000    
   934.000000       0.00000000    
   934.500000       0.00000000    
   935.000000       0.00000000    
   935.500000       0.00000000    
   936.000000       0.00000000    
   936.500000       0.00000000    
   937.000000       0.00000000    
   937.500000       0.00000000    
   938.000000       0.00000000    
   938.500000       0.00000000    
   939.000000       0.00000000    
   939.500000       0.00000000    
   940.000000       0.00000000    
   940.500000       0.00000000    
   941.000000       0.00000000    
   941.500000       0.00000000    
   942.000000       0.00000000    
   942.500000       0.00000000    
   943.000000       0.00000000    
   943.500000       0.00000000    
   944.000000       0.00000000    
   944.500000       0.00000000    
   945.000000       0.00000000    
   945.500000       0.00000000    
   946.000000       0.00000000    
   946.500000       0.00000000    
   947.000000       0.00000000    
   947.500000       0.00000000    
   948.000000       0.00000000    
   948.500000       0.00000000    
   949.000000       0.00000000    
   949.500000       0.00000000    
   950.000000       0.00000000    
   950.500000       0.00000000    
   951.000000       0.00000000    
   951.500000       0.00000000    
   952.000000       0.00000000    
   952.500000       0.00000000    
   953.000000       0.00000000    
   953.500000       0.00000000    
   954.000000       0.00000000    
   954.500000       0.00000000    
   955.000000       0.00000000    
   955.500000       0.00000000    
   956.000000       0.00000000    
   956.500000       0.00000000    
   957.000000       0.00000000    
   957.500000       0.00000000    
   958.000000       0.00000000    
   958.500000       0.00000000    
   959.000000       0.00000000    
   959.500000       0.00000000    
   960.000000       0.00000000    
   960.500000       0.00000000    
   961.000000       0.00000000    
   961.500000       0.00000000    
   962.000000       0.00000000    
   962.500000       0.00000000    
   963.000000       0.00000000    
   963.500000       0.00000000    
   964.000000       0.00000000    
   964.500000       0.00000000    
   965.000000       0.00000000    
   965.500000       0.00000000    
   966.000000       0.00000000    
   966.500000       0.00000000    
   967.000000       0.00000000    
   967.500000       0.00000000    
   968.000000       0.00000000    
   968.500000       0.00000000    
   969.000000       0.00000000    
   969.500000       0.00000000    
   970.000000       0.00000000    
   970.500000       0.00000000    
   971.000000       0.00000000    
   971.500000       0.00000000    
   972.000000       0.00000000    
   972.500000       0.00000000    
   973.000000       0.00000000    
   973.500000       0.00000000    
   974.000000       0.00000000    
   974.500000       0.00000000    
   975.000000       0.00000000    
   975.500000       0.00000000    
   976.000000       0.00000000    
   976.500000       0.00000000    
   977.000000       0.00000000    
   977.500000       0.00000000    
   978.000000       0.00000000    
   978.500000       0.00000000    
   979.000000       0.00000000    
   979.500000       0.00000000    
   980.000000       0.00000000    
   980.500000       0.00000000    
   981.000000       0.00000000    
   981.500000       0.00000000    
   982.000000       0.00000000    
   982.500000       0.00000000    
   983.000000       0.00000000    
   983.500000       0.00000000    
   984.000000       0.00000000    
   984.500000       0.00000000    
   985.000000       0.00000000    
   985.500000       0.00000000    
   986.000000       0.00000000    
   986.500000       0.00000000    
   987.000000       0.00000000    
   987.500000       0.00000000    
   988.000000       0.00000000    
   988.500000       0.00000000    
   989.000000       0.00000000    
   989.500000       0.00000000    
   990.000000       0.00000000    
   990.500000       0.00000000    
   991.000000       0.00000000    
   991.500000       0.00000000    
   992.000000       0.00000000    
   992.500000       0.00000000    
   993.000000       0.00000000    
   993.500000       0.00000000    
   994.000000       0.00000000    
   994.500000       0.00000000    
   995.000000       0.00000000    
   995.500000       0.00000000    
   996.000000       0.00000000    
   996.500000       0.00000000    
   997.000000       0.00000000    
   997.500000       0.00000000    
   998.000000       0.00000000    
   998.500000       0.00000000    
   999.000000       0.00000000    
   999.500000       0.00000000    
   1000.00000       0.00000000    
