   0.00000000       0.00000000    
  0.500000000       6.02864020E-06
   1.00000000      -1.30079316E-05
   1.50000000       2.16503686E-05
   2.00000000      -2.99749445E-05
   2.50000000       3.58698708E-05
   3.00000000      -3.41641316E-05
   3.50000000       2.33121100E-05
   4.00000000      -8.40670509E-07
   4.50000000      -2.54272472E-05
   5.00000000       4.86252284E-05
   5.50000000      -5.29857971E-05
   6.00000000       3.57218523E-05
   6.50000000       1.14181239E-06
   7.00000000      -3.06613438E-05
   7.50000000       3.07223454E-05
   8.00000000       1.40769989E-05
   8.50000000      -6.75105330E-05
   9.00000000       7.70842234E-05
   9.50000000      -2.69390875E-06
   10.0000000      -8.28363845E-05
   10.5000000       8.40867579E-05
   11.0000000       1.49434825E-04
   11.5000000       1.16549811E-04
   12.0000000       7.32987770E-04
   12.5000000       2.82154884E-03
   13.0000000       6.17250800E-03
   13.5000000       1.06317597E-02
   14.0000000       1.56701822E-02
   14.5000000       2.13020481E-02
   15.0000000       2.72872709E-02
   15.5000000       3.35843042E-02
   16.0000000       4.02022973E-02
   16.5000000       4.69080769E-02
   17.0000000       5.39162979E-02
   17.5000000       6.09082989E-02
   18.0000000       6.80896863E-02
   18.5000000       7.53053650E-02
   19.0000000       8.24992806E-02
   19.5000000       8.98428634E-02
   20.0000000       9.69863981E-02
   20.5000000      0.104287878    
   21.0000000      0.111388050    
   21.5000000      0.118455753    
   22.0000000      0.125484869    
   22.5000000      0.132196561    
   23.0000000      0.139012083    
   23.5000000      0.145320892    
   24.0000000      0.151677698    
   24.5000000      0.157564938    
   25.0000000      0.163061634    
   25.5000000      0.168632925    
   26.0000000      0.172562972    
   26.5000000      0.177634194    
   27.0000000      0.180407032    
   27.5000000      0.181266978    
   28.0000000      0.187230080    
   28.5000000      0.178676233    
   29.0000000      0.177639887    
   29.5000000      0.186491221    
   30.0000000      0.120942652    
   30.5000000       4.05262150E-02
   31.0000000       9.86963604E-03
   31.5000000       2.27532908E-03
   32.0000000       2.29975689E-04
   32.5000000      -1.01425248E-04
   33.0000000      -4.54186265E-05
   33.5000000      -3.06229754E-06
   34.0000000       2.53371104E-06
   34.5000000       5.53606355E-07
   35.0000000      -9.79634578E-08
   35.5000000      -3.97133952E-08
   36.0000000       3.58802055E-09
   36.5000000       2.21469043E-09
   37.0000000      -1.74784451E-10
   37.5000000      -1.07144744E-10
   38.0000000       1.14996363E-11
   38.5000000       4.43687968E-12
   39.0000000      -7.65057451E-13
   39.5000000      -1.40066967E-13
   40.0000000       4.32870021E-14
   40.5000000       1.91305102E-15
   41.0000000      -1.91765824E-15
   41.5000000       1.27683361E-16
   42.0000000       5.87487163E-17
   42.5000000      -1.18156844E-17
   43.0000000      -6.55037813E-19
   43.5000000       5.10336989E-19
   44.0000000      -4.73508846E-20
   44.5000000      -1.08526831E-20
   45.0000000       3.21358699E-21
   45.5000000      -1.27847670E-22
   46.0000000      -8.55357967E-23
   46.5000000       1.78915862E-23
   47.0000000      -2.18405707E-25
   47.5000000      -5.25449747E-25
   48.0000000       9.68890057E-26
   48.5000000      -8.57031892E-28
   49.0000000      -2.77265484E-27
   49.5000000       5.26118224E-28
   50.0000000      -1.47258725E-29
   50.5000000      -1.25828549E-29
   51.0000000       2.79243705E-30
   51.5000000      -1.73773189E-31
   52.0000000      -4.51838605E-32
   52.5000000       1.36499756E-32
   53.0000000      -1.43951920E-33
   53.5000000      -8.70965664E-35
   54.0000000       5.64591085E-35
   54.5000000      -9.08582517E-36
   55.0000000       3.51766810E-37
   55.5000000       1.67248290E-37
   56.0000000      -4.38366209E-38
   56.5000000       4.80679565E-39
   57.0000000       1.18189716E-40
   57.5000000      -1.47645010E-40
   58.0000000       2.83959121E-41
   58.5000000      -2.36258921E-42
   59.0000000      -2.01786979E-43
   59.5000000       1.02294788E-43
   60.0000000      -1.96181785E-44
   60.5000000       0.00000000    
   61.0000000       0.00000000    
   61.5000000       0.00000000    
   62.0000000       0.00000000    
   62.5000000       0.00000000    
   63.0000000       0.00000000    
   63.5000000       0.00000000    
   64.0000000       0.00000000    
   64.5000000       0.00000000    
   65.0000000       0.00000000    
   65.5000000       0.00000000    
   66.0000000       0.00000000    
   66.5000000       0.00000000    
   67.0000000       0.00000000    
   67.5000000       0.00000000    
   68.0000000       0.00000000    
   68.5000000       0.00000000    
   69.0000000       0.00000000    
   69.5000000       0.00000000    
   70.0000000       0.00000000    
   70.5000000       0.00000000    
   71.0000000       0.00000000    
   71.5000000       0.00000000    
   72.0000000       0.00000000    
   72.5000000       0.00000000    
   73.0000000       0.00000000    
   73.5000000       0.00000000    
   74.0000000       0.00000000    
   74.5000000       0.00000000    
   75.0000000       0.00000000    
   75.5000000       0.00000000    
   76.0000000       0.00000000    
   76.5000000       0.00000000    
   77.0000000       0.00000000    
   77.5000000       0.00000000    
   78.0000000       0.00000000    
   78.5000000       0.00000000    
   79.0000000       0.00000000    
   79.5000000       0.00000000    
   80.0000000       0.00000000    
   80.5000000       0.00000000    
   81.0000000       0.00000000    
   81.5000000       0.00000000    
   82.0000000       0.00000000    
   82.5000000       0.00000000    
   83.0000000       0.00000000    
   83.5000000       0.00000000    
   84.0000000       0.00000000    
   84.5000000       0.00000000    
   85.0000000       0.00000000    
   85.5000000       0.00000000    
   86.0000000       0.00000000    
   86.5000000       0.00000000    
   87.0000000       0.00000000    
   87.5000000       0.00000000    
   88.0000000       0.00000000    
   88.5000000       0.00000000    
   89.0000000       0.00000000    
   89.5000000       0.00000000    
   90.0000000       0.00000000    
   90.5000000       0.00000000    
   91.0000000       0.00000000    
   91.5000000       0.00000000    
   92.0000000       0.00000000    
   92.5000000       0.00000000    
   93.0000000       0.00000000    
   93.5000000       0.00000000    
   94.0000000       0.00000000    
   94.5000000       0.00000000    
   95.0000000       0.00000000    
   95.5000000       0.00000000    
   96.0000000       0.00000000    
   96.5000000       0.00000000    
   97.0000000       0.00000000    
   97.5000000       0.00000000    
   98.0000000       0.00000000    
   98.5000000       0.00000000    
   99.0000000       0.00000000    
   99.5000000       0.00000000    
   100.000000       0.00000000    
