 -0.250000000       1.07948642E-06
  0.250000000       1.07948642E-06
  0.750000000      -1.02691647E-05
   1.25000000       9.98469750E-06
   1.75000000      -1.45427448E-05
   2.25000000       8.41010478E-06
   2.75000000      -7.18782849E-06
   3.25000000      -3.30535659E-06
   3.75000000       5.80440474E-06
   4.25000000      -1.33775120E-05
   4.75000000       8.03466446E-06
   5.25000000      -4.52248241E-06
   5.75000000      -1.27491148E-05
   6.25000000       2.40665377E-05
   6.75000000      -4.11329092E-05
   7.25000000       4.05715618E-05
   7.75000000      -3.65448359E-05
   8.25000000       1.22631955E-05
   8.75000000       5.66644439E-06
   9.25000000      -2.38483935E-05
   9.75000000       1.34260354E-05
   10.2500000       5.77406126E-06
   10.7500000      -3.86362517E-05
   11.2500000       4.06939034E-05
   11.7500000      -1.88199974E-05
   12.2500000      -3.63852741E-05
   12.7500000       6.16591351E-05
   13.2500000      -4.47231068E-05
   13.7500000      -2.34924755E-05
   14.2500000       4.47860039E-05
   14.7500000       1.12630323E-05
   15.2500000      -1.05937128E-04
   15.7500000       7.84456715E-05
   16.2500000       1.48806081E-04
   16.7500000       5.19140121E-05
   17.2500000       5.22838964E-04
   17.7500000       2.08865851E-03
   18.2500000       5.01102628E-03
   18.7500000       8.80924519E-03
   19.2500000       1.33070797E-02
   19.7500000       1.83079634E-02
   20.2500000       2.35824175E-02
   20.7500000       2.92816143E-02
   21.2500000       3.51124033E-02
   21.7500000       4.11928259E-02
   22.2500000       4.74876799E-02
   22.7500000       5.37874475E-02
   23.2500000       6.03720769E-02
   23.7500000       6.69134483E-02
   24.2500000       7.35613853E-02
   24.7500000       8.03648308E-02
   25.2500000       8.70000422E-02
   25.7500000       9.38941166E-02
   26.2500000      0.100641571    
   26.7500000      0.107354745    
   27.2500000      0.114290908    
   27.7500000      0.120788135    
   28.2500000      0.127554014    
   28.7500000      0.134323835    
   29.2500000      0.140215755    
   29.7500000      0.147297114    
   30.2500000      0.153386846    
   30.7500000      0.157810286    
   31.2500000      0.167189121    
   31.7500000      0.169068724    
   32.2500000      0.172897413    
   32.7500000      0.188909248    
   33.2500000      0.174167186    
   33.7500000      0.187961131    
   34.2500000      0.213034675    
   34.7500000      0.154568851    
   35.2500000      0.203535870    
   35.7500000      0.242656827    
   36.2500000       7.91613311E-02
   36.7500000       2.87171989E-03
   37.2500000      -3.55843978E-04
   37.7500000       1.88614631E-05
   38.2500000      -6.95461786E-05
   38.7500000      -1.69515151E-05
   39.2500000       2.36894061E-06
   39.7500000       1.50995345E-06
   40.2500000       8.05681282E-08
   40.7500000      -8.69902408E-08
   41.2500000      -1.39640548E-08
   41.7500000       4.22054969E-09
   42.2500000       1.03166298E-09
   42.7500000      -2.02861616E-10
   43.2500000      -5.84285814E-11
   43.7500000       1.06386202E-11
   44.2500000       2.77267315E-12
   44.7500000      -5.99314869E-13
   45.2500000      -1.07127686E-13
   45.7500000       3.31833221E-14
   46.2500000       2.77372310E-15
   46.7500000      -1.65204745E-15
   47.2500000       1.22656062E-17
   47.7500000       6.81348869E-17
   48.2500000      -6.95287408E-18
   48.7500000      -2.03061880E-18
   49.2500000       4.93066130E-19
   49.7500000       2.22660607E-20
   50.2500000      -2.13755878E-20
   50.7500000       1.84046434E-21
   51.2500000       5.44750839E-22
   51.7500000      -1.39768305E-22
   52.2500000       8.87768286E-26
   52.7500000       4.87886173E-24
   53.2500000      -7.21689695E-25
   53.7500000      -5.69212632E-26
   54.2500000       3.30193047E-26
   54.7500000      -3.33375854E-27
   55.2500000      -5.41996457E-28
   55.7500000       1.96765317E-28
   56.2500000      -1.56226622E-29
   56.7500000      -3.54982705E-30
   57.2500000       1.10067696E-30
   57.7500000      -8.34589763E-32
   58.2500000      -1.87647249E-32
   58.7500000       5.90141106E-33
   59.2500000      -5.14831490E-34
   59.7500000      -7.98187239E-35
   60.2500000       2.99946152E-35
   60.7500000      -3.33440266E-36
   61.2500000      -2.29099519E-37
   61.7500000       1.39243374E-37
   62.2500000      -2.05247962E-38
   62.7500000       1.07286213E-40
   63.2500000       5.50249269E-40
   63.7500000      -1.12368723E-40
   64.2500000       7.43388835E-42
   64.7500000       1.55544130E-42
   65.2500000      -5.15677835E-43
   65.7500000       6.58610278E-44
   66.2500000       0.00000000    
   66.7500000      -2.80259693E-45
   67.2500000       0.00000000    
   67.7500000       0.00000000    
   68.2500000       0.00000000    
   68.7500000       0.00000000    
   69.2500000       0.00000000    
   69.7500000       0.00000000    
   70.2500000       0.00000000    
   70.7500000       0.00000000    
   71.2500000       0.00000000    
   71.7500000       0.00000000    
   72.2500000       0.00000000    
   72.7500000       0.00000000    
   73.2500000       0.00000000    
   73.7500000       0.00000000    
   74.2500000       0.00000000    
   74.7500000       0.00000000    
   75.2500000       0.00000000    
   75.7500000       0.00000000    
   76.2500000       0.00000000    
   76.7500000       0.00000000    
   77.2500000       0.00000000    
   77.7500000       0.00000000    
   78.2500000       0.00000000    
   78.7500000       0.00000000    
   79.2500000       0.00000000    
   79.7500000       0.00000000    
   80.2500000       0.00000000    
   80.7500000       0.00000000    
   81.2500000       0.00000000    
   81.7500000       0.00000000    
   82.2500000       0.00000000    
   82.7500000       0.00000000    
   83.2500000       0.00000000    
   83.7500000       0.00000000    
   84.2500000       0.00000000    
   84.7500000       0.00000000    
   85.2500000       0.00000000    
   85.7500000       0.00000000    
   86.2500000       0.00000000    
   86.7500000       0.00000000    
   87.2500000       0.00000000    
   87.7500000       0.00000000    
   88.2500000       0.00000000    
   88.7500000       0.00000000    
   89.2500000       0.00000000    
   89.7500000       0.00000000    
   90.2500000       0.00000000    
   90.7500000       0.00000000    
   91.2500000       0.00000000    
   91.7500000       0.00000000    
   92.2500000       0.00000000    
   92.7500000       0.00000000    
   93.2500000       0.00000000    
   93.7500000       0.00000000    
   94.2500000       0.00000000    
   94.7500000       0.00000000    
   95.2500000       0.00000000    
   95.7500000       0.00000000    
   96.2500000       0.00000000    
   96.7500000       0.00000000    
   97.2500000       0.00000000    
   97.7500000       0.00000000    
   98.2500000       0.00000000    
   98.7500000       0.00000000    
   99.2500000       0.00000000    
   99.7500000       0.00000000    
   100.250000       0.00000000    
