   0.00000000       0.00000000    
  0.500000000       1.32388013E-05
   1.00000000      -2.50328703E-05
   1.50000000       3.48662434E-05
   2.00000000      -4.01597244E-05
   2.50000000       4.20582255E-05
   3.00000000      -3.72721443E-05
   3.50000000       2.94923993E-05
   4.00000000      -1.64426237E-05
   4.50000000       4.81809184E-06
   5.00000000       6.21738218E-06
   5.50000000      -7.83464202E-06
   6.00000000       3.57846147E-06
   6.50000000       1.28395041E-05
   7.00000000      -3.02027292E-05
   7.50000000       4.86445279E-05
   8.00000000      -5.13735540E-05
   8.50000000       4.28718340E-05
   9.00000000      -1.57607483E-05
   9.50000000      -7.03985825E-06
   10.0000000       2.06326986E-05
   10.5000000      -1.53523433E-06
   11.0000000      -3.08278504E-05
   11.5000000       6.50943257E-05
   12.0000000      -5.54352300E-05
   12.5000000       1.10001129E-05
   13.0000000       5.07746008E-05
   13.5000000      -5.43813621E-05
   14.0000000       8.27123586E-07
   14.5000000       6.53594616E-05
   15.0000000      -2.11879815E-05
   15.5000000      -9.30552560E-05
   16.0000000       1.51871529E-04
   16.5000000       1.17328469E-04
   17.0000000       8.10944766E-05
   17.5000000       7.58293550E-04
   18.0000000       2.66676792E-03
   18.5000000       5.86724887E-03
   19.0000000       9.81115643E-03
   19.5000000       1.44505650E-02
   20.0000000       1.94588862E-02
   20.5000000       2.47670207E-02
   21.0000000       3.04473899E-02
   21.5000000       3.61865014E-02
   22.0000000       4.22330685E-02
   22.5000000       4.83610965E-02
   23.0000000       5.45394570E-02
   23.5000000       6.09664805E-02
   24.0000000       6.72536120E-02
   24.5000000       7.37458020E-02
   25.0000000       8.02366138E-02
   25.5000000       8.66109580E-02
   26.0000000       9.32417586E-02
   26.5000000       9.95752960E-02
   27.0000000      0.106039062    
   27.5000000      0.112551488    
   28.0000000      0.118611544    
   28.5000000      0.125131547    
   29.0000000      0.131279662    
   29.5000000      0.136763304    
   30.0000000      0.143771052    
   30.5000000      0.148561135    
   31.0000000      0.153325334    
   31.5000000      0.162592202    
   32.0000000      0.161282033    
   32.5000000      0.169363961    
   33.0000000      0.181698829    
   33.5000000      0.162233397    
   34.0000000      0.190439463    
   34.5000000      0.197512046    
   35.0000000      0.138547733    
   35.5000000      0.220481873    
   36.0000000      0.211525142    
   36.5000000       4.44152430E-02
   37.0000000      -1.63065048E-03
   37.5000000      -6.80267403E-05
   38.0000000      -1.72665532E-05
   38.5000000      -6.16280886E-05
   39.0000000      -6.89556146E-06
   39.5000000       3.17329159E-06
   40.0000000       9.59024760E-07
   40.5000000      -6.24382039E-08
   41.0000000      -7.02819705E-08
   41.5000000      -2.68930300E-09
   42.0000000       4.09034895E-09
   42.5000000       3.42852524E-10
   43.0000000      -2.20045704E-10
   43.5000000      -2.04892023E-11
   44.0000000       1.15999536E-11
   44.5000000       8.00660753E-13
   45.0000000      -5.94390964E-13
   45.5000000      -1.17451011E-14
   46.0000000       2.81765645E-14
   46.5000000      -1.29375558E-15
   47.0000000      -1.14549496E-15
   47.5000000       1.49709566E-16
   48.0000000       3.47359940E-17
   48.5000000      -9.53713852E-18
   49.0000000      -4.11241217E-19
   49.5000000       4.22585792E-19
   50.0000000      -3.30643607E-20
   50.5000000      -1.20931318E-20
   51.0000000       2.77208782E-21
   51.5000000       8.06083443E-23
   52.0000000      -1.11508771E-22
   52.5000000       1.28091708E-23
   53.0000000       2.06700608E-24
   53.5000000      -7.51477773E-25
   54.0000000       4.38994746E-26
   54.5000000       1.84965480E-26
   55.0000000      -4.40811083E-27
   55.5000000       1.08444589E-28
   56.0000000       1.25152465E-28
   56.5000000      -2.45587620E-29
   57.0000000       2.35834165E-31
   57.5000000       7.29028901E-31
   58.0000000      -1.35875239E-31
   58.5000000       1.91757144E-33
   59.0000000       3.77931132E-33
   59.5000000      -7.50263264E-34
   60.0000000       2.65625477E-35
   60.5000000       1.71471249E-35
   61.0000000      -4.02290772E-36
   61.5000000       2.72799090E-37
   62.0000000       6.27954184E-38
   62.5000000      -1.99903213E-38
   63.0000000       2.15445996E-39
   63.5000000       1.32788444E-40
   64.0000000      -8.62989659E-41
   64.5000000       1.36906860E-41
   65.0000000      -4.16185644E-43
   65.5000000      -2.85864887E-43
   66.0000000       7.28675201E-44
   66.5000000      -7.00649232E-45
   67.0000000      -1.40129846E-45
   67.5000000       0.00000000    
   68.0000000       0.00000000    
   68.5000000       0.00000000    
   69.0000000       0.00000000    
   69.5000000       0.00000000    
   70.0000000       0.00000000    
   70.5000000       0.00000000    
   71.0000000       0.00000000    
   71.5000000       0.00000000    
   72.0000000       0.00000000    
   72.5000000       0.00000000    
   73.0000000       0.00000000    
   73.5000000       0.00000000    
   74.0000000       0.00000000    
   74.5000000       0.00000000    
   75.0000000       0.00000000    
   75.5000000       0.00000000    
   76.0000000       0.00000000    
   76.5000000       0.00000000    
   77.0000000       0.00000000    
   77.5000000       0.00000000    
   78.0000000       0.00000000    
   78.5000000       0.00000000    
   79.0000000       0.00000000    
   79.5000000       0.00000000    
   80.0000000       0.00000000    
   80.5000000       0.00000000    
   81.0000000       0.00000000    
   81.5000000       0.00000000    
   82.0000000       0.00000000    
   82.5000000       0.00000000    
   83.0000000       0.00000000    
   83.5000000       0.00000000    
   84.0000000       0.00000000    
   84.5000000       0.00000000    
   85.0000000       0.00000000    
   85.5000000       0.00000000    
   86.0000000       0.00000000    
   86.5000000       0.00000000    
   87.0000000       0.00000000    
   87.5000000       0.00000000    
   88.0000000       0.00000000    
   88.5000000       0.00000000    
   89.0000000       0.00000000    
   89.5000000       0.00000000    
   90.0000000       0.00000000    
   90.5000000       0.00000000    
   91.0000000       0.00000000    
   91.5000000       0.00000000    
   92.0000000       0.00000000    
   92.5000000       0.00000000    
   93.0000000       0.00000000    
   93.5000000       0.00000000    
   94.0000000       0.00000000    
   94.5000000       0.00000000    
   95.0000000       0.00000000    
   95.5000000       0.00000000    
   96.0000000       0.00000000    
   96.5000000       0.00000000    
   97.0000000       0.00000000    
   97.5000000       0.00000000    
   98.0000000       0.00000000    
   98.5000000       0.00000000    
   99.0000000       0.00000000    
   99.5000000       0.00000000    
   100.000000       0.00000000    
