 -0.250000000      -1.20585210E-05
  0.250000000      -1.20585210E-05
  0.750000000      -1.75316436E-05
   1.25000000      -6.62903904E-06
   1.75000000      -2.35620828E-05
   2.25000000      -1.12324483E-06
   2.75000000      -3.01279597E-05
   3.25000000       4.35736638E-06
   3.75000000      -3.63756408E-05
   4.25000000       8.48478612E-06
   4.75000000      -4.11660003E-05
   5.25000000       9.92087917E-06
   5.75000000      -4.26144252E-05
   6.25000000       6.92103731E-06
   6.75000000      -3.96373143E-05
   7.25000000      -1.05939273E-06
   7.75000000      -3.24363864E-05
   8.25000000      -1.23802793E-05
   8.75000000      -2.42812057E-05
   9.25000000      -2.25129770E-05
   9.75000000      -2.05142042E-05
   10.2500000      -2.60411325E-05
   10.7500000      -2.56164185E-05
   11.2500000      -2.01790499E-05
   11.7500000      -3.93884875E-05
   12.2500000      -8.95606081E-06
   12.7500000      -5.40682304E-05
   13.2500000      -3.16733326E-06
   13.7500000      -5.75675658E-05
   14.2500000      -1.29512355E-05
   14.7500000      -4.40451731E-05
   15.2500000      -3.71071328E-05
   15.7500000      -2.35323423E-05
   16.2500000      -5.83305809E-05
   16.7500000      -1.62255892E-05
   17.2500000      -5.86587485E-05
   17.7500000      -3.11407748E-05
   18.2500000      -4.32385314E-05
   18.7500000      -4.89710692E-05
   19.2500000      -3.99564924E-05
   19.7500000      -4.31850240E-05
   20.2500000      -6.09059316E-05
   20.7500000      -2.50844641E-05
   21.2500000      -7.24442580E-05
   21.7500000      -3.81009086E-05
   22.2500000      -4.24331993E-05
   22.7500000      -8.16713509E-05
   23.2500000      -1.20923269E-05
   23.7500000      -8.77107304E-05
   24.2500000      -4.22096091E-05
   24.7500000      -4.08082669E-05
   25.2500000      -8.54829923E-05
   25.7500000      -3.13464443E-05
   26.2500000      -6.28349953E-05
   26.7500000      -6.91655732E-05
   27.2500000      -4.73548462E-05
   27.7500000      -4.97403526E-05
   28.2500000      -8.68145362E-05
   28.7500000      -3.77377655E-05
   29.2500000      -4.57094357E-05
   29.7500000      -1.11325928E-04
   30.2500000      -9.42688985E-06
   30.7500000      -6.22763910E-05
   31.2500000      -1.14872157E-04
   31.7500000      -1.22269387E-06
   32.2500000      -6.56068514E-05
   32.7500000      -1.07129017E-04
   33.2500000      -3.21660373E-05
   33.7500000      -3.10254181E-05
   34.2500000      -9.05634224E-05
   34.7500000      -1.08912194E-04
   35.2500000       1.32357281E-05
   35.7500000      -1.77446036E-05
   36.2500000      -1.97318324E-04
   36.7500000      -5.20444664E-05
   37.2500000       1.24012819E-04
   37.7500000      -1.88116883E-05
   38.2500000      -4.43121862E-05
   38.7500000       4.46601131E-04
   39.2500000       1.77659502E-03
   39.7500000       4.10255045E-03
   40.2500000       6.96510170E-03
   40.7500000       1.01592932E-02
   41.2500000       1.38222957E-02
   41.7500000       1.75767858E-02
   42.2500000       2.14137267E-02
   42.7500000       2.56155934E-02
   43.2500000       2.97187977E-02
   43.7500000       3.39443870E-02
   44.2500000       3.85148600E-02
   44.7500000       4.26140390E-02
   45.2500000       4.72700410E-02
   45.7500000       5.22959083E-02
   46.2500000       5.57019562E-02
   46.7500000       6.10539056E-02
   47.2500000       6.72721788E-02
   47.7500000       6.83739260E-02
   48.2500000       7.45016411E-02
   48.7500000       8.46172944E-02
   49.2500000       8.04436654E-02
   49.7500000       8.51231292E-02
   50.2500000      0.106111981    
   50.7500000       9.42736417E-02
   51.2500000       8.77358168E-02
   51.7500000      0.130714878    
   52.2500000      0.118009038    
   52.7500000       7.86886811E-02
   53.2500000      0.146086931    
   53.7500000      0.163343668    
   54.2500000       6.90992847E-02
   54.7500000      0.127005205    
   55.2500000      0.227422416    
   55.7500000       9.00342539E-02
   56.2500000       6.88561425E-02
   56.7500000      0.263269126    
   57.2500000      0.170941144    
   57.7500000       2.21696645E-02
   58.2500000      0.206772238    
   58.7500000      0.292513967    
   59.2500000       4.41109054E-02
   59.7500000      0.105256408    
   60.2500000      0.346333176    
   60.7500000      0.130688548    
   61.2500000      -8.98308493E-03
   61.7500000      -1.20753038E-03
   62.2500000       4.53564076E-04
   62.7500000      -4.90682869E-05
   63.2500000      -3.26315990E-06
   63.7500000       1.88522949E-06
   64.2500000      -2.48151622E-07
   64.7500000      -5.59070212E-09
   65.2500000       7.48999440E-09
   65.7500000      -1.20873223E-09
   66.2500000       1.84021340E-11
   66.7500000       3.10659068E-11
   67.2500000      -6.02839263E-12
   67.7500000       8.41846937E-14
   68.2500000       1.46652100E-13
   68.7500000      -1.91529667E-14
   69.2500000      -6.71213154E-16
   69.7500000       1.79761766E-16
   70.2500000      -3.10749919E-18
   70.7500000       1.71913112E-17
   71.2500000      -3.68299686E-18
   71.7500000      -8.34507158E-19
   72.2500000       3.06140062E-19
   72.7500000       1.56152894E-20
   73.2500000      -1.58299379E-20
   73.7500000       4.13823557E-22
   74.2500000       6.86986221E-22
   74.7500000      -6.56502288E-23
   75.2500000      -2.62030642E-23
   75.7500000       4.92866883E-24
   76.2500000       7.70793082E-25
   76.7500000      -2.84692061E-25
   77.2500000      -7.72544581E-27
   77.7500000       1.30593196E-26
   78.2500000      -9.83759238E-28
   78.7500000      -4.47626323E-28
   79.2500000       8.95020090E-29
   79.7500000       8.37727315E-30
   80.2500000      -4.60396600E-30
   80.7500000       2.10213796E-31
   81.2500000       1.57259021E-31
   81.7500000      -2.79116549E-32
   82.2500000      -2.54519341E-33
   82.7500000       1.40717712E-33
   83.2500000      -9.09001631E-35
   83.7500000      -4.07247435E-35
   84.2500000       9.05003228E-36
   84.7500000       2.29415742E-37
   85.2500000      -3.65065984E-37
   85.7500000       4.49835949E-38
   86.2500000       6.48704079E-39
   86.7500000      -2.58444979E-39
   87.2500000       1.64760470E-40
   87.7500000       6.53383435E-41
   88.2500000      -1.59902168E-41
   88.7500000       2.78858394E-43
   89.2500000       5.05868746E-43
   89.7500000      -8.96831017E-44
   90.2500000      -2.80259693E-45
   90.7500000       2.80259693E-45
   91.2500000       0.00000000    
   91.7500000       0.00000000    
   92.2500000       0.00000000    
   92.7500000       0.00000000    
   93.2500000       0.00000000    
   93.7500000       0.00000000    
   94.2500000       0.00000000    
   94.7500000       0.00000000    
   95.2500000       0.00000000    
   95.7500000       0.00000000    
   96.2500000       0.00000000    
   96.7500000       0.00000000    
   97.2500000       0.00000000    
   97.7500000       0.00000000    
   98.2500000       0.00000000    
   98.7500000       0.00000000    
   99.2500000       0.00000000    
   99.7500000       0.00000000    
   100.250000       0.00000000    
