   0.00000000       0.00000000    
  0.500000000      -4.05455239E-07
   1.00000000       3.78794221E-06
   1.50000000      -4.19432581E-07
   2.00000000       6.09637573E-06
   2.50000000       1.82310760E-06
   3.00000000       5.59766886E-06
   3.50000000       7.12202927E-06
   4.00000000       2.42730130E-06
   4.50000000       1.48689160E-05
   5.00000000      -2.57936699E-06
   5.50000000       2.36708001E-05
   6.00000000      -7.08947118E-06
   6.50000000       3.07128539E-05
   7.00000000      -7.98257497E-06
   7.50000000       3.26910522E-05
   8.00000000      -2.48175456E-06
   8.50000000       2.82988694E-05
   9.00000000       9.22333766E-06
   9.50000000       1.93419091E-05
   10.0000000       2.26429765E-05
   10.5000000       1.26514251E-05
   11.0000000       3.01663076E-05
   11.5000000       1.58294424E-05
   12.0000000       2.54604201E-05
   12.5000000       3.20843646E-05
   13.0000000       9.83081190E-06
   13.5000000       5.40514084E-05
   14.0000000      -3.89226261E-06
   14.5000000       6.57240962E-05
   15.0000000       3.21105290E-07
   15.5000000       5.55753613E-05
   16.0000000       2.51286310E-05
   16.5000000       3.19308383E-05
   17.0000000       5.12039624E-05
   17.5000000       2.06341483E-05
   18.0000000       5.43500864E-05
   18.5000000       3.50752562E-05
   19.0000000       3.84583727E-05
   19.5000000       5.24135794E-05
   20.0000000       3.85783496E-05
   20.5000000       4.00090976E-05
   21.0000000       6.86199637E-05
   21.5000000       1.39483600E-05
   22.0000000       8.30285790E-05
   22.5000000       3.12267584E-05
   23.0000000       4.30740693E-05
   23.5000000       8.55272665E-05
   24.0000000       6.87196916E-06
   24.5000000       8.96473284E-05
   25.0000000       4.40025469E-05
   25.5000000       3.82741891E-05
   26.0000000       8.25742027E-05
   26.5000000       4.06105100E-05
   27.0000000       5.05687785E-05
   27.5000000       7.29712119E-05
   28.0000000       5.73485231E-05
   28.5000000       2.87973926E-05
   29.0000000       1.00364414E-04
   29.5000000       4.39702198E-05
   30.0000000       2.07007324E-05
   30.5000000       1.29324544E-04
   31.0000000       1.80761635E-05
   31.5000000       3.18646780E-05
   32.0000000       1.29083724E-04
   32.5000000       2.38934681E-05
   33.0000000       2.96263825E-05
   33.5000000       1.00527082E-04
   34.0000000       8.05862146E-05
   34.5000000       1.10866813E-05
   35.0000000       3.00743632E-05
   35.5000000       1.64181562E-04
   36.0000000       5.05585776E-05
   36.5000000      -8.96336205E-05
   37.0000000       1.41621887E-04
   37.5000000       2.37907152E-04
   38.0000000       5.23940907E-05
   38.5000000       1.21320452E-04
   39.0000000       7.71731546E-04
   39.5000000       2.35940935E-03
   40.0000000       4.88399481E-03
   40.5000000       7.80206686E-03
   41.0000000       1.10947266E-02
   41.5000000       1.48111619E-02
   42.0000000       1.85035095E-02
   42.5000000       2.23844908E-02
   43.0000000       2.65708901E-02
   43.5000000       3.05491239E-02
   44.0000000       3.48356888E-02
   44.5000000       3.92706133E-02
   45.0000000       4.31895852E-02
   45.5000000       4.80684116E-02
   46.0000000       5.26548624E-02
   46.5000000       5.57828657E-02
   47.0000000       6.19409196E-02
   47.5000000       6.70204163E-02
   48.0000000       6.74029663E-02
   48.5000000       7.60113299E-02
   49.0000000       8.37941393E-02
   49.5000000       7.70411417E-02
   50.0000000       8.80267024E-02
   50.5000000      0.105931327    
   51.0000000       8.58044997E-02
   51.5000000       9.16580334E-02
   52.0000000      0.135185629    
   52.5000000      0.101681978    
   53.0000000       7.87997469E-02
   53.5000000      0.162211746    
   54.0000000      0.140363514    
   54.5000000       5.50804734E-02
   55.0000000      0.157176182    
   55.5000000      0.209832564    
   56.0000000       5.33140190E-02
   56.5000000       9.66129005E-02
   57.0000000      0.275855184    
   57.5000000      0.112725683    
   58.0000000       2.21275538E-02
   58.5000000      0.257309586    
   59.0000000      0.235915989    
   59.5000000       8.51410627E-03
   60.0000000      0.158078641    
   60.5000000      0.329048514    
   61.0000000       6.66642189E-02
   61.5000000      -1.29177086E-02
   62.0000000       5.20173460E-04
   62.5000000       2.49991252E-04
   63.0000000      -5.84800619E-05
   63.5000000       3.81866221E-06
   64.0000000       8.70743293E-07
   64.5000000      -2.55353939E-07
   65.0000000       2.24133849E-08
   65.5000000       2.70056932E-09
   66.0000000      -1.08642007E-09
   66.5000000       1.25439409E-10
   67.0000000       7.98298407E-12
   67.5000000      -4.98127754E-12
   68.0000000       5.67504594E-13
   68.5000000       4.69391439E-14
   69.0000000      -1.77760943E-14
   69.5000000       1.04125728E-15
   70.0000000       2.12559113E-17
   70.5000000       1.16956341E-17
   71.0000000       9.85939485E-18
   71.5000000      -4.27051430E-18
   72.0000000      -7.85080221E-20
   72.5000000       2.51031325E-19
   73.0000000      -1.90959782E-20
   73.5000000      -1.02529053E-20
   74.0000000       1.60436325E-21
   74.5000000       3.50860592E-22
   75.0000000      -9.62620899E-23
   75.5000000      -8.86952840E-24
   76.0000000       5.01266240E-24
   76.5000000      -1.49952351E-26
   77.0000000      -2.21314779E-25
   77.5000000       2.12259744E-26
   78.0000000       7.52699413E-27
   78.5000000      -1.67681399E-27
   79.0000000      -1.40286158E-28
   79.5000000       8.53634142E-29
   80.0000000      -3.89076029E-30
   80.5000000      -3.02246925E-30
   81.0000000       5.19065297E-31
   81.5000000       5.64858243E-32
   82.0000000      -2.75661624E-32
   82.5000000       1.35300722E-33
   83.0000000       8.85369764E-34
   83.5000000      -1.70786863E-34
   84.0000000      -1.00715687E-35
   84.5000000       7.80757909E-36
   85.0000000      -7.36352792E-37
   85.5000000      -1.80759184E-37
   86.0000000       5.34097959E-38
   86.5000000      -1.43505574E-39
   87.0000000      -1.69669358E-39
   87.5000000       3.11452597E-40
   88.0000000       1.13449124E-41
   88.5000000      -1.26761459E-41
   89.0000000       1.62830882E-42
   89.5000000       1.75162308E-43
   90.0000000      -8.12753109E-44
   90.5000000       8.40779079E-45
   91.0000000       1.40129846E-45
   91.5000000       0.00000000    
   92.0000000       0.00000000    
   92.5000000       0.00000000    
   93.0000000       0.00000000    
   93.5000000       0.00000000    
   94.0000000       0.00000000    
   94.5000000       0.00000000    
   95.0000000       0.00000000    
   95.5000000       0.00000000    
   96.0000000       0.00000000    
   96.5000000       0.00000000    
   97.0000000       0.00000000    
   97.5000000       0.00000000    
   98.0000000       0.00000000    
   98.5000000       0.00000000    
   99.0000000       0.00000000    
   99.5000000       0.00000000    
   100.000000       0.00000000    
