 -0.250000000      -1.47449991E-05
  0.250000000      -1.47449991E-05
  0.750000000      -6.41710494E-06
   1.25000000      -2.31453141E-05
   1.75000000       1.27183557E-06
   2.25000000      -3.09182178E-05
   2.75000000       7.32432909E-06
   3.25000000      -3.67640132E-05
   3.75000000       1.05974559E-05
   4.25000000      -3.97234144E-05
   4.75000000       9.96763174E-06
   5.25000000      -3.85845815E-05
   5.75000000       4.64065761E-06
   6.25000000      -3.32042873E-05
   6.75000000      -4.79192022E-06
   7.25000000      -2.52579812E-05
   7.75000000      -1.54783029E-05
   8.25000000      -1.83717711E-05
   8.75000000      -2.31046997E-05
   9.25000000      -1.76085323E-05
   9.75000000      -2.32313359E-05
   10.2500000      -2.52165064E-05
   10.7500000      -1.57411996E-05
   11.2500000      -3.87330656E-05
   11.7500000      -6.40793814E-06
   12.2500000      -4.93818152E-05
   12.7500000      -5.93146615E-06
   13.2500000      -4.69096412E-05
   13.7500000      -2.09520713E-05
   14.2500000      -2.99885651E-05
   14.7500000      -4.56237904E-05
   15.2500000      -1.17934305E-05
   15.7500000      -6.18489503E-05
   16.2500000      -1.10846540E-05
   16.7500000      -5.59344844E-05
   17.2500000      -3.05233807E-05
   17.7500000      -3.86342290E-05
   18.2500000      -4.78197035E-05
   18.7500000      -3.73960283E-05
   19.2500000      -4.08025408E-05
   19.7500000      -5.76227576E-05
   20.2500000      -2.62179437E-05
   20.7500000      -6.39949794E-05
   21.2500000      -4.42021956E-05
   21.7500000      -3.27106100E-05
   22.2500000      -8.41835499E-05
   22.7500000      -1.09188850E-05
   23.2500000      -8.04221563E-05
   23.7500000      -4.88538644E-05
   24.2500000      -3.16818441E-05
   24.7500000      -8.81214655E-05
   25.2500000      -2.94921847E-05
   25.7500000      -5.98545412E-05
   26.2500000      -6.97200521E-05
   26.7500000      -4.54278124E-05
   27.2500000      -4.98128866E-05
   27.7500000      -8.27875192E-05
   28.2500000      -4.20870783E-05
   28.7500000      -4.04804232E-05
   29.2500000      -1.10661000E-04
   29.7500000      -1.45876893E-05
   30.2500000      -5.37627820E-05
   30.7500000      -1.19055097E-04
   31.2500000      -2.45517981E-06
   31.7500000      -6.02848959E-05
   32.2500000      -1.10824476E-04
   32.7500000      -3.10804789E-05
   33.2500000      -3.11811091E-05
   33.7500000      -9.00043233E-05
   34.2500000      -1.07459418E-04
   34.7500000       8.20252990E-06
   35.2500000      -1.44559690E-05
   35.7500000      -1.94212800E-04
   36.2500000      -5.91762728E-05
   36.7500000       1.25766004E-04
   37.2500000      -1.63848872E-05
   37.7500000      -4.78819602E-05
   38.2500000       4.50162217E-04
   38.7500000       1.78108120E-03
   39.2500000       4.11426043E-03
   39.7500000       7.00070802E-03
   40.2500000       1.02126570E-02
   40.7500000       1.38942050E-02
   41.2500000       1.76820029E-02
   41.7500000       2.15435568E-02
   42.2500000       2.57675145E-02
   42.7500000       2.99138129E-02
   43.2500000       3.41649130E-02
   43.7500000       3.87530252E-02
   44.2500000       4.29151058E-02
   44.7500000       4.75993790E-02
   45.2500000       5.26007712E-02
   45.7500000       5.61185442E-02
   46.2500000       6.15560822E-02
   46.7500000       6.75723776E-02
   47.2500000       6.88542798E-02
   47.7500000       7.53989592E-02
   48.2500000       8.48101377E-02
   48.7500000       8.06396231E-02
   49.2500000       8.69426355E-02
   49.7500000      0.106404617    
   50.2500000       9.30511355E-02
   50.7500000       9.09912884E-02
   51.2500000      0.132743090    
   51.7500000      0.113333575    
   52.2500000       8.20232183E-02
   52.7500000      0.154204547    
   53.2500000      0.154347733    
   53.7500000       6.69373795E-02
   54.2500000      0.145099103    
   54.7500000      0.220166072    
   55.2500000       7.47491643E-02
   55.7500000       8.98111314E-02
   56.2500000      0.274994254    
   56.7500000      0.139595434    
   57.2500000       2.90105231E-02
   57.7500000      0.246218696    
   58.2500000      0.260308534    
   58.7500000       2.68869102E-02
   59.2500000      0.148191407    
   59.7500000      0.343351394    
   60.2500000       9.02310535E-02
   60.7500000      -1.00888191E-02
   61.2500000      -2.55448685E-04
   61.7500000       3.12033982E-04
   62.2500000      -4.90312705E-05
   62.7500000       4.73972563E-07
   63.2500000       1.21724588E-06
   63.7500000      -2.27905701E-07
   64.2500000       8.45028580E-09
   64.7500000       4.45946080E-09
   65.2500000      -1.04056730E-09
   65.7500000       6.87945950E-11
   66.2500000       1.76437233E-11
   66.7500000      -5.02248070E-12
   67.2500000       2.68408288E-13
   67.7500000       9.03057400E-14
   68.2500000      -1.47540976E-14
   68.7500000      -8.05284017E-17
   69.2500000      -1.74704185E-18
   69.7500000       1.82247030E-17
   70.2500000       1.63998218E-17
   70.7500000      -4.35442681E-18
   71.2500000      -6.02640212E-19
   71.7500000       2.95397674E-19
   72.2500000       6.06992242E-21
   72.7500000      -1.43072584E-20
   73.2500000       6.95676364E-22
   73.7500000       6.01187538E-22
   74.2500000      -7.27616774E-23
   74.7500000      -2.18047670E-23
   75.2500000       4.95858914E-24
   75.7500000       5.59308101E-25
   76.2500000      -2.68050350E-25
   76.7500000       6.50782513E-28
   77.2500000       1.14664831E-26
   77.7500000      -1.19950624E-27
   78.2500000      -3.53220993E-28
   78.7500000       8.84608392E-29
   79.2500000       4.40539134E-30
   79.7500000      -4.08889184E-30
   80.2500000       3.15092671E-31
   80.7500000       1.22706152E-31
   81.2500000      -2.78108445E-32
   81.7500000      -1.15238670E-33
   82.2500000       1.21693842E-33
   82.7500000      -1.20369324E-34
   83.2500000      -2.91352818E-35
   83.7500000       8.55566602E-36
   84.2500000      -1.46182738E-37
   84.7500000      -2.91108501E-37
   85.2500000       4.81619332E-38
   85.7500000       3.23714519E-39
   86.2500000      -2.20351381E-39
   86.7500000       2.24914009E-40
   87.2500000       4.19800994E-41
   87.7500000      -1.44333742E-41
   88.2500000       8.63199854E-43
   88.7500000       3.54528511E-43
   89.2500000      -8.54792063E-44
   89.7500000       2.80259693E-45
   90.2500000       2.80259693E-45
   90.7500000       0.00000000    
   91.2500000       0.00000000    
   91.7500000       0.00000000    
   92.2500000       0.00000000    
   92.7500000       0.00000000    
   93.2500000       0.00000000    
   93.7500000       0.00000000    
   94.2500000       0.00000000    
   94.7500000       0.00000000    
   95.2500000       0.00000000    
   95.7500000       0.00000000    
   96.2500000       0.00000000    
   96.7500000       0.00000000    
   97.2500000       0.00000000    
   97.7500000       0.00000000    
   98.2500000       0.00000000    
   98.7500000       0.00000000    
   99.2500000       0.00000000    
   99.7500000       0.00000000    
   100.250000       0.00000000    
