   0.00000000       0.00000000    
  0.500000000      -1.31896240E-06
   1.00000000       5.77280298E-06
   1.50000000      -4.48830542E-06
   2.00000000       1.23905083E-05
   2.50000000      -8.63208697E-06
   3.00000000       2.01926123E-05
   3.50000000      -1.35020782E-05
   4.00000000       2.81629727E-05
   4.50000000      -1.78365608E-05
   5.00000000       3.49090333E-05
   5.50000000      -1.95143166E-05
   6.00000000       3.79578487E-05
   6.50000000      -1.63053483E-05
   7.00000000       3.55578813E-05
   7.50000000      -7.05666343E-06
   8.00000000       2.77975159E-05
   8.50000000       6.40825147E-06
   9.00000000       1.84841192E-05
   9.50000000       1.83871016E-05
   10.0000000       1.41837263E-05
   10.5000000       2.23720490E-05
   11.0000000       2.07959911E-05
   11.5000000       1.47469927E-05
   12.0000000       3.79414741E-05
   12.5000000       5.27592420E-07
   13.0000000       5.56628438E-05
   13.5000000      -6.69518340E-06
   14.0000000       5.93970653E-05
   14.5000000       5.40151632E-06
   15.0000000       4.26691295E-05
   15.5000000       3.37835081E-05
   16.0000000       1.91222534E-05
   16.5000000       5.66779381E-05
   17.0000000       1.31443248E-05
   17.5000000       5.41990594E-05
   18.0000000       3.17539161E-05
   18.5000000       3.69657573E-05
   19.0000000       4.81652642E-05
   19.5000000       3.93907976E-05
   20.0000000       3.46521047E-05
   20.5000000       6.74267940E-05
   21.0000000       1.47699193E-05
   21.5000000       7.36716029E-05
   22.0000000       3.95449570E-05
   22.5000000       3.10998439E-05
   23.0000000       9.02356405E-05
   23.5000000       4.69417319E-06
   24.0000000       8.31194047E-05
   24.5000000       5.01154245E-05
   25.0000000       2.98672785E-05
   25.5000000       8.51637596E-05
   26.0000000       3.84582127E-05
   26.5000000       4.95040695E-05
   27.0000000       7.12133697E-05
   27.5000000       5.72321223E-05
   28.0000000       2.94312576E-05
   28.5000000       9.41841863E-05
   29.0000000       5.08187441E-05
   29.5000000       1.53581132E-05
   30.0000000       1.26815969E-04
   30.5000000       2.54446022E-05
   31.0000000       2.34819890E-05
   31.5000000       1.31637149E-04
   32.0000000       2.65229519E-05
   32.5000000       2.52367463E-05
   33.0000000       1.02992090E-04
   33.5000000       7.87971949E-05
   34.0000000       1.36725703E-05
   34.5000000       2.95667560E-05
   35.0000000       1.59725227E-04
   35.5000000       5.72272038E-05
   36.0000000      -8.97753271E-05
   36.5000000       1.35737631E-04
   37.0000000       2.42694223E-04
   37.5000000       5.35351137E-05
   38.0000000       1.19031087E-04
   38.5000000       7.77814828E-04
   39.0000000       2.36483826E-03
   39.5000000       4.90094488E-03
   40.0000000       7.84501154E-03
   40.5000000       1.11514628E-02
   41.0000000       1.48906093E-02
   41.5000000       1.86169855E-02
   42.0000000       2.25173812E-02
   42.5000000       2.67309025E-02
   43.0000000       3.07520814E-02
   43.5000000       3.50553095E-02
   44.0000000       3.95144299E-02
   44.5000000       4.35021557E-02
   45.0000000       4.83847000E-02
   45.5000000       5.29552735E-02
   46.0000000       5.62350005E-02
   46.5000000       6.24063350E-02
   47.0000000       6.72655478E-02
   47.5000000       6.80033639E-02
   48.0000000       7.68649057E-02
   48.5000000       8.37340504E-02
   49.0000000       7.75448903E-02
   49.5000000       8.99817944E-02
   50.0000000      0.105407193    
   50.5000000       8.50541368E-02
   51.0000000       9.58971754E-02
   51.5000000      0.135315433    
   52.0000000       9.70099866E-02
   52.5000000       8.51375014E-02
   53.0000000      0.167600453    
   53.5000000      0.129117280    
   54.0000000       5.81707023E-02
   54.5000000      0.174950168    
   55.0000000      0.194973558    
   55.5000000       4.35752794E-02
   56.0000000      0.124555029    
   56.5000000      0.273926258    
   57.0000000       8.37316066E-02
   57.5000000       4.12325561E-02
   58.0000000      0.287865520    
   58.5000000      0.194865823    
   59.0000000       4.28893417E-03
   59.5000000      0.206023112    
   60.0000000      0.305282325    
   60.5000000       3.61047462E-02
   61.0000000      -1.04800891E-02
   61.5000000       9.04553453E-04
   62.0000000       1.15900999E-04
   62.5000000      -4.47016173E-05
   63.0000000       4.90518687E-06
   63.5000000       3.12423651E-07
   64.0000000      -1.84567511E-07
   64.5000000       2.45569254E-08
   65.0000000       4.51726989E-10
   65.5000000      -7.43114237E-10
   66.0000000       1.24013244E-10
   66.5000000      -9.02388407E-13
   67.0000000      -3.39131197E-12
   67.5000000       5.30486191E-13
   68.0000000       1.24101050E-14
   68.5000000      -1.13808600E-14
   69.0000000       8.11866680E-16
   69.5000000      -7.35081661E-17
   70.0000000       3.44108359E-17
   70.5000000       6.81167228E-18
   71.0000000      -4.34270649E-18
   71.5000000       9.48735838E-20
   72.0000000       2.22039161E-19
   72.5000000      -2.29283981E-20
   73.0000000      -8.60122838E-21
   73.5000000       1.62915181E-21
   74.0000000       2.78619437E-22
   74.5000000      -9.29454536E-23
   75.0000000      -5.74230312E-24
   75.5000000       4.63741665E-24
   76.0000000      -1.35241180E-25
   76.5000000      -1.92951482E-25
   77.0000000       2.42114169E-26
   77.5000000       5.91422541E-27
   78.0000000      -1.64327238E-27
   78.5000000      -7.17534330E-29
   79.0000000       7.61427779E-29
   79.5000000      -5.79258602E-30
   80.0000000      -2.39991014E-30
   80.5000000       5.22929947E-31
   81.0000000       3.00100828E-32
   81.5000000      -2.43105618E-32
   82.0000000       2.00318564E-33
   82.5000000       6.66506858E-34
   83.0000000      -1.66632316E-34
   83.5000000      -2.01778082E-36
   84.0000000       6.49623565E-36
   84.5000000      -8.57275030E-37
   85.0000000      -1.12735403E-37
   85.5000000       4.77954544E-38
   86.0000000      -3.13387790E-39
   86.5000000      -1.22577042E-39
   87.0000000       3.00364122E-40
   87.5000000      -4.08898892E-42
   88.0000000      -9.79787886E-42
   88.5000000       1.71518932E-42
   89.0000000       5.88545355E-44
   89.5000000      -6.72623263E-44
   90.0000000       8.40779079E-45
   90.5000000       1.40129846E-45
   91.0000000       0.00000000    
   91.5000000       0.00000000    
   92.0000000       0.00000000    
   92.5000000       0.00000000    
   93.0000000       0.00000000    
   93.5000000       0.00000000    
   94.0000000       0.00000000    
   94.5000000       0.00000000    
   95.0000000       0.00000000    
   95.5000000       0.00000000    
   96.0000000       0.00000000    
   96.5000000       0.00000000    
   97.0000000       0.00000000    
   97.5000000       0.00000000    
   98.0000000       0.00000000    
   98.5000000       0.00000000    
   99.0000000       0.00000000    
   99.5000000       0.00000000    
   100.000000       0.00000000    
