   0.00000000       0.00000000    
  0.500000000      -4.85754426E-05
   1.00000000       7.49584506E-05
   1.50000000      -6.33634845E-05
   2.00000000       1.68978222E-05
   2.50000000       3.68767287E-05
   3.00000000      -4.31604603E-05
   3.50000000      -7.04132253E-06
   4.00000000       1.71472886E-04
   4.50000000       1.65084974E-04
   5.00000000       7.55843415E-04
   5.50000000       2.95979599E-03
   6.00000000       6.74787164E-03
   6.50000000       1.18259853E-02
   7.00000000       1.76994409E-02
   7.50000000       2.43191160E-02
   8.00000000       3.13955694E-02
   8.50000000       3.89716066E-02
   9.00000000       4.68098819E-02
   9.50000000       5.49647734E-02
   10.0000000       6.32601976E-02
   10.5000000       7.17201605E-02
   11.0000000       8.02477598E-02
   11.5000000       8.87952298E-02
   12.0000000       9.73679945E-02
   12.5000000      0.105813697    
   13.0000000      0.114254169    
   13.5000000      0.122420892    
   14.0000000      0.130536273    
   14.5000000      0.138244748    
   15.0000000      0.145805344    
   15.5000000      0.152849287    
   16.0000000      0.159563124    
   16.5000000      0.165671691    
   17.0000000      0.171152264    
   17.5000000      0.175913244    
   18.0000000      0.179614156    
   18.5000000      0.182339951    
   19.0000000      0.183393568    
   19.5000000      0.182826564    
   20.0000000      0.179611146    
   20.5000000      0.173129782    
   21.0000000      0.161854908    
   21.5000000      0.142929509    
   22.0000000      0.112398535    
   22.5000000       7.43924677E-02
   23.0000000       4.19882648E-02
   23.5000000       2.05690116E-02
   24.0000000       8.12914968E-03
   24.5000000       2.18840200E-03
   25.0000000       2.27755096E-04
   25.5000000      -7.95207598E-05
   26.0000000      -3.10078212E-05
   26.5000000      -9.35228854E-08
   27.0000000       1.72320165E-06
   27.5000000       1.20561808E-07
   28.0000000      -8.20499864E-08
   28.5000000      -6.14235596E-09
   29.0000000       3.82983467E-09
   29.5000000       1.13812265E-10
   30.0000000      -1.65771397E-10
   30.5000000       7.60803226E-12
   31.0000000       5.74235147E-12
   31.5000000      -8.55311265E-13
   32.0000000      -1.13921134E-13
   32.5000000       4.38206905E-14
   33.0000000      -1.73773150E-15
   33.5000000      -1.22811953E-15
   34.0000000       2.33610205E-16
   34.5000000       4.04433582E-18
   35.0000000      -7.93625369E-18
   35.5000000       1.16248375E-18
   36.0000000       4.41978305E-20
   36.5000000      -4.18992442E-20
   37.0000000       6.09847267E-21
   37.5000000       9.65407219E-23
   38.0000000      -1.88965887E-22
   38.5000000       3.27248975E-23
   39.0000000      -1.08477279E-24
   39.5000000      -6.69621177E-25
   40.0000000       1.60238210E-25
   40.5000000      -1.43495817E-26
   41.0000000      -1.25342179E-27
   41.5000000       6.22078646E-28
   42.0000000      -9.64331119E-29
   42.5000000       4.51191671E-30
   43.0000000       1.43687050E-30
   43.5000000      -4.14617546E-31
   44.0000000       5.36897935E-32
   44.5000000      -1.59925713E-33
   45.0000000      -9.29819613E-34
   45.5000000       2.40443168E-34
   46.0000000      -3.10540496E-35
   46.5000000       1.28845632E-36
   47.0000000       4.27089495E-37
   47.5000000      -1.24681013E-37
   48.0000000       1.83149345E-38
   48.5000000      -1.33089022E-39
   49.0000000      -1.06561742E-40
   49.5000000       5.36613234E-41
   50.0000000      -9.91278534E-42
   50.5000000       1.10422319E-42
   51.0000000      -3.78350585E-44
   51.5000000      -1.40129846E-44
   52.0000000       5.60519386E-45
   52.5000000       0.00000000    
   53.0000000       0.00000000    
   53.5000000       0.00000000    
   54.0000000       0.00000000    
   54.5000000       0.00000000    
   55.0000000       0.00000000    
   55.5000000       0.00000000    
   56.0000000       0.00000000    
   56.5000000       0.00000000    
   57.0000000       0.00000000    
   57.5000000       0.00000000    
   58.0000000       0.00000000    
   58.5000000       0.00000000    
   59.0000000       0.00000000    
   59.5000000       0.00000000    
   60.0000000       0.00000000    
   60.5000000       0.00000000    
   61.0000000       0.00000000    
   61.5000000       0.00000000    
   62.0000000       0.00000000    
   62.5000000       0.00000000    
   63.0000000       0.00000000    
   63.5000000       0.00000000    
   64.0000000       0.00000000    
   64.5000000       0.00000000    
   65.0000000       0.00000000    
   65.5000000       0.00000000    
   66.0000000       0.00000000    
   66.5000000       0.00000000    
   67.0000000       0.00000000    
   67.5000000       0.00000000    
   68.0000000       0.00000000    
   68.5000000       0.00000000    
   69.0000000       0.00000000    
   69.5000000       0.00000000    
   70.0000000       0.00000000    
   70.5000000       0.00000000    
   71.0000000       0.00000000    
   71.5000000       0.00000000    
   72.0000000       0.00000000    
   72.5000000       0.00000000    
   73.0000000       0.00000000    
   73.5000000       0.00000000    
   74.0000000       0.00000000    
   74.5000000       0.00000000    
   75.0000000       0.00000000    
   75.5000000       0.00000000    
   76.0000000       0.00000000    
   76.5000000       0.00000000    
   77.0000000       0.00000000    
   77.5000000       0.00000000    
   78.0000000       0.00000000    
   78.5000000       0.00000000    
   79.0000000       0.00000000    
   79.5000000       0.00000000    
   80.0000000       0.00000000    
   80.5000000       0.00000000    
   81.0000000       0.00000000    
   81.5000000       0.00000000    
   82.0000000       0.00000000    
   82.5000000       0.00000000    
   83.0000000       0.00000000    
   83.5000000       0.00000000    
   84.0000000       0.00000000    
   84.5000000       0.00000000    
   85.0000000       0.00000000    
   85.5000000       0.00000000    
   86.0000000       0.00000000    
   86.5000000       0.00000000    
   87.0000000       0.00000000    
   87.5000000       0.00000000    
   88.0000000       0.00000000    
   88.5000000       0.00000000    
   89.0000000       0.00000000    
   89.5000000       0.00000000    
   90.0000000       0.00000000    
   90.5000000       0.00000000    
   91.0000000       0.00000000    
   91.5000000       0.00000000    
   92.0000000       0.00000000    
   92.5000000       0.00000000    
   93.0000000       0.00000000    
   93.5000000       0.00000000    
   94.0000000       0.00000000    
   94.5000000       0.00000000    
   95.0000000       0.00000000    
   95.5000000       0.00000000    
   96.0000000       0.00000000    
   96.5000000       0.00000000    
   97.0000000       0.00000000    
   97.5000000       0.00000000    
   98.0000000       0.00000000    
   98.5000000       0.00000000    
   99.0000000       0.00000000    
   99.5000000       0.00000000    
   100.000000       0.00000000    
