 -0.250000000      -3.44910359E-06
  0.250000000      -3.44910359E-06
  0.750000000       3.61437151E-06
   1.25000000      -6.41470433E-06
   1.75000000       1.92011491E-08
   2.25000000       3.93600612E-06
   2.75000000      -1.43880370E-05
   3.25000000       1.62311480E-05
   3.75000000      -1.68631468E-05
   4.25000000       2.30234241E-06
   4.75000000       1.47047831E-05
   5.25000000      -3.94623239E-05
   5.75000000       5.03221927E-05
   6.25000000      -4.94663036E-05
   6.75000000       2.26975590E-05
   7.25000000       6.62630009E-06
   7.75000000      -2.85598144E-05
   8.25000000       1.04065839E-05
   8.75000000       3.21068255E-05
   9.25000000      -7.42895500E-05
   9.75000000       5.44536051E-05
   10.2500000       1.90217670E-05
   10.7500000      -7.92799474E-05
   11.2500000       3.38008722E-05
   11.7500000       1.51568907E-04
   12.2500000       1.06289895E-04
   12.7500000       4.92198218E-04
   13.2500000       2.20013596E-03
   13.7500000       5.20426361E-03
   14.2500000       9.38287843E-03
   14.7500000       1.42204631E-02
   15.2500000       1.96697488E-02
   15.7500000       2.55264081E-02
   16.2500000       3.17019224E-02
   16.7500000       3.82453352E-02
   17.2500000       4.49043140E-02
   17.7500000       5.18827438E-02
   18.2500000       5.89140616E-02
   18.7500000       6.61149323E-02
   19.2500000       7.34454244E-02
   19.7500000       8.07371736E-02
   20.2500000       8.82404670E-02
   20.7500000       9.55945253E-02
   21.2500000      0.103083111    
   21.7500000      0.110506557    
   22.2500000      0.117818214    
   22.7500000      0.125235707    
   23.2500000      0.132308647    
   23.7500000      0.139523745    
   24.2500000      0.146363392    
   24.7500000      0.153086558    
   25.2500000      0.159729600    
   25.7500000      0.165556177    
   26.2500000      0.171954125    
   26.7500000      0.176797330    
   27.2500000      0.181580111    
   27.7500000      0.187317878    
   28.2500000      0.187007308    
   28.7500000      0.193263933    
   29.2500000      0.194379240    
   29.7500000      0.179957971    
   30.2500000      0.199869841    
   30.7500000      0.174119726    
   31.2500000       7.31184483E-02
   31.7500000       1.67941023E-02
   32.2500000       3.51274689E-03
   32.7500000       5.64277463E-04
   33.2500000      -6.89993467E-05
   33.7500000      -6.48891510E-05
   34.2500000      -1.09841985E-05
   34.7500000       2.26454745E-06
   35.2500000       1.08581366E-06
   35.7500000      -7.99380295E-09
   36.2500000      -6.57245351E-08
   36.7500000      -3.73496345E-09
   37.2500000       3.44673623E-09
   37.7500000       2.59210764E-10
   38.2500000      -1.74106715E-10
   38.7500000      -9.63450326E-12
   39.2500000       8.49977554E-12
   39.7500000       5.15657395E-14
   40.2500000      -3.78635166E-13
   40.7500000       2.38535557E-14
   41.2500000       1.39447220E-14
   41.7500000      -2.20234623E-15
   42.2500000      -3.41438716E-16
   42.7500000       1.21296018E-16
   43.2500000      -5.92463151E-19
   43.7500000      -4.44441331E-18
   44.2500000       5.76637428E-19
   44.7500000       8.36821790E-20
   45.2500000      -3.16555041E-20
   45.7500000       1.58248072E-21
   46.2500000       8.43468003E-22
   46.7500000      -1.79802012E-22
   47.2500000       8.48041250E-26
   47.7500000       5.81048516E-24
   48.2500000      -9.46487147E-25
   48.7500000      -2.58509904E-26
   49.2500000       3.37752122E-26
   49.7500000      -5.03216952E-27
   50.2500000      -1.39667717E-28
   50.7500000       1.75408848E-28
   51.2500000      -2.76184252E-29
   51.7500000      -5.65482372E-32
   52.2500000       8.08718296E-31
   52.7500000      -1.50675136E-31
   53.2500000       5.82425933E-33
   53.7500000       3.09856123E-33
   54.2500000      -7.64691355E-34
   54.7500000       6.51964007E-35
   55.2500000       7.87743649E-36
   55.7500000      -3.33546845E-36
   56.2500000       4.62704358E-37
   56.7500000      -5.73471587E-39
   57.2500000      -1.09875112E-38
   57.7500000       2.41860191E-39
   58.2500000      -2.18699250E-40
   58.7500000      -1.63055089E-41
   59.2500000       9.00334263E-42
   59.7500000      -1.49798806E-42
   60.2500000       9.38869971E-44
   60.7500000       1.54142831E-44
   61.2500000      -5.60519386E-45
   61.7500000       0.00000000    
   62.2500000       0.00000000    
   62.7500000       0.00000000    
   63.2500000       0.00000000    
   63.7500000       0.00000000    
   64.2500000       0.00000000    
   64.7500000       0.00000000    
   65.2500000       0.00000000    
   65.7500000       0.00000000    
   66.2500000       0.00000000    
   66.7500000       0.00000000    
   67.2500000       0.00000000    
   67.7500000       0.00000000    
   68.2500000       0.00000000    
   68.7500000       0.00000000    
   69.2500000       0.00000000    
   69.7500000       0.00000000    
   70.2500000       0.00000000    
   70.7500000       0.00000000    
   71.2500000       0.00000000    
   71.7500000       0.00000000    
   72.2500000       0.00000000    
   72.7500000       0.00000000    
   73.2500000       0.00000000    
   73.7500000       0.00000000    
   74.2500000       0.00000000    
   74.7500000       0.00000000    
   75.2500000       0.00000000    
   75.7500000       0.00000000    
   76.2500000       0.00000000    
   76.7500000       0.00000000    
   77.2500000       0.00000000    
   77.7500000       0.00000000    
   78.2500000       0.00000000    
   78.7500000       0.00000000    
   79.2500000       0.00000000    
   79.7500000       0.00000000    
   80.2500000       0.00000000    
   80.7500000       0.00000000    
   81.2500000       0.00000000    
   81.7500000       0.00000000    
   82.2500000       0.00000000    
   82.7500000       0.00000000    
   83.2500000       0.00000000    
   83.7500000       0.00000000    
   84.2500000       0.00000000    
   84.7500000       0.00000000    
   85.2500000       0.00000000    
   85.7500000       0.00000000    
   86.2500000       0.00000000    
   86.7500000       0.00000000    
   87.2500000       0.00000000    
   87.7500000       0.00000000    
   88.2500000       0.00000000    
   88.7500000       0.00000000    
   89.2500000       0.00000000    
   89.7500000       0.00000000    
   90.2500000       0.00000000    
   90.7500000       0.00000000    
   91.2500000       0.00000000    
   91.7500000       0.00000000    
   92.2500000       0.00000000    
   92.7500000       0.00000000    
   93.2500000       0.00000000    
   93.7500000       0.00000000    
   94.2500000       0.00000000    
   94.7500000       0.00000000    
   95.2500000       0.00000000    
   95.7500000       0.00000000    
   96.2500000       0.00000000    
   96.7500000       0.00000000    
   97.2500000       0.00000000    
   97.7500000       0.00000000    
   98.2500000       0.00000000    
   98.7500000       0.00000000    
   99.2500000       0.00000000    
   99.7500000       0.00000000    
   100.250000       0.00000000    
