   0.00000000       0.00000000    
  0.500000000      -1.74550696E-05
   1.00000000       3.21159750E-05
   1.50000000      -4.08047999E-05
   2.00000000       4.22993398E-05
   2.50000000      -3.50818300E-05
   3.00000000       2.18262576E-05
   3.50000000      -4.77765570E-06
   4.00000000      -7.65684126E-06
   4.50000000       1.18904582E-05
   5.00000000      -2.19657522E-07
   5.50000000      -2.15341934E-05
   6.00000000       4.83653857E-05
   6.50000000      -6.07034999E-05
   7.00000000       5.11770268E-05
   7.50000000      -1.48196214E-05
   8.00000000      -2.15282453E-05
   8.50000000       3.17477243E-05
   9.00000000       9.83793871E-06
   9.50000000      -7.12179317E-05
   10.0000000       9.57181401E-05
   10.5000000      -2.82866567E-05
   11.0000000      -6.24915192E-05
   11.5000000       7.25574064E-05
   12.0000000       1.67595528E-04
   12.5000000       8.93358374E-05
   13.0000000       7.50323117E-04
   13.5000000       2.78796721E-03
   14.0000000       6.10798039E-03
   14.5000000       1.04838554E-02
   15.0000000       1.54139055E-02
   15.5000000       2.09535025E-02
   16.0000000       2.67763995E-02
   16.5000000       3.29641923E-02
   17.0000000       3.94046530E-02
   17.5000000       4.59671840E-02
   18.0000000       5.28151654E-02
   18.5000000       5.96282408E-02
   19.0000000       6.66694790E-02
   19.5000000       7.36969337E-02
   20.0000000       8.07498842E-02
   20.5000000       8.79306048E-02
   21.0000000       9.49204862E-02
   21.5000000      0.102095880    
   22.0000000      0.109047860    
   22.5000000      0.116012968    
   23.0000000      0.122934029    
   23.5000000      0.129552275    
   24.0000000      0.136328310    
   24.5000000      0.142566934    
   25.0000000      0.148932099    
   25.5000000      0.154892832    
   26.0000000      0.160297424    
   26.5000000      0.166284636    
   27.0000000      0.170157388    
   27.5000000      0.175274640    
   28.0000000      0.179767549    
   28.5000000      0.178701147    
   29.0000000      0.187312335    
   29.5000000      0.182893112    
   30.0000000      0.171971440    
   30.5000000      0.197544396    
   31.0000000      0.150897503    
   31.5000000       5.15470505E-02
   32.0000000       1.02764033E-02
   32.5000000       2.16638995E-03
   33.0000000       2.33891362E-04
   33.5000000      -1.03753475E-04
   34.0000000      -4.75605775E-05
   34.5000000      -3.52505049E-06
   35.0000000       2.62428421E-06
   35.5000000       6.25005555E-07
   36.0000000      -9.42374712E-08
   36.5000000      -4.53407480E-08
   37.0000000       2.86033353E-09
   37.5000000       2.58164423E-09
   38.0000000      -1.19077539E-10
   38.5000000      -1.30127742E-10
   39.0000000       8.69624511E-12
   39.5000000       5.83054048E-12
   40.0000000      -6.87709546E-13
   40.5000000      -2.16632498E-13
   41.0000000       4.53550432E-14
   41.5000000       5.37670850E-15
   42.0000000      -2.34847084E-15
   42.5000000       1.87331659E-17
   43.0000000       8.97643298E-17
   43.5000000      -1.09761276E-17
   44.0000000      -2.03379249E-18
   44.5000000       6.61122037E-19
   45.0000000      -1.45248553E-20
   45.5000000      -2.13652626E-20
   46.0000000       3.56085906E-21
   46.5000000       2.03653265E-22
   47.0000000      -1.50643958E-22
   47.5000000       1.68018853E-23
   48.0000000       2.21894109E-24
   48.5000000      -9.03274431E-25
   49.0000000       8.08215361E-26
   49.5000000       1.44455454E-26
   50.0000000      -5.00238925E-27
   50.5000000       4.43488462E-28
   51.0000000       7.09796245E-29
   51.5000000      -2.61145418E-29
   52.0000000       2.73362020E-30
   52.5000000       2.48240615E-31
   53.0000000      -1.25635484E-31
   53.5000000       1.69878035E-32
   54.0000000       2.52898518E-34
   54.5000000      -5.23539929E-34
   55.0000000       9.63747066E-35
   55.5000000      -4.86545068E-36
   56.0000000      -1.63750976E-36
   56.5000000       4.62716107E-37
   57.0000000      -5.08356275E-38
   57.5000000      -1.77662785E-39
   58.0000000       1.70163036E-39
   58.5000000      -3.08797136E-40
   59.0000000       2.09059718E-41
   59.5000000       3.49483837E-42
   60.0000000      -1.27518160E-42
   60.5000000       1.84971397E-43
   61.0000000      -9.80908925E-45
   61.5000000      -2.80259693E-45
   62.0000000       0.00000000    
   62.5000000       0.00000000    
   63.0000000       0.00000000    
   63.5000000       0.00000000    
   64.0000000       0.00000000    
   64.5000000       0.00000000    
   65.0000000       0.00000000    
   65.5000000       0.00000000    
   66.0000000       0.00000000    
   66.5000000       0.00000000    
   67.0000000       0.00000000    
   67.5000000       0.00000000    
   68.0000000       0.00000000    
   68.5000000       0.00000000    
   69.0000000       0.00000000    
   69.5000000       0.00000000    
   70.0000000       0.00000000    
   70.5000000       0.00000000    
   71.0000000       0.00000000    
   71.5000000       0.00000000    
   72.0000000       0.00000000    
   72.5000000       0.00000000    
   73.0000000       0.00000000    
   73.5000000       0.00000000    
   74.0000000       0.00000000    
   74.5000000       0.00000000    
   75.0000000       0.00000000    
   75.5000000       0.00000000    
   76.0000000       0.00000000    
   76.5000000       0.00000000    
   77.0000000       0.00000000    
   77.5000000       0.00000000    
   78.0000000       0.00000000    
   78.5000000       0.00000000    
   79.0000000       0.00000000    
   79.5000000       0.00000000    
   80.0000000       0.00000000    
   80.5000000       0.00000000    
   81.0000000       0.00000000    
   81.5000000       0.00000000    
   82.0000000       0.00000000    
   82.5000000       0.00000000    
   83.0000000       0.00000000    
   83.5000000       0.00000000    
   84.0000000       0.00000000    
   84.5000000       0.00000000    
   85.0000000       0.00000000    
   85.5000000       0.00000000    
   86.0000000       0.00000000    
   86.5000000       0.00000000    
   87.0000000       0.00000000    
   87.5000000       0.00000000    
   88.0000000       0.00000000    
   88.5000000       0.00000000    
   89.0000000       0.00000000    
   89.5000000       0.00000000    
   90.0000000       0.00000000    
   90.5000000       0.00000000    
   91.0000000       0.00000000    
   91.5000000       0.00000000    
   92.0000000       0.00000000    
   92.5000000       0.00000000    
   93.0000000       0.00000000    
   93.5000000       0.00000000    
   94.0000000       0.00000000    
   94.5000000       0.00000000    
   95.0000000       0.00000000    
   95.5000000       0.00000000    
   96.0000000       0.00000000    
   96.5000000       0.00000000    
   97.0000000       0.00000000    
   97.5000000       0.00000000    
   98.0000000       0.00000000    
   98.5000000       0.00000000    
   99.0000000       0.00000000    
   99.5000000       0.00000000    
   100.000000       0.00000000    
