 -0.250000000      -8.67610652E-06
  0.250000000      -8.67610652E-06
  0.750000000      -8.46873172E-06
   1.25000000      -8.66514893E-06
   1.75000000      -9.48944034E-06
   2.25000000      -6.92243884E-06
   2.75000000      -1.28525917E-05
   3.25000000      -2.95503219E-06
   3.75000000      -1.85878835E-05
   4.25000000       2.63946458E-06
   4.75000000      -2.52941390E-05
   5.25000000       7.72326894E-06
   5.75000000      -3.03855923E-05
   6.25000000       8.97330028E-06
   6.75000000      -3.02945991E-05
   7.25000000       3.91310550E-06
   7.75000000      -2.38369248E-05
   8.25000000      -7.14671387E-06
   8.75000000      -1.36649478E-05
   9.25000000      -1.93483738E-05
   9.75000000      -6.67745462E-06
   10.2500000      -2.41891321E-05
   10.7500000      -1.10861038E-05
   11.2500000      -1.58553448E-05
   11.7500000      -2.84132748E-05
   12.2500000       1.22994231E-06
   12.7500000      -4.81002971E-05
   13.2500000       1.16896590E-05
   13.7500000      -5.26736294E-05
   14.2500000       8.30984220E-07
   14.7500000      -3.60021404E-05
   15.2500000      -2.54286151E-05
   15.7500000      -1.60661384E-05
   16.2500000      -4.07060870E-05
   16.7500000      -1.90484425E-05
   17.2500000      -2.97768856E-05
   17.7500000      -4.04419588E-05
   18.2500000      -1.87459609E-05
   18.7500000      -4.04239654E-05
   19.2500000      -4.31059088E-05
   19.7500000      -8.72761666E-06
   20.2500000      -7.57082744E-05
   20.7500000      -3.59797309E-06
   21.2500000      -5.35323525E-05
   21.7500000      -5.53552563E-05
   22.2500000      -6.35977312E-06
   22.7500000      -7.96556706E-05
   23.2500000      -2.72178495E-05
   23.7500000      -3.73745497E-05
   24.2500000      -6.50299407E-05
   24.7500000      -4.26096449E-05
   25.2500000      -2.98034920E-05
   25.7500000      -7.51755651E-05
   26.2500000      -5.19467831E-05
   26.7500000      -7.74062755E-06
   27.2500000      -1.10457389E-04
   27.7500000      -3.55061311E-05
   28.2500000      -6.36369714E-06
   28.7500000      -1.24765982E-04
   29.2500000      -3.65473497E-05
   29.7500000      -9.67108190E-06
   30.2500000      -9.49580208E-05
   30.7500000      -8.97783975E-05
   31.2500000      -1.45424319E-05
   31.7500000      -3.51701010E-06
   32.2500000      -1.58318609E-04
   32.7500000      -1.01869846E-04
   33.2500000       1.27070482E-04
   33.7500000       1.54426689E-05
   34.2500000      -6.96645584E-05
   34.7500000       4.66717320E-04
   35.2500000       1.82906480E-03
   35.7500000       4.19973396E-03
   36.2500000       7.25557515E-03
   36.7500000       1.06153358E-02
   37.2500000       1.44242393E-02
   37.7500000       1.84534434E-02
   38.2500000       2.25075930E-02
   38.7500000       2.69003436E-02
   39.2500000       3.13473791E-02
   39.7500000       3.57963219E-02
   40.2500000       4.05484214E-02
   40.7500000       4.51321118E-02
   41.2500000       4.99875098E-02
   41.7500000       5.49600162E-02
   42.2500000       5.92719689E-02
   42.7500000       6.49606809E-02
   43.2500000       6.99890181E-02
   43.7500000       7.30537474E-02
   44.2500000       8.09061676E-02
   44.7500000       8.59170333E-02
   45.2500000       8.51209685E-02
   45.7500000       9.80878770E-02
   46.2500000      0.104202643    
   46.7500000       9.31485370E-02
   47.2500000      0.115520746    
   47.7500000      0.128753379    
   48.2500000       9.51689109E-02
   48.7500000      0.127514645    
   49.2500000      0.165621147    
   49.7500000       9.50125977E-02
   50.2500000      0.120933309    
   50.7500000      0.215718478    
   51.2500000      0.108862028    
   51.7500000       8.56482461E-02
   52.2500000      0.257828653    
   52.7500000      0.160509139    
   53.2500000       4.05659489E-02
   53.7500000      0.244622782    
   54.2500000      0.256234616    
   54.7500000       3.13561670E-02
   55.2500000      0.166625306    
   55.7500000      0.339045346    
   56.2500000       7.71679282E-02
   56.7500000      -9.99101531E-03
   57.2500000      -2.33694504E-06
   57.7500000       2.66252784E-04
   58.2500000      -4.72927532E-05
   58.7500000       1.24756821E-06
   59.2500000       1.02078650E-06
   59.7500000      -2.11327190E-07
   60.2500000       1.13281544E-08
   60.7500000       3.74936260E-09
   61.2500000      -1.03491038E-09
   61.7500000       6.18112297E-11
   62.2500000       2.13610900E-11
   62.7500000      -3.95600826E-12
   63.2500000      -1.36152428E-13
   63.7500000       5.08066523E-14
   64.2500000       7.42257005E-15
   64.7500000       1.31830207E-15
   65.2500000      -1.03385718E-15
   65.7500000      -4.97331888E-17
   66.2500000       6.79967477E-17
   66.7500000      -1.60960869E-18
   67.2500000      -3.32710695E-18
   67.7500000       2.69001048E-19
   68.2500000       1.41518363E-19
   68.7500000      -2.10684873E-20
   69.2500000      -5.18484724E-21
   69.7500000       1.32719857E-21
   70.2500000       1.34953906E-22
   70.7500000      -7.03861900E-23
   71.2500000       1.24931113E-25
   71.7500000       3.05533402E-24
   72.2500000      -2.99634270E-25
   72.7500000      -9.92337284E-26
   73.2500000       2.29389843E-26
   73.7500000       1.59217591E-27
   74.2500000      -1.11355305E-27
   74.7500000       6.56832028E-29
   75.2500000       3.63594990E-29
   75.7500000      -7.06562308E-30
   76.2500000      -5.16711817E-31
   76.7500000       3.38346113E-31
   77.2500000      -2.53150467E-32
   77.7500000      -9.27919445E-33
   78.2500000       2.22735847E-33
   78.7500000       2.69950097E-35
   79.2500000      -8.50969863E-35
   79.7500000       1.14873593E-35
   80.2500000       1.33367400E-36
   80.7500000      -6.08905392E-37
   81.2500000       4.66611089E-38
   81.7500000       1.39306906E-38
   82.2500000      -3.81074429E-39
   82.7500000       1.33021059E-40
   83.2500000       1.07789279E-40
   83.7500000      -2.21517261E-41
   84.2500000       7.70714155E-44
   84.7500000       7.23070008E-43
   85.2500000      -1.21912966E-43
   85.7500000      -2.80259693E-45
   86.2500000       4.20389539E-45
   86.7500000       0.00000000    
   87.2500000       0.00000000    
   87.7500000       0.00000000    
   88.2500000       0.00000000    
   88.7500000       0.00000000    
   89.2500000       0.00000000    
   89.7500000       0.00000000    
   90.2500000       0.00000000    
   90.7500000       0.00000000    
   91.2500000       0.00000000    
   91.7500000       0.00000000    
   92.2500000       0.00000000    
   92.7500000       0.00000000    
   93.2500000       0.00000000    
   93.7500000       0.00000000    
   94.2500000       0.00000000    
   94.7500000       0.00000000    
   95.2500000       0.00000000    
   95.7500000       0.00000000    
   96.2500000       0.00000000    
   96.7500000       0.00000000    
   97.2500000       0.00000000    
   97.7500000       0.00000000    
   98.2500000       0.00000000    
   98.7500000       0.00000000    
   99.2500000       0.00000000    
   99.7500000       0.00000000    
   100.250000       0.00000000    
