   0.00000000       0.00000000    
  0.500000000      -4.30615455E-06
   1.00000000       1.00630923E-05
   1.50000000      -1.15509310E-05
   2.00000000       1.79127546E-05
   2.50000000      -1.57502109E-05
   3.00000000       2.18667974E-05
   3.50000000      -1.52797948E-05
   4.00000000       2.08527090E-05
   4.50000000      -9.43071973E-06
   5.00000000       1.48701929E-05
   5.50000000       5.91260687E-07
   6.00000000       6.24349559E-06
   6.50000000       1.13863462E-05
   7.00000000      -3.45224180E-07
   7.50000000       1.76487811E-05
   8.00000000       2.75980710E-07
   8.50000000       1.52210414E-05
   9.00000000       1.03095817E-05
   9.50000000       4.49973231E-06
   10.0000000       2.57711072E-05
   10.5000000      -6.21111121E-06
   11.0000000       3.55638149E-05
   11.5000000      -4.97123347E-06
   12.0000000       2.88996071E-05
   12.5000000       1.47331921E-05
   13.0000000       6.91794412E-06
   13.5000000       4.24573846E-05
   14.0000000      -1.18307271E-05
   14.5000000       5.52364036E-05
   15.0000000      -6.27106783E-06
   15.5000000       4.10927460E-05
   16.0000000       2.06625627E-05
   16.5000000       2.01310104E-05
   17.0000000       3.62596475E-05
   17.5000000       2.58588843E-05
   18.0000000       2.06301575E-05
   18.5000000       5.20222857E-05
   19.0000000       8.86504858E-06
   19.5000000       4.70736486E-05
   20.0000000       4.44465441E-05
   20.5000000       2.47671051E-06
   21.0000000       8.58424755E-05
   21.5000000      -2.53170856E-06
   22.0000000       5.56206251E-05
   22.5000000       5.84982809E-05
   23.0000000       6.48392233E-06
   23.5000000       7.44073477E-05
   24.0000000       3.89620909E-05
   24.5000000       3.09091702E-05
   25.0000000       5.92310498E-05
   25.5000000       6.35160177E-05
   26.0000000       1.06332573E-05
   26.5000000       7.62611016E-05
   27.0000000       7.59266259E-05
   27.5000000      -1.76731482E-05
   28.0000000       1.10090368E-04
   28.5000000       6.69587025E-05
   29.0000000      -1.79807030E-05
   29.5000000       1.06518673E-04
   30.0000000       8.10276833E-05
   30.5000000       6.87447482E-06
   31.0000000       3.69114605E-05
   31.5000000       1.23893173E-04
   32.0000000       8.55982507E-05
   32.5000000      -7.45961806E-05
   33.0000000       8.23039445E-05
   33.5000000       2.66104355E-04
   34.0000000       7.14570851E-05
   34.5000000       9.42492043E-05
   35.0000000       8.12638260E-04
   35.5000000       2.41208100E-03
   36.0000000       5.01757115E-03
   36.5000000       8.14962666E-03
   37.0000000       1.15782022E-02
   37.5000000       1.54681206E-02
   38.0000000       1.94460172E-02
   38.5000000       2.35053618E-02
   39.0000000       2.79117450E-02
   39.5000000       3.22398990E-02
   40.0000000       3.66823189E-02
   40.5000000       4.13507745E-02
   41.0000000       4.57795821E-02
   41.5000000       5.06820157E-02
   42.0000000       5.53271547E-02
   42.5000000       5.95570169E-02
   43.0000000       6.55007809E-02
   43.5000000       6.95298463E-02
   44.0000000       7.28829354E-02
   44.5000000       8.16205367E-02
   45.0000000       8.38903338E-02
   45.5000000       8.42933133E-02
   46.0000000      0.100008771    
   46.5000000       9.93760228E-02
   47.0000000       9.07699838E-02
   47.5000000      0.121027656    
   48.0000000      0.119819924    
   48.5000000       8.83114487E-02
   49.0000000      0.140410364    
   49.5000000      0.153092057    
   50.0000000       7.76412040E-02
   50.5000000      0.143393978    
   51.0000000      0.205775380    
   51.5000000       7.41013661E-02
   52.0000000      0.110436022    
   52.5000000      0.265613198    
   53.0000000      0.106199570    
   53.5000000       4.92827296E-02
   54.0000000      0.284312010    
   54.5000000      0.192344129    
   55.0000000       1.10563934E-02
   55.5000000      0.224335492    
   56.0000000      0.293972641    
   56.5000000       2.69676764E-02
   57.0000000      -9.46539268E-03
   57.5000000       9.70512512E-04
   58.0000000       7.87838362E-05
   58.5000000      -3.98362026E-05
   59.0000000       4.91773881E-06
   59.5000000       1.81596334E-07
   60.0000000      -1.59938196E-07
   60.5000000       2.41455673E-08
   61.0000000      -8.73856543E-13
   61.5000000      -7.12027992E-10
   62.0000000       1.17769350E-10
   62.5000000       3.37281678E-12
   63.0000000      -3.19378855E-12
   63.5000000       1.78656379E-13
   64.0000000       2.49501652E-14
   64.5000000       5.35087230E-15
   65.0000000      -9.43808579E-17
   65.5000000      -8.33834586E-16
   66.0000000       7.54258487E-17
   66.5000000       4.50024734E-17
   67.0000000      -7.08136088E-18
   67.5000000      -1.79541785E-18
   68.0000000       4.44807275E-19
   68.5000000       5.82761408E-20
   69.0000000      -2.43166689E-20
   69.5000000      -1.09843103E-21
   70.0000000       1.19552771E-21
   70.5000000      -4.22151908E-23
   71.0000000      -5.02033226E-23
   71.5000000       6.29712951E-24
   72.0000000       1.60621290E-24
   72.5000000      -4.28413693E-25
   73.0000000      -2.43929813E-26
   73.5000000       2.05426236E-26
   74.0000000      -1.25887872E-27
   74.5000000      -6.94783272E-28
   75.0000000       1.32567801E-28
   75.5000000       1.16037685E-29
   76.0000000      -6.66499880E-30
   76.5000000       4.00108749E-31
   77.0000000       2.04214966E-31
   77.5000000      -4.25832762E-32
   78.0000000      -1.87097246E-33
   78.5000000       1.84949600E-33
   79.0000000      -1.94037337E-34
   79.5000000      -3.95172129E-35
   80.0000000       1.28510059E-35
   80.5000000      -5.07424030E-37
   81.0000000      -3.79609288E-37
   81.5000000       7.64956612E-38
   82.0000000       1.27460567E-39
   82.5000000      -2.85047509E-39
   83.0000000       4.14640012E-40
   83.5000000       2.95337664E-41
   84.0000000      -1.88642799E-41
   84.5000000       2.15379574E-42
   85.0000000       2.66246708E-43
   85.5000000      -1.12103877E-43
   86.0000000       1.12103877E-44
   86.5000000       2.80259693E-45
   87.0000000       0.00000000    
   87.5000000       0.00000000    
   88.0000000       0.00000000    
   88.5000000       0.00000000    
   89.0000000       0.00000000    
   89.5000000       0.00000000    
   90.0000000       0.00000000    
   90.5000000       0.00000000    
   91.0000000       0.00000000    
   91.5000000       0.00000000    
   92.0000000       0.00000000    
   92.5000000       0.00000000    
   93.0000000       0.00000000    
   93.5000000       0.00000000    
   94.0000000       0.00000000    
   94.5000000       0.00000000    
   95.0000000       0.00000000    
   95.5000000       0.00000000    
   96.0000000       0.00000000    
   96.5000000       0.00000000    
   97.0000000       0.00000000    
   97.5000000       0.00000000    
   98.0000000       0.00000000    
   98.5000000       0.00000000    
   99.0000000       0.00000000    
   99.5000000       0.00000000    
   100.000000       0.00000000    
