 -0.250000000      -1.00241705E-05
  0.250000000      -1.00241705E-05
  0.750000000      -1.76141912E-05
   1.25000000      -3.02895432E-06
   1.75000000      -2.43245795E-05
   2.25000000       2.04194475E-06
   2.75000000      -2.86031154E-05
   3.25000000       3.62740343E-06
   3.75000000      -2.95365844E-05
   4.25000000       1.27370026E-06
   4.75000000      -2.65587678E-05
   5.25000000      -5.19596279E-06
   5.75000000      -2.04501757E-05
   6.25000000      -1.42453337E-05
   6.75000000      -1.34723305E-05
   7.25000000      -2.26488610E-05
   7.75000000      -9.54618554E-06
   8.25000000      -2.64277624E-05
   8.75000000      -1.22932861E-05
   9.25000000      -2.31805825E-05
   9.75000000      -2.21718801E-05
   10.2500000      -1.46047296E-05
   10.7500000      -3.46044217E-05
   11.2500000      -7.88755187E-06
   11.7500000      -4.09882705E-05
   12.2500000      -1.20520217E-05
   12.7500000      -3.39284597E-05
   13.2500000      -3.01516047E-05
   13.7500000      -1.60951604E-05
   14.2500000      -5.28215096E-05
   14.7500000      -2.62366848E-06
   15.2500000      -6.22612861E-05
   15.7500000      -9.02693137E-06
   16.2500000      -5.02004805E-05
   16.7500000      -3.24291650E-05
   17.2500000      -3.20226500E-05
   17.7500000      -4.81700299E-05
   18.2500000      -3.33625467E-05
   18.7500000      -3.95097959E-05
   19.2500000      -5.31352853E-05
   19.7500000      -2.82202054E-05
   20.2500000      -5.51947560E-05
   20.7500000      -4.92996369E-05
   21.2500000      -2.46966101E-05
   21.7500000      -8.40253197E-05
   22.2500000      -1.21361545E-05
   22.7500000      -7.09612796E-05
   23.2500000      -5.60628396E-05
   23.7500000      -2.28291501E-05
   24.2500000      -8.95669509E-05
   24.7500000      -2.89237269E-05
   25.2500000      -5.52317106E-05
   25.7500000      -7.09809538E-05
   26.2500000      -4.26974148E-05
   26.7500000      -5.01119102E-05
   27.2500000      -7.86052769E-05
   27.7500000      -4.56246562E-05
   28.2500000      -3.63199397E-05
   28.7500000      -1.08450920E-04
   29.2500000      -2.02689334E-05
   29.7500000      -4.54736619E-05
   30.2500000      -1.21997677E-04
   30.7500000      -4.67846166E-06
   31.2500000      -5.40120855E-05
   31.7500000      -1.14486167E-04
   32.2500000      -3.03256238E-05
   32.7500000      -3.04367277E-05
   33.2500000      -9.01458989E-05
   33.7500000      -1.05344698E-04
   34.2500000       3.29085992E-06
   34.7500000      -1.15140347E-05
   35.2500000      -1.90540188E-04
   35.7500000      -6.63238097E-05
   36.2500000       1.27421416E-04
   36.7500000      -1.36741892E-05
   37.2500000      -5.12098341E-05
   37.7500000       4.53198358E-04
   38.2500000       1.78632978E-03
   38.7500000       4.12616553E-03
   39.2500000       7.03614624E-03
   39.7500000       1.02673350E-02
   40.2500000       1.39666898E-02
   40.7500000       1.77885331E-02
   41.2500000       2.16752663E-02
   41.7500000       2.59218309E-02
   42.2500000       3.01113948E-02
   42.7500000       3.43879946E-02
   43.2500000       3.89958546E-02
   43.7500000       4.32198532E-02
   44.2500000       4.79312167E-02
   44.7500000       5.29133044E-02
   45.2500000       5.65444939E-02
   45.7500000       6.20537587E-02
   46.2500000       6.78797141E-02
   46.7500000       6.93695769E-02
   47.2500000       7.62727410E-02
   47.7500000       8.49747285E-02
   48.2500000       8.09541866E-02
   48.7500000       8.87459442E-02
   49.2500000      0.106484734    
   49.7500000       9.20997187E-02
   50.2500000       9.44810808E-02
   50.7500000      0.134038150    
   51.2500000      0.108911201    
   51.7500000       8.65143612E-02
   52.2500000      0.160935342    
   52.7500000      0.144620210    
   53.2500000       6.74197078E-02
   53.7500000      0.162743792    
   54.2500000      0.208957866    
   54.7500000       6.29344657E-02
   55.2500000      0.114529982    
   55.7500000      0.278471202    
   56.2500000      0.110059604    
   56.7500000       4.35317568E-02
   57.2500000      0.280228287    
   57.7500000      0.221709624    
   58.2500000       1.88150220E-02
   58.7500000      0.195074499    
   59.2500000      0.325083792    
   59.7500000       5.65677918E-02
   60.2500000      -9.32996720E-03
   60.7500000       3.31109419E-04
   61.2500000       1.87448299E-04
   61.7500000      -4.23291312E-05
   62.2500000       2.57215834E-06
   62.7500000       6.65805260E-07
   63.2500000      -1.85178578E-07
   63.7500000       1.54108974E-08
   64.2500000       2.09634976E-09
   64.7500000      -8.04589451E-10
   65.2500000       8.96218863E-11
   65.7500000       7.66366744E-12
   66.2500000      -3.84690847E-12
   66.7500000       3.33326791E-13
   67.2500000       5.01530173E-14
   67.7500000      -1.00874399E-14
   68.2500000       6.28452389E-17
   68.7500000      -1.13517026E-16
   69.2500000       3.81181138E-17
   69.7500000       1.41264979E-17
   70.2500000      -4.69097765E-18
   70.7500000      -3.92880056E-19
   71.2500000       2.77417559E-19
   71.7500000      -1.49287198E-21
   72.2500000      -1.27966852E-20
   72.7500000       9.10954056E-22
   73.2500000       5.20313014E-22
   73.7500000      -7.75494320E-23
   74.2500000      -1.76967975E-23
   74.7500000       4.88632554E-24
   75.2500000       3.69400660E-25
   75.7500000      -2.47791613E-25
   76.2500000       7.57285746E-27
   76.7500000       9.84185176E-27
   77.2500000      -1.34079179E-27
   77.7500000      -2.65704617E-28
   78.2500000       8.47478449E-29
   78.7500000       1.06814256E-30
   79.2500000      -3.53122114E-30
   79.7500000       3.86464927E-31
   80.2500000       9.05937451E-32
   80.7500000      -2.65836519E-32
   81.2500000      -1.49333700E-35
   81.7500000       1.01427346E-33
   82.2500000      -1.37472549E-34
   82.7500000      -1.87976083E-35
   83.2500000       7.74014314E-36
   83.7500000      -4.24029507E-37
   84.2500000      -2.19046851E-37
   84.7500000       4.77830165E-38
   85.2500000       6.11184733E-40
   85.7500000      -1.78334007E-39
   86.2500000       2.55025110E-40
   86.7500000       2.19751625E-41
   87.2500000      -1.22949927E-41
   87.7500000       1.22753745E-42
   88.2500000       2.18602560E-43
   88.7500000      -7.56701171E-44
   89.2500000       5.60519386E-45
   89.7500000       1.40129846E-45
   90.2500000       0.00000000    
   90.7500000       0.00000000    
   91.2500000       0.00000000    
   91.7500000       0.00000000    
   92.2500000       0.00000000    
   92.7500000       0.00000000    
   93.2500000       0.00000000    
   93.7500000       0.00000000    
   94.2500000       0.00000000    
   94.7500000       0.00000000    
   95.2500000       0.00000000    
   95.7500000       0.00000000    
   96.2500000       0.00000000    
   96.7500000       0.00000000    
   97.2500000       0.00000000    
   97.7500000       0.00000000    
   98.2500000       0.00000000    
   98.7500000       0.00000000    
   99.2500000       0.00000000    
   99.7500000       0.00000000    
   100.250000       0.00000000    
