   0.00000000       0.00000000    
  0.500000000       5.20779076E-06
   1.00000000      -7.60746570E-06
   1.50000000       1.54951740E-05
   2.00000000      -1.49274383E-05
   2.50000000       2.51701749E-05
   3.00000000      -2.07748890E-05
   3.50000000       3.29006944E-05
   4.00000000      -2.41258131E-05
   4.50000000       3.74232113E-05
   5.00000000      -2.31375489E-05
   5.50000000       3.71152637E-05
   6.00000000      -1.67150702E-05
   6.50000000       3.14378776E-05
   7.00000000      -5.26658050E-06
   7.50000000       2.23443567E-05
   8.00000000       7.97699795E-06
   8.50000000       1.41469336E-05
   9.00000000       1.72884302E-05
   9.50000000       1.31959459E-05
   10.0000000       1.75112218E-05
   10.5000000       2.25884214E-05
   11.0000000       8.18078843E-06
   11.5000000       3.92082511E-05
   12.0000000      -3.43381362E-06
   12.5000000       5.17448461E-05
   13.0000000      -3.94515973E-06
   13.5000000       4.80913368E-05
   14.0000000       1.45224985E-05
   14.5000000       2.73146434E-05
   15.0000000       4.35380280E-05
   15.5000000       6.45772525E-06
   16.0000000       6.07526526E-05
   16.5000000       7.61745378E-06
   17.0000000       5.19339155E-05
   17.5000000       3.03486704E-05
   18.0000000       3.35721743E-05
   18.5000000       4.55036643E-05
   19.0000000       3.81544451E-05
   19.5000000       3.15929028E-05
   20.0000000       6.37452176E-05
   20.5000000       1.73892095E-05
   21.0000000       6.30574359E-05
   21.5000000       4.75511333E-05
   22.0000000       2.04833341E-05
   22.5000000       9.22179534E-05
   23.0000000       4.99167527E-06
   23.5000000       7.42451230E-05
   24.0000000       5.74118712E-05
   24.5000000       2.12502346E-05
   25.0000000       8.67358176E-05
   25.5000000       3.70650378E-05
   26.0000000       4.71308958E-05
   26.5000000       7.04629783E-05
   27.0000000       5.58657994E-05
   27.5000000       3.06341863E-05
   28.0000000       8.77633138E-05
   28.5000000       5.67514799E-05
   29.0000000       1.10560541E-05
   29.5000000       1.22988407E-04
   30.0000000       3.32801064E-05
   30.5000000       1.51957283E-05
   31.0000000       1.33035515E-04
   31.5000000       2.99586172E-05
   32.0000000       2.03060881E-05
   32.5000000       1.05107465E-04
   33.0000000       7.75499502E-05
   33.5000000       1.53169894E-05
   34.0000000       2.95950886E-05
   34.5000000       1.55015747E-04
   35.0000000       6.32425217E-05
   35.5000000      -8.90449010E-05
   36.0000000       1.28993139E-04
   36.5000000       2.47520249E-04
   37.0000000       5.48493008E-05
   37.5000000       1.16498471E-04
   38.0000000       7.83815165E-04
   38.5000000       2.37015425E-03
   39.0000000       4.91831033E-03
   39.5000000       7.88787007E-03
   40.0000000       1.12093799E-02
   40.5000000       1.49708670E-02
   41.0000000       1.87314823E-02
   41.5000000       2.26524342E-02
   42.0000000       2.68926360E-02
   42.5000000       3.09576709E-02
   43.0000000       3.52778360E-02
   43.5000000       3.97628956E-02
   44.0000000       4.38180193E-02
   44.5000000       4.87029068E-02
   45.0000000       5.32654822E-02
   45.5000000       5.66937923E-02
   46.0000000       6.28639534E-02
   46.5000000       6.75273314E-02
   47.0000000       6.86355829E-02
   47.5000000       7.76744112E-02
   48.0000000       8.36725533E-02
   48.5000000       7.81858936E-02
   49.0000000       9.18378681E-02
   49.5000000      0.104713194    
   50.0000000       8.47006887E-02
   50.5000000      0.100163326    
   51.0000000      0.134663954    
   51.5000000       9.29940045E-02
   52.0000000       9.24135298E-02
   52.5000000      0.171022162    
   53.0000000      0.118021175    
   53.5000000       6.41842782E-02
   54.0000000      0.190475821    
   54.5000000      0.177488059    
   55.0000000       3.83878946E-02
   55.5000000      0.154139534    
   56.0000000      0.263600051    
   56.5000000       5.89612722E-02
   57.0000000       6.79265559E-02
   57.5000000      0.308262438    
   58.0000000      0.152347654    
   58.5000000       1.01520643E-02
   59.0000000      0.252139539    
   59.5000000      0.269717753    
   60.0000000       1.35614369E-02
   60.5000000      -7.62726692E-03
   61.0000000       1.00344431E-03
   61.5000000       2.24151008E-05
   62.0000000      -3.06314723E-05
   62.5000000       4.86600493E-06
   63.0000000      -5.25787129E-08
   63.5000000      -1.18554318E-07
   64.0000000       2.24526620E-08
   64.5000000      -9.15504172E-10
   65.0000000      -4.44641240E-10
   65.5000000       1.07365436E-10
   66.0000000      -5.92337464E-12
   66.5000000      -2.08194724E-12
   67.0000000       4.41858735E-13
   67.5000000      -5.99317823E-15
   68.0000000      -6.43463994E-15
   68.5000000       4.28817232E-16
   69.0000000      -1.06426116E-16
   69.5000000       4.99136101E-17
   70.0000000       3.53060538E-18
   70.5000000      -4.16707371E-18
   71.0000000       2.26350323E-19
   71.5000000       1.92519127E-19
   72.0000000      -2.52566045E-20
   72.5000000      -7.12296535E-21
   73.0000000       1.62096613E-21
   73.5000000       2.14190099E-22
   74.0000000      -8.86528827E-23
   74.5000000      -2.98552456E-24
   75.0000000       4.22770951E-24
   75.5000000      -2.33498489E-25
   76.0000000      -1.64609756E-25
   76.5000000       2.60574747E-26
   77.0000000       4.42283071E-27
   77.5000000      -1.56746431E-27
   78.0000000      -1.38556817E-29
   78.5000000       6.62031377E-29
   79.0000000      -7.12018106E-30
   79.5000000      -1.81601878E-30
   80.0000000       5.06182726E-31
   80.5000000       7.90090308E-33
   81.0000000      -2.07421077E-32
   81.5000000       2.42447547E-33
   82.0000000       4.66076026E-34
   82.5000000      -1.55531242E-34
   83.0000000       4.27901826E-36
   83.5000000       5.15859999E-36
   84.0000000      -9.03496265E-37
   84.5000000      -5.49428893E-38
   85.0000000       4.08040737E-38
   85.5000000      -4.21930827E-39
   86.0000000      -7.98386997E-40
   86.5000000       2.72778160E-40
   87.0000000      -1.52068909E-41
   87.5000000      -7.00789362E-42
   88.0000000       1.65773608E-42
   88.5000000      -3.08285662E-44
   89.0000000      -5.04467447E-44
   89.5000000       8.40779079E-45
   90.0000000       0.00000000    
   90.5000000       0.00000000    
   91.0000000       0.00000000    
   91.5000000       0.00000000    
   92.0000000       0.00000000    
   92.5000000       0.00000000    
   93.0000000       0.00000000    
   93.5000000       0.00000000    
   94.0000000       0.00000000    
   94.5000000       0.00000000    
   95.0000000       0.00000000    
   95.5000000       0.00000000    
   96.0000000       0.00000000    
   96.5000000       0.00000000    
   97.0000000       0.00000000    
   97.5000000       0.00000000    
   98.0000000       0.00000000    
   98.5000000       0.00000000    
   99.0000000       0.00000000    
   99.5000000       0.00000000    
   100.000000       0.00000000    
