 -0.250000000       5.23831977E-06
  0.250000000       5.23831977E-06
  0.750000000      -2.02406409E-05
   1.25000000       2.59145127E-05
   1.75000000      -3.17005652E-05
   2.25000000       2.54792521E-05
   2.75000000      -1.94616860E-05
   3.25000000       4.36544769E-06
   3.75000000       3.42912153E-06
   4.25000000      -1.09228913E-05
   4.75000000       2.00932914E-06
   5.25000000       1.16235160E-05
   5.75000000      -3.66042586E-05
   6.25000000       5.02783259E-05
   6.75000000      -5.36423249E-05
   7.25000000       2.90939461E-05
   7.75000000       1.22280653E-06
   8.25000000      -2.71605477E-05
   8.75000000       1.22993661E-05
   9.25000000       3.06230140E-05
   9.75000000      -7.84924996E-05
   10.2500000       6.44899483E-05
   10.7500000       7.47263311E-06
   11.2500000      -7.17730582E-05
   11.7500000       2.85900533E-05
   12.2500000       1.60464668E-04
   12.7500000       9.41633625E-05
   13.2500000       4.97975969E-04
   13.7500000       2.18914682E-03
   14.2500000       5.17685479E-03
   14.7500000       9.32215340E-03
   15.2500000       1.41051188E-02
   15.7500000       1.95124149E-02
   16.2500000       2.52913274E-02
   16.7500000       3.14103030E-02
   17.2500000       3.78711037E-02
   17.7500000       4.44525853E-02
   18.2500000       5.13552725E-02
   18.7500000       5.82926162E-02
   19.2500000       6.54208064E-02
   19.7500000       7.26570785E-02
   20.2500000       7.98687264E-02
   20.7500000       8.72909725E-02
   21.2500000       9.45579782E-02
   21.7500000      0.101977795    
   22.2500000      0.109320819    
   22.7500000      0.116567858    
   23.2500000      0.123927079    
   23.7500000      0.130938396    
   24.2500000      0.138120621    
   24.7500000      0.144924700    
   25.2500000      0.151612848    
   25.7500000      0.158308282    
   26.2500000      0.164071232    
   26.7500000      0.170570195    
   27.2500000      0.175600886    
   27.7500000      0.180064410    
   28.2500000      0.186708644    
   28.7500000      0.186175585    
   29.2500000      0.191733271    
   29.7500000      0.196897864    
   30.2500000      0.178758666    
   30.7500000      0.198692575    
   31.2500000      0.189404666    
   31.7500000       8.41200873E-02
   32.2500000       1.81958582E-02
   32.7500000       3.41484696E-03
   33.2500000       5.56587998E-04
   33.7500000      -6.85622799E-05
   34.2500000      -6.61717713E-05
   34.7500000      -1.13992310E-05
   35.2500000       2.26923362E-06
   35.7500000       1.13044280E-06
   36.2500000       6.52140786E-10
   36.7500000      -6.84021870E-08
   37.2500000      -4.68518557E-09
   37.7500000       3.58225183E-09
   38.2500000       3.28508637E-10
   38.7500000      -1.81936216E-10
   39.2500000      -1.37353236E-11
   39.7500000       9.05463204E-12
   40.2500000       2.51955846E-13
   40.7500000      -4.18712184E-13
   41.2500000       1.65122551E-14
   41.7500000       1.64612823E-14
   42.2500000      -2.08269329E-15
   42.7500000      -4.67055238E-16
   43.2500000       1.29385183E-16
   43.7500000       3.85002944E-18
   44.2500000      -5.31792182E-18
   44.7500000       5.07837818E-19
   45.2500000       1.27442657E-19
   45.7500000      -3.50782353E-20
   46.2500000       4.18930428E-22
   46.7500000       1.14399523E-21
   47.2500000      -1.83658948E-22
   47.7500000      -1.00366457E-23
   48.2500000       7.58509166E-24
   48.7500000      -8.91688727E-25
   49.2500000      -9.52996236E-26
   49.7500000       4.39349641E-26
   50.2500000      -4.53547912E-27
   50.7500000      -5.57513385E-28
   51.2500000       2.35428950E-28
   51.7500000      -2.55175005E-29
   52.2500000      -2.31478197E-30
   52.7500000       1.17158522E-30
   53.2500000      -1.51719974E-31
   53.7500000      -4.84289199E-33
   54.2500000       5.21817701E-33
   54.7500000      -8.71594990E-34
   55.2500000       2.51520348E-35
   55.7500000       1.90098645E-35
   56.2500000      -4.46184839E-36
   56.7500000       3.80798665E-37
   57.2500000       4.25063682E-38
   57.7500000      -1.87631314E-38
   58.2500000       2.72976304E-39
   58.7500000      -7.38736524E-41
   59.2500000      -5.53793153E-41
   59.7500000       1.34903003E-41
   60.2500000      -1.42932443E-42
   60.7500000      -3.78350585E-44
   61.2500000       4.34402524E-44
   61.7500000      -8.40779079E-45
   62.2500000       0.00000000    
   62.7500000       0.00000000    
   63.2500000       0.00000000    
   63.7500000       0.00000000    
   64.2500000       0.00000000    
   64.7500000       0.00000000    
   65.2500000       0.00000000    
   65.7500000       0.00000000    
   66.2500000       0.00000000    
   66.7500000       0.00000000    
   67.2500000       0.00000000    
   67.7500000       0.00000000    
   68.2500000       0.00000000    
   68.7500000       0.00000000    
   69.2500000       0.00000000    
   69.7500000       0.00000000    
   70.2500000       0.00000000    
   70.7500000       0.00000000    
   71.2500000       0.00000000    
   71.7500000       0.00000000    
   72.2500000       0.00000000    
   72.7500000       0.00000000    
   73.2500000       0.00000000    
   73.7500000       0.00000000    
   74.2500000       0.00000000    
   74.7500000       0.00000000    
   75.2500000       0.00000000    
   75.7500000       0.00000000    
   76.2500000       0.00000000    
   76.7500000       0.00000000    
   77.2500000       0.00000000    
   77.7500000       0.00000000    
   78.2500000       0.00000000    
   78.7500000       0.00000000    
   79.2500000       0.00000000    
   79.7500000       0.00000000    
   80.2500000       0.00000000    
   80.7500000       0.00000000    
   81.2500000       0.00000000    
   81.7500000       0.00000000    
   82.2500000       0.00000000    
   82.7500000       0.00000000    
   83.2500000       0.00000000    
   83.7500000       0.00000000    
   84.2500000       0.00000000    
   84.7500000       0.00000000    
   85.2500000       0.00000000    
   85.7500000       0.00000000    
   86.2500000       0.00000000    
   86.7500000       0.00000000    
   87.2500000       0.00000000    
   87.7500000       0.00000000    
   88.2500000       0.00000000    
   88.7500000       0.00000000    
   89.2500000       0.00000000    
   89.7500000       0.00000000    
   90.2500000       0.00000000    
   90.7500000       0.00000000    
   91.2500000       0.00000000    
   91.7500000       0.00000000    
   92.2500000       0.00000000    
   92.7500000       0.00000000    
   93.2500000       0.00000000    
   93.7500000       0.00000000    
   94.2500000       0.00000000    
   94.7500000       0.00000000    
   95.2500000       0.00000000    
   95.7500000       0.00000000    
   96.2500000       0.00000000    
   96.7500000       0.00000000    
   97.2500000       0.00000000    
   97.7500000       0.00000000    
   98.2500000       0.00000000    
   98.7500000       0.00000000    
   99.2500000       0.00000000    
   99.7500000       0.00000000    
   100.250000       0.00000000    
