 -0.250000000      -5.96461996E-06
  0.250000000      -5.96461996E-06
  0.750000000      -9.90081026E-06
   1.25000000      -2.66728830E-06
   1.75000000      -1.24368153E-05
   2.25000000      -1.74192894E-06
   2.75000000      -1.17826503E-05
   3.25000000      -4.78946458E-06
   3.75000000      -7.58245505E-06
   4.25000000      -1.12674625E-05
   4.75000000      -8.17453838E-07
   5.25000000      -1.89274961E-05
   5.75000000       4.97614519E-06
   6.25000000      -2.37807944E-05
   6.75000000       5.54541066E-06
   7.25000000      -2.19981393E-05
   7.75000000      -1.82075257E-06
   8.25000000      -1.27767998E-05
   8.75000000      -1.49455445E-05
   9.25000000      -1.41738042E-06
   9.75000000      -2.56999319E-05
   10.2500000       1.79399035E-06
   10.7500000      -2.37405657E-05
   11.2500000      -1.08023123E-05
   11.7500000      -6.69077326E-06
   12.2500000      -3.42318854E-05
   12.7500000       1.21197963E-05
   13.2500000      -4.90782331E-05
   13.7500000       1.22547654E-05
   14.2500000      -3.97869990E-05
   14.7500000      -1.06415455E-05
   15.2500000      -1.75750229E-05
   15.7500000      -3.07536611E-05
   16.2500000      -1.50610522E-05
   16.7500000      -2.16952394E-05
   17.2500000      -3.85286621E-05
   17.7500000      -4.80141580E-06
   18.2500000      -4.39110408E-05
   18.7500000      -2.80273216E-05
   19.2500000      -6.27017835E-06
   19.7500000      -7.18896626E-05
   20.2500000       1.04662786E-05
   20.7500000      -5.62891073E-05
   21.2500000      -4.13420967E-05
   21.7500000      -5.80136566E-06
   22.2500000      -6.75844640E-05
   22.7500000      -2.83045410E-05
   23.2500000      -2.61808582E-05
   23.7500000      -5.53154860E-05
   24.2500000      -5.25607174E-05
   24.7500000      -3.93634718E-06
   25.2500000      -7.78060712E-05
   25.7500000      -5.95137535E-05
   26.2500000       1.86304751E-05
   26.7500000      -1.08158922E-04
   27.2500000      -5.48224380E-05
   27.7500000       1.63208551E-05
   28.2500000      -9.31511895E-05
   28.7500000      -8.46579642E-05
   29.2500000      -1.00489751E-05
   29.7500000      -5.89421734E-06
   30.2500000      -1.31071662E-04
   30.7500000      -1.13490976E-04
   31.2500000       1.17444302E-04
   31.7500000       4.41921984E-05
   32.2500000      -7.51915359E-05
   32.7500000       4.69988765E-04
   33.2500000       1.86759804E-03
   33.7500000       4.25590202E-03
   34.2500000       7.40602426E-03
   34.7500000       1.08687673E-02
   35.2500000       1.47542339E-02
   35.7500000       1.89228673E-02
   36.2500000       2.31079850E-02
   36.7500000       2.76057981E-02
   37.2500000       3.22260372E-02
   37.7500000       3.68086919E-02
   38.2500000       4.16790172E-02
   38.7500000       4.64909077E-02
   39.2500000       5.14416397E-02
   39.7500000       5.65005392E-02
   40.2500000       6.12194538E-02
   40.7500000       6.68808445E-02
   41.2500000       7.17412829E-02
   41.7500000       7.58652240E-02
   42.2500000       8.34431499E-02
   42.7500000       8.71037096E-02
   43.2500000       8.94255042E-02
   43.7500000      0.102108806    
   44.2500000      0.102559566    
   44.7500000       9.96975154E-02
   45.2500000      0.124445476    
   45.7500000      0.119503178    
   46.2500000      0.102490366    
   46.7500000      0.150748655    
   47.2500000      0.143059403    
   47.7500000       9.32553113E-02
   48.2500000      0.174270391    
   48.7500000      0.182945445    
   49.2500000       7.52608776E-02
   49.7500000      0.174974054    
   50.2500000      0.245973721    
   50.7500000       6.91099092E-02
   51.2500000      0.132323593    
   51.7500000      0.313993573    
   52.2500000      0.104995452    
   52.7500000       6.70100227E-02
   53.2500000      0.329051256    
   53.7500000      0.189141110    
   54.2500000      -3.00630624E-03
   54.7500000      -3.03661404E-03
   55.2500000       6.29758113E-04
   55.7500000      -2.94037000E-05
   56.2500000      -1.15807125E-05
   56.7500000       2.74737909E-06
   57.2500000      -1.84186959E-07
   57.7500000      -3.94517237E-08
   58.2500000       1.28986821E-08
   58.7500000      -1.08183085E-09
   59.2500000      -2.39703812E-10
   59.7500000       5.76075541E-11
   60.2500000       1.42624898E-12
   60.7500000      -9.62084579E-13
   61.2500000      -1.24826337E-13
   61.7500000       1.70829774E-15
   62.2500000       1.51371462E-14
   62.7500000      -3.00279744E-16
   63.2500000      -9.56576118E-16
   63.7500000       6.32607814E-17
   64.2500000       4.63817970E-17
   64.7500000      -5.42204318E-18
   65.2500000      -1.95797911E-18
   65.7500000       3.65161415E-19
   66.2500000       6.98640881E-20
   66.7500000      -2.15165639E-20
   67.2500000      -1.64844656E-21
   67.7500000       1.09838842E-21
   68.2500000      -1.84086372E-23
   68.7500000      -4.64386448E-23
   69.2500000       5.14868963E-24
   69.7500000       1.46602670E-24
   70.2500000      -3.66645687E-25
   70.7500000      -2.12486433E-26
   71.2500000       1.73110179E-26
   71.7500000      -1.13908501E-27
   72.2500000      -5.52379145E-28
   72.7500000       1.12376291E-28
   73.2500000       7.27190221E-30
   73.7500000      -5.24818280E-30
   74.2500000       4.19333159E-31
   74.7500000       1.39950032E-31
   75.2500000      -3.49273402E-32
   75.7500000      -2.02266946E-34
   76.2500000       1.29800988E-33
   76.7500000      -1.83086815E-34
   77.2500000      -1.89134315E-35
   77.7500000       9.32750032E-36
   78.2500000      -7.75868333E-37
   78.7500000      -2.01716892E-37
   79.2500000       5.86162139E-38
   79.7500000      -2.55795824E-39
   80.2500000      -1.56081107E-39
   80.7500000       3.42815058E-40
   81.2500000      -5.39079519E-42
   81.7500000      -1.03696086E-41
   82.2500000       1.94500227E-42
   82.7500000       2.80259693E-45
   83.2500000      -5.88545355E-44
   83.7500000       1.26116862E-44
   84.2500000       0.00000000    
   84.7500000       0.00000000    
   85.2500000       0.00000000    
   85.7500000       0.00000000    
   86.2500000       0.00000000    
   86.7500000       0.00000000    
   87.2500000       0.00000000    
   87.7500000       0.00000000    
   88.2500000       0.00000000    
   88.7500000       0.00000000    
   89.2500000       0.00000000    
   89.7500000       0.00000000    
   90.2500000       0.00000000    
   90.7500000       0.00000000    
   91.2500000       0.00000000    
   91.7500000       0.00000000    
   92.2500000       0.00000000    
   92.7500000       0.00000000    
   93.2500000       0.00000000    
   93.7500000       0.00000000    
   94.2500000       0.00000000    
   94.7500000       0.00000000    
   95.2500000       0.00000000    
   95.7500000       0.00000000    
   96.2500000       0.00000000    
   96.7500000       0.00000000    
   97.2500000       0.00000000    
   97.7500000       0.00000000    
   98.2500000       0.00000000    
   98.7500000       0.00000000    
   99.2500000       0.00000000    
   99.7500000       0.00000000    
   100.250000       0.00000000    
