   0.00000000       0.00000000    
  0.500000000       6.24594668E-06
   1.00000000      -1.07906153E-05
   1.50000000       1.77696293E-05
   2.00000000      -1.95428001E-05
   2.50000000       2.61455207E-05
   3.00000000      -2.40420541E-05
   3.50000000       2.95548307E-05
   4.00000000      -2.29367979E-05
   4.50000000       2.67188734E-05
   5.00000000      -1.52734829E-05
   5.50000000       1.82006061E-05
   6.00000000      -3.17834019E-06
   6.50000000       7.66601443E-06
   7.00000000       8.06025128E-06
   7.50000000       1.25342376E-06
   8.00000000       1.21523535E-05
   8.50000000       5.13887062E-06
   9.00000000       4.88799833E-06
   9.50000000       1.97023219E-05
   10.0000000      -9.55963151E-06
   10.5000000       3.59366240E-05
   11.0000000      -1.78523842E-05
   11.5000000       3.85828171E-05
   12.0000000      -6.51840855E-06
   12.5000000       2.01072799E-05
   13.0000000       2.22663657E-05
   13.5000000      -6.04354500E-06
   14.0000000       4.54862457E-05
   14.5000000      -1.22211186E-05
   15.0000000       3.99860000E-05
   15.5000000       1.01110609E-05
   16.0000000       1.75838904E-05
   16.5000000       2.97517254E-05
   17.0000000       1.93095984E-05
   17.5000000       1.36132567E-05
   18.0000000       5.13477207E-05
   18.5000000      -7.82451752E-06
   19.0000000       5.43441092E-05
   19.5000000       2.59160079E-05
   20.0000000       2.89033051E-06
   20.5000000       7.95606975E-05
   21.0000000      -1.35470391E-05
   21.5000000       5.55554725E-05
   22.0000000       4.65941412E-05
   22.5000000       7.50033905E-06
   23.0000000       5.72587633E-05
   23.5000000       4.66844103E-05
   24.0000000       1.78442206E-05
   24.5000000       4.55403206E-05
   25.0000000       8.05718009E-05
   25.5000000      -1.45239737E-05
   26.0000000       6.88823930E-05
   26.5000000       9.33795673E-05
   27.0000000      -3.55699267E-05
   27.5000000       8.46847106E-05
   28.0000000       9.61267142E-05
   28.5000000      -1.07644482E-05
   29.0000000       3.73722032E-05
   29.5000000       1.09544751E-04
   30.0000000       8.23114096E-05
   30.5000000      -5.81382483E-05
   31.0000000       4.99353482E-05
   31.5000000       2.63380964E-04
   32.0000000       9.08141592E-05
   32.5000000       7.41768163E-05
   33.0000000       8.22109345E-04
   33.5000000       2.44782073E-03
   34.0000000       5.08129410E-03
   34.5000000       8.32691789E-03
   35.0000000       1.18435854E-02
   35.5000000       1.58179291E-02
   36.0000000       1.99472718E-02
   36.5000000       2.41180230E-02
   37.0000000       2.86394767E-02
   37.5000000       3.31453979E-02
   38.0000000       3.76933478E-02
   38.5000000       4.25010361E-02
   39.0000000       4.71564755E-02
   39.5000000       5.20915613E-02
   40.0000000       5.68900369E-02
   40.5000000       6.15369454E-02
   41.0000000       6.72470704E-02
   41.5000000       7.13275298E-02
   42.0000000       7.58749172E-02
   42.5000000       8.35991949E-02
   43.0000000       8.51455703E-02
   43.5000000       8.94299373E-02
   44.0000000      0.102454498    
   44.5000000       9.75608304E-02
   45.0000000      0.100256160    
   45.5000000      0.126268417    
   46.0000000      0.108815521    
   46.5000000      0.103698507    
   47.0000000      0.157297418    
   47.5000000      0.123254538    
   48.0000000       9.25275013E-02
   48.5000000      0.191609696    
   49.0000000      0.152236834    
   49.5000000       6.49494901E-02
   50.0000000      0.209215984    
   50.5000000      0.209305167    
   51.0000000       3.92594635E-02
   51.5000000      0.178761780    
   52.0000000      0.289310515    
   52.5000000       5.05817831E-02
   53.0000000      0.104409978    
   53.5000000      0.339127392    
   54.0000000      0.116524093    
   54.5000000      -1.40303914E-02
   55.0000000      -5.83962537E-04
   55.5000000       4.83254757E-04
   56.0000000      -6.93908514E-05
   56.5000000      -7.02194029E-07
   57.0000000       1.91510821E-06
   57.5000000      -3.20210376E-07
   58.0000000       6.96463953E-09
   58.5000000       8.09331890E-09
   59.0000000      -1.61728098E-09
   59.5000000      -5.87512677E-12
   60.0000000       4.30290803E-11
   60.5000000      -2.84986900E-12
   61.0000000      -5.36901144E-13
   61.5000000      -6.24113594E-14
   62.0000000       1.61901081E-14
   62.5000000       1.03309432E-14
   63.0000000      -1.70576935E-15
   63.5000000      -5.55853513E-16
   64.0000000       1.23959090E-16
   64.5000000       2.19629390E-17
   65.0000000      -7.21941484E-18
   65.5000000      -6.73648239E-19
   66.0000000       3.80771760E-19
   66.5000000       8.13761546E-21
   67.0000000      -1.82323742E-20
   67.5000000       9.70128772E-22
   68.0000000       7.47114336E-22
   68.5000000      -1.06889264E-22
   69.0000000      -2.31110292E-23
   69.5000000       6.82632896E-24
   70.0000000       3.01230530E-25
   70.5000000      -3.18163331E-25
   71.0000000       2.21062414E-26
   71.5000000       1.05125399E-26
   72.0000000      -2.11704460E-27
   72.5000000      -1.64341384E-28
   73.0000000       1.03664094E-28
   73.5000000      -6.78867962E-30
   74.0000000      -3.10032591E-30
   74.5000000       6.72154300E-31
   75.0000000       2.47722416E-32
   75.5000000      -2.84598320E-32
   76.0000000       3.13802294E-33
   76.5000000       5.81967876E-34
   77.0000000      -1.99119399E-34
   77.5000000       9.10622700E-36
   78.0000000       5.65653062E-36
   78.5000000      -1.19563538E-36
   79.0000000      -8.52977101E-39
   79.5000000       4.25241675E-38
   80.0000000      -6.57828774E-39
   80.5000000      -3.62700884E-40
   81.0000000       2.80794989E-40
   81.5000000      -3.49680019E-41
   82.0000000      -3.34349814E-42
   82.5000000       1.71799192E-42
   83.0000000      -1.86372696E-43
   83.5000000      -1.96181785E-44
   84.0000000       1.12103877E-44
   84.5000000       0.00000000    
   85.0000000       0.00000000    
   85.5000000       0.00000000    
   86.0000000       0.00000000    
   86.5000000       0.00000000    
   87.0000000       0.00000000    
   87.5000000       0.00000000    
   88.0000000       0.00000000    
   88.5000000       0.00000000    
   89.0000000       0.00000000    
   89.5000000       0.00000000    
   90.0000000       0.00000000    
   90.5000000       0.00000000    
   91.0000000       0.00000000    
   91.5000000       0.00000000    
   92.0000000       0.00000000    
   92.5000000       0.00000000    
   93.0000000       0.00000000    
   93.5000000       0.00000000    
   94.0000000       0.00000000    
   94.5000000       0.00000000    
   95.0000000       0.00000000    
   95.5000000       0.00000000    
   96.0000000       0.00000000    
   96.5000000       0.00000000    
   97.0000000       0.00000000    
   97.5000000       0.00000000    
   98.0000000       0.00000000    
   98.5000000       0.00000000    
   99.0000000       0.00000000    
   99.5000000       0.00000000    
   100.000000       0.00000000    
