 -0.250000000      -5.76373577E-06
  0.250000000      -5.76373577E-06
  0.750000000      -9.79717925E-07
   1.25000000      -9.84668623E-06
   1.75000000       1.70367480E-06
   2.25000000      -1.06044627E-05
   2.75000000      -2.20218169E-07
   3.25000000      -6.71184353E-06
   3.75000000      -6.56059547E-06
   4.25000000       8.06768185E-07
   4.75000000      -1.48637746E-05
   5.25000000       7.69362214E-06
   5.75000000      -1.97976406E-05
   6.25000000       8.03032162E-06
   6.75000000      -1.56753213E-05
   7.25000000      -1.80690631E-06
   7.75000000      -2.54711858E-06
   8.25000000      -1.78300379E-05
   8.75000000       1.10398287E-05
   9.25000000      -2.71195513E-05
   9.75000000       1.05967702E-05
   10.2500000      -1.73541866E-05
   10.7500000      -1.01507985E-05
   11.2500000       7.51090784E-06
   11.7500000      -3.54133517E-05
   12.2500000       2.24065188E-05
   12.7500000      -3.75493364E-05
   13.2500000       6.97682890E-06
   13.7500000      -1.37227025E-05
   14.2500000      -1.84077689E-05
   14.7500000      -3.69895133E-06
   15.2500000      -1.02509139E-05
   15.7500000      -3.25317269E-05
   16.2500000       1.92898478E-05
   16.7500000      -4.73060318E-05
   17.2500000      -1.98321504E-06
   17.7500000       9.48012087E-07
   18.2500000      -5.96664722E-05
   18.7500000       2.71595036E-05
   19.2500000      -4.11426045E-05
   19.7500000      -3.03269899E-05
   20.2500000       4.06394747E-06
   20.7500000      -2.96329508E-05
   21.2500000      -4.81251809E-05
   21.7500000       8.62858906E-06
   22.2500000      -1.93458382E-05
   22.7500000      -8.85035552E-05
   23.2500000       4.06142062E-05
   23.7500000      -2.90697772E-05
   24.2500000      -1.05406172E-04
   24.7500000       2.61077312E-05
   25.2500000       4.65861058E-06
   25.7500000      -9.19087033E-05
   26.2500000      -8.93548931E-05
   26.7500000       8.11734062E-05
   27.2500000       1.09284025E-04
   27.7500000      -4.45631013E-05
   28.2500000       4.58892377E-04
   28.7500000       1.97223108E-03
   29.2500000       4.42183483E-03
   29.7500000       7.75571214E-03
   30.2500000       1.15064802E-02
   30.7500000       1.55870784E-02
   31.2500000       2.00703032E-02
   31.7500000       2.46094652E-02
   32.2500000       2.93756705E-02
   32.7500000       3.43944952E-02
   33.2500000       3.93431298E-02
   33.7500000       4.45324443E-02
   34.2500000       4.98317443E-02
   34.7500000       5.50687537E-02
   35.2500000       6.04930446E-02
   35.7500000       6.59187883E-02
   36.2500000       7.15116188E-02
   36.7500000       7.67852962E-02
   37.2500000       8.24300870E-02
   37.7500000       8.86419713E-02
   38.2500000       9.26802680E-02
   38.7500000       9.95151997E-02
   39.2500000      0.106629908    
   39.7500000      0.106748514    
   40.2500000      0.118044168    
   40.7500000      0.125883445    
   41.2500000      0.116298743    
   41.7500000      0.139725819    
   42.2500000      0.147540420    
   42.7500000      0.117060043    
   43.2500000      0.165596962    
   43.7500000      0.174963906    
   44.2500000      0.104752898    
   44.7500000      0.190626010    
   45.2500000      0.215248123    
   45.7500000       8.18498358E-02
   46.2500000      0.196047619    
   46.7500000      0.274945825    
   47.2500000       6.73885792E-02
   47.7500000      0.157294258    
   48.2500000      0.337894380    
   48.7500000       8.91919062E-02
   49.2500000      -9.87875648E-03
   49.7500000      -3.97267926E-04
   50.2500000       3.29291186E-04
   50.7500000      -4.24526661E-05
   51.2500000      -8.66283074E-07
   51.7500000       1.26362659E-06
   52.2500000      -2.30969547E-07
   52.7500000      -5.75868864E-09
   53.2500000       8.81609630E-09
   53.7500000      -3.13634702E-10
   54.2500000      -2.31003633E-10
   54.7500000      -1.46699562E-11
   55.2500000       8.76882681E-12
   55.7500000       2.18478556E-12
   56.2500000      -5.16831640E-13
   56.7500000      -1.37008609E-13
   57.2500000       3.13954524E-14
   57.7500000       6.60281114E-15
   58.2500000      -1.81229158E-15
   58.7500000      -2.64288759E-16
   59.2500000       1.00161156E-16
   59.7500000       7.63769195E-18
   60.2500000      -5.16582937E-18
   60.7500000      -1.91407526E-20
   61.2500000       2.36469637E-19
   61.7500000      -1.75739029E-20
   62.2500000      -8.91613459E-21
   62.7500000       1.55870504E-21
   63.2500000       2.30909558E-22
   63.7500000      -8.83394336E-23
   64.2500000      -2.43348601E-25
   64.7500000       3.61340972E-24
   65.2500000      -4.02002087E-25
   65.7500000      -9.51349858E-26
   66.2500000       2.72739783E-26
   66.7500000       2.21251988E-28
   67.2500000      -1.06371576E-27
   67.7500000       1.33306611E-28
   68.2500000       2.12012838E-29
   68.7500000      -7.84128083E-30
   69.2500000       3.52412148E-31
   69.7500000       2.29262282E-31
   70.2500000      -4.65484478E-32
   70.7500000      -9.85761848E-34
   71.2500000       1.76576388E-33
   71.7500000      -2.42592348E-34
   72.2500000      -2.14465343E-35
   72.7500000       1.16279164E-35
   73.2500000      -1.18757879E-36
   73.7500000      -1.87327630E-37
   74.2500000       7.03640052E-38
   74.7500000      -5.88149068E-39
   75.2500000      -1.25345307E-39
   75.7500000       4.05761385E-40
   76.2500000      -3.16413193E-41
   76.7500000      -7.12280009E-42
   77.2500000       2.26730092E-42
   77.7500000      -1.89175293E-43
   78.2500000      -3.36311631E-44
   78.7500000       1.40129846E-44
   79.2500000       0.00000000    
   79.7500000       0.00000000    
   80.2500000       0.00000000    
   80.7500000       0.00000000    
   81.2500000       0.00000000    
   81.7500000       0.00000000    
   82.2500000       0.00000000    
   82.7500000       0.00000000    
   83.2500000       0.00000000    
   83.7500000       0.00000000    
   84.2500000       0.00000000    
   84.7500000       0.00000000    
   85.2500000       0.00000000    
   85.7500000       0.00000000    
   86.2500000       0.00000000    
   86.7500000       0.00000000    
   87.2500000       0.00000000    
   87.7500000       0.00000000    
   88.2500000       0.00000000    
   88.7500000       0.00000000    
   89.2500000       0.00000000    
   89.7500000       0.00000000    
   90.2500000       0.00000000    
   90.7500000       0.00000000    
   91.2500000       0.00000000    
   91.7500000       0.00000000    
   92.2500000       0.00000000    
   92.7500000       0.00000000    
   93.2500000       0.00000000    
   93.7500000       0.00000000    
   94.2500000       0.00000000    
   94.7500000       0.00000000    
   95.2500000       0.00000000    
   95.7500000       0.00000000    
   96.2500000       0.00000000    
   96.7500000       0.00000000    
   97.2500000       0.00000000    
   97.7500000       0.00000000    
   98.2500000       0.00000000    
   98.7500000       0.00000000    
   99.2500000       0.00000000    
   99.7500000       0.00000000    
   100.250000       0.00000000    
