   0.00000000       0.00000000    
  0.500000000      -6.78305696E-06
   1.00000000       1.41769706E-05
   1.50000000      -1.91521249E-05
   2.00000000       2.55068298E-05
   2.50000000      -2.70585715E-05
   3.00000000       3.08931085E-05
   3.50000000      -2.76922674E-05
   4.00000000       2.83100453E-05
   4.50000000      -2.00214199E-05
   5.00000000       1.81036630E-05
   5.50000000      -6.55036274E-06
   6.00000000       5.27938573E-06
   6.50000000       5.56648683E-06
   7.00000000      -1.58272815E-06
   7.50000000       7.36835091E-06
   8.00000000       5.35708205E-06
   8.50000000      -5.60964145E-06
   9.00000000       2.45779302E-05
   9.50000000      -2.43592713E-05
   10.0000000       4.04339589E-05
   10.5000000      -2.88305600E-05
   11.0000000       3.32727432E-05
   11.5000000      -6.53193274E-06
   12.0000000       3.68693145E-06
   12.5000000       2.60042689E-05
   13.0000000      -1.73352109E-05
   13.5000000       3.18911370E-05
   14.0000000      -1.64151265E-06
   14.5000000       6.44509873E-06
   15.0000000       2.42050719E-05
   15.5000000       1.44696241E-06
   16.0000000       5.07324876E-06
   16.5000000       4.44826983E-05
   17.0000000      -3.39559265E-05
   17.5000000       5.87350733E-05
   18.0000000      -1.00290345E-06
   18.5000000      -4.18346463E-06
   19.0000000       6.33049858E-05
   19.5000000      -2.13631192E-05
   20.0000000       2.85178594E-05
   20.5000000       4.11188812E-05
   21.0000000       5.38353561E-06
   21.5000000       2.78638254E-06
   22.0000000       7.51944317E-05
   22.5000000      -3.22913547E-06
   23.0000000      -1.52195134E-05
   23.5000000       1.18400443E-04
   24.0000000      -1.89931852E-05
   24.5000000      -1.93993546E-05
   25.0000000       1.10563138E-04
   25.5000000       4.47826314E-05
   26.0000000      -4.06794388E-05
   26.5000000       6.94161281E-06
   27.0000000       2.04324344E-04
   27.5000000       1.39164535E-04
   28.0000000       3.92511138E-05
   28.5000000       7.99074478E-04
   29.0000000       2.54315045E-03
   29.5000000       5.23380190E-03
   30.0000000       8.72027408E-03
   30.5000000       1.25034489E-02
   31.0000000       1.66693702E-02
   31.5000000       2.11536326E-02
   32.0000000       2.56401934E-02
   32.5000000       3.04343738E-02
   33.0000000       3.53592932E-02
   33.5000000       4.02179211E-02
   34.0000000       4.53718826E-02
   34.5000000       5.05015850E-02
   35.0000000       5.56321740E-02
   35.5000000       6.09086491E-02
   36.0000000       6.61761239E-02
   36.5000000       7.15955943E-02
   37.0000000       7.65323192E-02
   37.5000000       8.23067278E-02
   38.0000000       8.79396424E-02
   38.5000000       9.14907679E-02
   39.0000000       9.93787050E-02
   39.5000000      0.104395188    
   40.0000000      0.104455687    
   40.5000000      0.118879035    
   41.0000000      0.120424904    
   41.5000000      0.113015309    
   42.0000000      0.143519551    
   42.5000000      0.135745496    
   43.0000000      0.112930283    
   43.5000000      0.175856888    
   44.0000000      0.152629405    
   44.5000000       9.83448625E-02
   45.0000000      0.212740183    
   45.5000000      0.179468125    
   46.0000000       6.75301999E-02
   46.5000000      0.235404700    
   47.0000000      0.229341850    
   47.5000000       3.64176854E-02
   48.0000000      0.210161835    
   48.5000000      0.299895763    
   49.0000000       3.60672474E-02
   49.5000000      -1.04419813E-02
   50.0000000       8.03806062E-04
   50.5000000       1.42519042E-04
   51.0000000      -4.30848231E-05
   51.5000000       3.83460701E-06
   52.0000000       4.44863531E-07
   52.5000000      -2.10649176E-07
   53.0000000       1.85965607E-08
   53.5000000       4.79958739E-09
   54.0000000      -7.33352490E-10
   54.5000000      -1.24765198E-10
   55.0000000       2.73941373E-12
   55.5000000       7.97063630E-12
   56.0000000       7.37970178E-13
   56.5000000      -5.46464783E-13
   57.0000000      -4.14657288E-14
   57.5000000       3.17312400E-14
   58.0000000       1.34119112E-15
   58.5000000      -1.67140988E-15
   59.0000000      -1.93914958E-18
   59.5000000       8.19894144E-17
   60.0000000      -4.23739564E-18
   60.5000000      -3.62250225E-18
   61.0000000       4.39629487E-19
   61.5000000       1.32901209E-19
   62.0000000      -3.03425391E-20
   62.5000000      -3.24889807E-21
   63.0000000       1.61214957E-21
   63.5000000      -1.75860446E-23
   64.0000000      -6.58618960E-23
   64.5000000       7.74756624E-24
   65.0000000       1.82117750E-24
   65.5000000      -5.21302804E-25
   66.0000000      -9.77024569E-27
   66.5000000       2.15719176E-26
   67.0000000      -2.36925282E-27
   67.5000000      -5.11166555E-28
   68.0000000       1.57780005E-28
   68.5000000      -2.72862068E-30
   69.0000000      -5.41034873E-30
   69.5000000       8.77677873E-31
   70.0000000       6.54090784E-32
   70.5000000      -4.09686230E-32
   71.0000000       3.94334384E-33
   71.5000000       8.14246753E-34
   72.0000000      -2.64076459E-34
   72.5000000       1.44593267E-35
   73.0000000       6.57550045E-36
   73.5000000      -1.56575378E-36
   74.0000000       4.29251687E-38
   74.5000000       4.42211652E-38
   75.0000000      -8.95294774E-39
   75.5000000       1.18369083E-40
   76.0000000       2.66143012E-40
   76.5000000      -5.07424187E-41
   77.0000000       6.60011577E-43
   77.5000000       1.47136339E-42
   78.0000000      -2.88667484E-43
   78.5000000       8.40779079E-45
   79.0000000       8.40779079E-45
   79.5000000       0.00000000    
   80.0000000       0.00000000    
   80.5000000       0.00000000    
   81.0000000       0.00000000    
   81.5000000       0.00000000    
   82.0000000       0.00000000    
   82.5000000       0.00000000    
   83.0000000       0.00000000    
   83.5000000       0.00000000    
   84.0000000       0.00000000    
   84.5000000       0.00000000    
   85.0000000       0.00000000    
   85.5000000       0.00000000    
   86.0000000       0.00000000    
   86.5000000       0.00000000    
   87.0000000       0.00000000    
   87.5000000       0.00000000    
   88.0000000       0.00000000    
   88.5000000       0.00000000    
   89.0000000       0.00000000    
   89.5000000       0.00000000    
   90.0000000       0.00000000    
   90.5000000       0.00000000    
   91.0000000       0.00000000    
   91.5000000       0.00000000    
   92.0000000       0.00000000    
   92.5000000       0.00000000    
   93.0000000       0.00000000    
   93.5000000       0.00000000    
   94.0000000       0.00000000    
   94.5000000       0.00000000    
   95.0000000       0.00000000    
   95.5000000       0.00000000    
   96.0000000       0.00000000    
   96.5000000       0.00000000    
   97.0000000       0.00000000    
   97.5000000       0.00000000    
   98.0000000       0.00000000    
   98.5000000       0.00000000    
   99.0000000       0.00000000    
   99.5000000       0.00000000    
   100.000000       0.00000000    
