 -0.250000000       7.43307055E-07
  0.250000000       7.43307055E-07
  0.750000000      -1.18831604E-05
   1.25000000       1.32620016E-05
   1.75000000      -2.42524548E-05
   2.25000000       2.47206135E-05
   2.75000000      -3.38833124E-05
   3.25000000       3.09128918E-05
   3.75000000      -3.52522438E-05
   4.25000000       2.57871397E-05
   4.75000000      -2.34726322E-05
   5.25000000       7.86755936E-06
   5.75000000      -2.15012255E-06
   6.25000000      -1.25961096E-05
   6.75000000       1.17096642E-05
   7.25000000      -1.52267503E-05
   7.75000000      -3.69520222E-07
   8.25000000       9.11327425E-06
   8.75000000      -3.09690404E-05
   9.25000000       3.45536791E-05
   9.75000000      -4.04167004E-05
   10.2500000       2.07301837E-05
   10.7500000      -8.41539168E-06
   11.2500000      -1.50900260E-05
   11.7500000       8.78476476E-06
   12.2500000       5.34788171E-07
   12.7500000      -3.65838896E-05
   13.2500000       4.68714388E-05
   13.7500000      -4.74953122E-05
   14.2500000       6.49318963E-07
   14.7500000       3.16014230E-05
   15.2500000      -5.31357291E-05
   15.7500000       8.36732033E-06
   16.2500000       2.58012969E-05
   16.7500000      -3.56117016E-05
   17.2500000      -4.31430090E-05
   17.7500000       8.60886794E-05
   18.2500000      -4.79543596E-05
   18.7500000      -9.02461907E-05
   19.2500000       1.05035666E-04
   19.7500000       1.08765642E-04
   20.2500000       6.86157509E-05
   20.7500000       4.72860935E-04
   21.2500000       2.06739292E-03
   21.7500000       4.83291224E-03
   22.2500000       8.41080956E-03
   22.7500000       1.27106924E-02
   23.2500000       1.73316952E-02
   23.7500000       2.23204512E-02
   24.2500000       2.76322439E-02
   24.7500000       3.30249518E-02
   25.2500000       3.87490392E-02
   25.7500000       4.45454419E-02
   26.2500000       5.04202731E-02
   26.7500000       5.65653630E-02
   27.2500000       6.25962168E-02
   27.7500000       6.88222200E-02
   28.2500000       7.51461908E-02
   28.7500000       8.13106969E-02
   29.2500000       8.77579227E-02
   29.7500000       9.41081792E-02
   30.2500000      0.100309141    
   30.7500000      0.106864601    
   31.2500000      0.113211527    
   31.7500000      0.119024828    
   32.2500000      0.126141310    
   32.7500000      0.131951272    
   33.2500000      0.136643380    
   33.7500000      0.146515563    
   34.2500000      0.148304850    
   34.7500000      0.153041795    
   35.2500000      0.169867903    
   35.7500000      0.157028735    
   36.2500000      0.170692518    
   36.7500000      0.197635576    
   37.2500000      0.149586484    
   37.7500000      0.193337426    
   38.2500000      0.230710924    
   38.7500000      0.117956884    
   39.2500000      0.209721267    
   39.7500000      0.276519626    
   40.2500000       6.20761923E-02
   40.7500000      -5.54997940E-03
   41.2500000      -5.66160947E-04
   41.7500000       1.15766445E-04
   42.2500000      -3.14029348E-05
   42.7500000      -3.75986275E-07
   43.2500000       2.37310837E-06
   43.7500000       1.58058711E-07
   44.2500000      -1.07031070E-07
   44.7500000      -2.28724790E-08
   45.2500000       3.96681088E-09
   45.7500000       1.78070003E-09
   46.2500000      -1.35508341E-10
   46.7500000      -1.08764865E-10
   47.2500000       5.43177222E-12
   47.7500000       5.88961692E-12
   48.2500000      -3.33382004E-13
   48.7500000      -2.91596445E-13
   49.2500000       2.57311974E-14
   49.7500000       1.29184434E-14
   50.2500000      -1.87723846E-15
   50.7500000      -4.76693837E-16
   51.2500000       1.17030241E-16
   51.7500000       1.18386313E-17
   52.2500000      -6.01669299E-18
   52.7500000       5.15169119E-20
   53.2500000       2.43009431E-19
   53.7500000      -2.72766555E-20
   54.2500000      -6.68023389E-21
   54.7500000       1.83223030E-21
   55.2500000       3.75054136E-23
   55.7500000      -7.40087024E-23
   56.2500000       8.15020006E-24
   56.7500000       1.63120845E-24
   57.2500000      -5.19096902E-25
   57.7500000       1.50842855E-26
   58.2500000       1.60978592E-26
   58.7500000      -2.91381992E-27
   59.2500000      -1.10404199E-28
   59.7500000       1.15922446E-28
   60.2500000      -1.46176398E-29
   60.7500000      -1.48757945E-30
   61.2500000       7.22344006E-31
   61.7500000      -7.19932103E-32
   62.2500000      -1.09923533E-32
   62.7500000       4.16809358E-33
   63.2500000      -3.78985601E-34
   63.7500000      -6.29185131E-35
   64.2500000       2.28848848E-35
   64.7500000      -2.20550657E-36
   65.2500000      -2.89986363E-37
   65.7500000       1.19519280E-37
   66.2500000      -1.36236717E-38
   66.7500000      -9.61540178E-40
   67.2500000       5.80328141E-40
   67.7500000      -8.31278275E-41
   68.2500000      -6.53005084E-43
   68.7500000       2.49851516E-42
   69.2500000      -4.70836284E-43
   69.7500000       2.10194770E-44
   70.2500000       8.40779079E-45
   70.7500000      -1.40129846E-45
   71.2500000       0.00000000    
   71.7500000       0.00000000    
   72.2500000       0.00000000    
   72.7500000       0.00000000    
   73.2500000       0.00000000    
   73.7500000       0.00000000    
   74.2500000       0.00000000    
   74.7500000       0.00000000    
   75.2500000       0.00000000    
   75.7500000       0.00000000    
   76.2500000       0.00000000    
   76.7500000       0.00000000    
   77.2500000       0.00000000    
   77.7500000       0.00000000    
   78.2500000       0.00000000    
   78.7500000       0.00000000    
   79.2500000       0.00000000    
   79.7500000       0.00000000    
   80.2500000       0.00000000    
   80.7500000       0.00000000    
   81.2500000       0.00000000    
   81.7500000       0.00000000    
   82.2500000       0.00000000    
   82.7500000       0.00000000    
   83.2500000       0.00000000    
   83.7500000       0.00000000    
   84.2500000       0.00000000    
   84.7500000       0.00000000    
   85.2500000       0.00000000    
   85.7500000       0.00000000    
   86.2500000       0.00000000    
   86.7500000       0.00000000    
   87.2500000       0.00000000    
   87.7500000       0.00000000    
   88.2500000       0.00000000    
   88.7500000       0.00000000    
   89.2500000       0.00000000    
   89.7500000       0.00000000    
   90.2500000       0.00000000    
   90.7500000       0.00000000    
   91.2500000       0.00000000    
   91.7500000       0.00000000    
   92.2500000       0.00000000    
   92.7500000       0.00000000    
   93.2500000       0.00000000    
   93.7500000       0.00000000    
   94.2500000       0.00000000    
   94.7500000       0.00000000    
   95.2500000       0.00000000    
   95.7500000       0.00000000    
   96.2500000       0.00000000    
   96.7500000       0.00000000    
   97.2500000       0.00000000    
   97.7500000       0.00000000    
   98.2500000       0.00000000    
   98.7500000       0.00000000    
   99.2500000       0.00000000    
   99.7500000       0.00000000    
   100.250000       0.00000000    
