   0.00000000       0.00000000    
  0.500000000      -2.20209131E-06
   1.00000000       3.85677959E-06
   1.50000000      -3.48385402E-06
   2.00000000       2.28045974E-06
   2.50000000       2.30501246E-06
   3.00000000      -6.40938015E-06
   3.50000000       1.32303794E-05
   4.00000000      -1.64568955E-05
   4.50000000       2.01944240E-05
   5.00000000      -1.62853485E-05
   5.50000000       1.15954317E-05
   6.00000000       1.77055699E-06
   6.50000000      -1.26906853E-05
   7.00000000       2.79546221E-05
   7.50000000      -3.23488639E-05
   8.00000000       3.43585016E-05
   8.50000000      -1.96594774E-05
   9.00000000       4.63603646E-06
   9.50000000       1.95376088E-05
   10.0000000      -2.82783367E-05
   10.5000000       3.19907413E-05
   11.0000000      -1.12940479E-05
   11.5000000      -5.85759335E-06
   12.0000000       2.64524242E-05
   12.5000000      -1.37878396E-05
   13.0000000      -9.01464227E-06
   13.5000000       5.30252801E-05
   14.0000000      -6.23191299E-05
   14.5000000       4.83396689E-05
   15.0000000       1.02621016E-05
   15.5000000      -3.79995508E-05
   16.0000000       3.31798656E-05
   16.5000000       3.23998975E-05
   17.0000000      -4.88211044E-05
   17.5000000       3.25831934E-06
   18.0000000       1.04898827E-04
   18.5000000      -8.95844278E-05
   19.0000000      -2.95927894E-05
   19.5000000       1.49984073E-04
   20.0000000       1.06177802E-04
   20.5000000       9.61713376E-05
   21.0000000       7.16568029E-04
   21.5000000       2.65535247E-03
   22.0000000       5.63196372E-03
   22.5000000       9.39749647E-03
   23.0000000       1.37914252E-02
   23.5000000       1.84246451E-02
   24.0000000       2.34734211E-02
   24.5000000       2.87246853E-02
   25.0000000       3.40787284E-02
   25.5000000       3.97611409E-02
   26.0000000       4.53976877E-02
   26.5000000       5.12052253E-02
   27.0000000       5.71807399E-02
   27.5000000       6.30072728E-02
   28.0000000       6.91099390E-02
   28.5000000       7.51431435E-02
   29.0000000       8.10940862E-02
   29.5000000       8.73219222E-02
   30.0000000       9.33058783E-02
   30.5000000       9.92501006E-02
   31.0000000      0.105556875    
   31.5000000      0.111379668    
   32.0000000      0.116935417    
   32.5000000      0.123987071    
   33.0000000      0.128512621    
   33.5000000      0.133823067    
   34.0000000      0.143417314    
   34.5000000      0.142084986    
   35.0000000      0.151288465    
   35.5000000      0.164315104    
   36.0000000      0.146853194    
   36.5000000      0.174138948    
   37.0000000      0.184878573    
   37.5000000      0.135591671    
   38.0000000      0.208006948    
   38.5000000      0.203280032    
   39.0000000       9.96865034E-02
   39.5000000      0.242612600    
   40.0000000      0.232325479    
   40.5000000       2.42138058E-02
   41.0000000      -6.34896196E-03
   41.5000000       1.93756714E-04
   42.0000000       4.61875679E-05
   42.5000000      -2.80628992E-05
   43.0000000       3.39423309E-06
   43.5000000       1.62103493E-06
   44.0000000      -6.48468514E-08
   44.5000000      -8.99109978E-08
   45.0000000      -8.32783265E-09
   45.5000000       4.77285145E-09
   46.0000000       9.13581988E-10
   46.5000000      -2.43949472E-10
   47.0000000      -6.08843809E-11
   47.5000000       1.27677417E-11
   48.0000000       3.28936509E-12
   48.5000000      -7.08897134E-13
   49.0000000      -1.49776879E-13
   49.5000000       4.03365153E-14
   50.0000000       5.37730312E-15
   50.5000000      -2.19169690E-15
   51.0000000      -1.06965465E-16
   51.5000000       1.06073294E-16
   52.0000000      -3.75135962E-18
   52.5000000      -4.23808013E-18
   53.0000000       5.54451720E-19
   53.5000000       1.20056697E-19
   54.0000000      -3.52139899E-20
   54.5000000      -8.75219692E-22
   55.0000000       1.48392769E-21
   55.5000000      -1.46430873E-22
   56.0000000      -3.79195845E-23
   56.5000000       1.04319550E-23
   57.0000000      -7.98159603E-27
   57.5000000      -3.78119866E-25
   58.0000000       5.42148601E-26
   58.5000000       5.44731720E-27
   59.0000000      -2.70861670E-27
   59.5000000       2.26589582E-28
   60.0000000       5.68800057E-29
   60.5000000      -1.66795674E-29
   61.0000000       8.09961029E-31
   61.5000000       4.15322749E-31
   62.0000000      -9.58896175E-32
   62.5000000       2.92174778E-33
   63.0000000       2.55226364E-33
   63.5000000      -5.38011229E-34
   64.0000000       1.54488628E-35
   64.5000000       1.38808635E-35
   65.0000000      -2.98766644E-36
   65.5000000       1.25413544E-37
   66.0000000       6.67438010E-38
   66.5000000      -1.62141597E-38
   67.0000000       1.08323875E-39
   67.5000000       2.69677087E-40
   68.0000000      -8.33057924E-41
   68.5000000       8.33492327E-42
   69.0000000       7.62306365E-43
   69.5000000      -3.86758376E-43
   70.0000000       5.46506401E-44
   70.5000000       0.00000000    
   71.0000000      -1.40129846E-45
   71.5000000       0.00000000    
   72.0000000       0.00000000    
   72.5000000       0.00000000    
   73.0000000       0.00000000    
   73.5000000       0.00000000    
   74.0000000       0.00000000    
   74.5000000       0.00000000    
   75.0000000       0.00000000    
   75.5000000       0.00000000    
   76.0000000       0.00000000    
   76.5000000       0.00000000    
   77.0000000       0.00000000    
   77.5000000       0.00000000    
   78.0000000       0.00000000    
   78.5000000       0.00000000    
   79.0000000       0.00000000    
   79.5000000       0.00000000    
   80.0000000       0.00000000    
   80.5000000       0.00000000    
   81.0000000       0.00000000    
   81.5000000       0.00000000    
   82.0000000       0.00000000    
   82.5000000       0.00000000    
   83.0000000       0.00000000    
   83.5000000       0.00000000    
   84.0000000       0.00000000    
   84.5000000       0.00000000    
   85.0000000       0.00000000    
   85.5000000       0.00000000    
   86.0000000       0.00000000    
   86.5000000       0.00000000    
   87.0000000       0.00000000    
   87.5000000       0.00000000    
   88.0000000       0.00000000    
   88.5000000       0.00000000    
   89.0000000       0.00000000    
   89.5000000       0.00000000    
   90.0000000       0.00000000    
   90.5000000       0.00000000    
   91.0000000       0.00000000    
   91.5000000       0.00000000    
   92.0000000       0.00000000    
   92.5000000       0.00000000    
   93.0000000       0.00000000    
   93.5000000       0.00000000    
   94.0000000       0.00000000    
   94.5000000       0.00000000    
   95.0000000       0.00000000    
   95.5000000       0.00000000    
   96.0000000       0.00000000    
   96.5000000       0.00000000    
   97.0000000       0.00000000    
   97.5000000       0.00000000    
   98.0000000       0.00000000    
   98.5000000       0.00000000    
   99.0000000       0.00000000    
   99.5000000       0.00000000    
   100.000000       0.00000000    
