 -0.250000000       3.21853690E-06
  0.250000000       3.21853690E-06
  0.750000000      -1.55214912E-05
   1.25000000       2.15099517E-05
   1.75000000      -3.26562404E-05
   2.25000000       3.52339630E-05
   2.75000000      -3.98842167E-05
   3.25000000       3.22957858E-05
   3.75000000      -2.44999883E-05
   4.25000000       4.64844561E-06
   4.75000000       1.03850962E-05
   5.25000000      -2.77763666E-05
   5.75000000       2.78414936E-05
   6.25000000      -2.03520613E-05
   6.75000000      -5.23064864E-06
   7.25000000       2.52673162E-05
   7.75000000      -3.86923857E-05
   8.25000000       2.13003368E-05
   8.75000000       7.94723837E-06
   9.25000000      -4.05798892E-05
   9.75000000       3.21283223E-05
   10.2500000       1.08888271E-05
   10.7500000      -7.00803575E-05
   11.2500000       6.91825844E-05
   11.7500000      -2.98721920E-06
   12.2500000      -6.68681605E-05
   12.7500000       2.59685003E-05
   13.2500000       1.73597291E-04
   13.7500000       7.06312421E-05
   14.2500000       5.12345636E-04
   14.7500000       2.16147793E-03
   15.2500000       5.13023743E-03
   15.7500000       9.19644441E-03
   16.2500000       1.38858361E-02
   16.7500000       1.92036480E-02
   17.2500000       2.48346236E-02
   17.7500000       3.08467504E-02
   18.2500000       3.71423252E-02
   18.7500000       4.35812213E-02
   19.2500000       5.03316149E-02
   19.7500000       5.70909493E-02
   20.2500000       6.40777871E-02
   20.7500000       7.11298361E-02
   21.2500000       7.81890675E-02
   21.7500000       8.54509249E-02
   22.2500000       9.25497115E-02
   22.7500000       9.98340622E-02
   23.2500000      0.107019424    
   23.7500000      0.114136681    
   24.2500000      0.121381670    
   24.7500000      0.128264964    
   25.2500000      0.135375172    
   25.7500000      0.142116547    
   26.2500000      0.148691416    
   26.7500000      0.155518666    
   27.2500000      0.161140248    
   27.7500000      0.167683974    
   28.2500000      0.173372403    
   28.7500000      0.176819295    
   29.2500000      0.185069486    
   29.7500000      0.185337409    
   30.2500000      0.187018350    
   30.7500000      0.201301187    
   31.2500000      0.179684401    
   31.7500000      0.188851699    
   32.2500000      0.216211677    
   32.7500000      0.113318957    
   33.2500000       2.28748266E-02
   33.7500000       3.09660495E-03
   34.2500000       5.20863803E-04
   34.7500000      -6.39208010E-05
   35.2500000      -6.87801294E-05
   35.7500000      -1.22840565E-05
   36.2500000       2.27947999E-06
   36.7500000       1.21985113E-06
   37.2500000       1.91780831E-08
   37.7500000      -7.35503534E-08
   38.2500000      -6.73869804E-09
   38.7500000       3.82124377E-09
   39.2500000       4.80601947E-10
   39.7500000      -1.94704308E-10
   40.2500000      -2.30193885E-11
   40.7500000       9.98547078E-12
   41.2500000       7.33685519E-13
   41.7500000      -4.92208813E-13
   42.2500000      -3.51011809E-15
   42.7500000       2.15518504E-14
   43.2500000      -1.55672120E-15
   43.7500000      -7.50409781E-16
   44.2500000       1.34633822E-16
   44.7500000       1.55842581E-17
   45.2500000      -6.90593324E-18
   45.7500000       2.19419997E-19
   46.2500000       2.28623390E-19
   46.7500000      -3.73788766E-20
   47.2500000      -3.15401544E-21
   47.7500000       1.74947003E-21
   48.2500000      -1.42266394E-22
   48.7500000      -3.83866942E-23
   49.2500000       1.05972434E-23
   49.7500000      -3.87236855E-25
   50.2500000      -2.82650366E-25
   50.7500000       5.85312358E-26
   51.2500000      -7.99066793E-28
   51.7500000      -1.69306498E-27
   52.2500000       3.16838009E-28
   52.7500000      -3.95535004E-30
   53.2500000      -8.84411556E-30
   53.7500000       1.71569457E-30
   54.2500000      -5.34769702E-32
   54.7500000      -4.01201453E-32
   55.2500000       9.07291796E-33
   55.7500000      -5.75472719E-34
   56.2500000      -1.46373039E-34
   56.7500000       4.44957873E-35
   57.2500000      -4.63945608E-36
   57.7500000      -3.08907345E-37
   58.2500000       1.88111337E-37
   58.7500000      -2.94104802E-38
   59.2500000       9.04004264E-40
   59.7500000       5.98437121E-40
   60.2500000      -1.46736969E-40
   60.7500000       1.46505754E-41
   61.2500000       7.66510260E-43
   61.7500000      -5.38098610E-43
   62.2500000       9.24856986E-44
   62.7500000      -5.60519386E-45
   63.2500000      -1.40129846E-45
   63.7500000       0.00000000    
   64.2500000       0.00000000    
   64.7500000       0.00000000    
   65.2500000       0.00000000    
   65.7500000       0.00000000    
   66.2500000       0.00000000    
   66.7500000       0.00000000    
   67.2500000       0.00000000    
   67.7500000       0.00000000    
   68.2500000       0.00000000    
   68.7500000       0.00000000    
   69.2500000       0.00000000    
   69.7500000       0.00000000    
   70.2500000       0.00000000    
   70.7500000       0.00000000    
   71.2500000       0.00000000    
   71.7500000       0.00000000    
   72.2500000       0.00000000    
   72.7500000       0.00000000    
   73.2500000       0.00000000    
   73.7500000       0.00000000    
   74.2500000       0.00000000    
   74.7500000       0.00000000    
   75.2500000       0.00000000    
   75.7500000       0.00000000    
   76.2500000       0.00000000    
   76.7500000       0.00000000    
   77.2500000       0.00000000    
   77.7500000       0.00000000    
   78.2500000       0.00000000    
   78.7500000       0.00000000    
   79.2500000       0.00000000    
   79.7500000       0.00000000    
   80.2500000       0.00000000    
   80.7500000       0.00000000    
   81.2500000       0.00000000    
   81.7500000       0.00000000    
   82.2500000       0.00000000    
   82.7500000       0.00000000    
   83.2500000       0.00000000    
   83.7500000       0.00000000    
   84.2500000       0.00000000    
   84.7500000       0.00000000    
   85.2500000       0.00000000    
   85.7500000       0.00000000    
   86.2500000       0.00000000    
   86.7500000       0.00000000    
   87.2500000       0.00000000    
   87.7500000       0.00000000    
   88.2500000       0.00000000    
   88.7500000       0.00000000    
   89.2500000       0.00000000    
   89.7500000       0.00000000    
   90.2500000       0.00000000    
   90.7500000       0.00000000    
   91.2500000       0.00000000    
   91.7500000       0.00000000    
   92.2500000       0.00000000    
   92.7500000       0.00000000    
   93.2500000       0.00000000    
   93.7500000       0.00000000    
   94.2500000       0.00000000    
   94.7500000       0.00000000    
   95.2500000       0.00000000    
   95.7500000       0.00000000    
   96.2500000       0.00000000    
   96.7500000       0.00000000    
   97.2500000       0.00000000    
   97.7500000       0.00000000    
   98.2500000       0.00000000    
   98.7500000       0.00000000    
   99.2500000       0.00000000    
   99.7500000       0.00000000    
   100.250000       0.00000000    
