  -1.00000000      0.400000006    
   1.00000000      0.390210986    
   3.00000000      0.317557007    
   5.00000000      0.200000003    
   7.00000000       8.24429989E-02
   9.00000000       9.78900027E-03
   11.0000000       0.00000000    
   13.0000000       0.00000000    
   15.0000000       0.00000000    
   17.0000000       0.00000000    
   19.0000000       0.00000000    
   21.0000000       0.00000000    
   23.0000000       0.00000000    
   25.0000000       0.00000000    
   27.0000000       0.00000000    
   29.0000000       0.00000000    
   31.0000000       0.00000000    
   33.0000000       0.00000000    
   35.0000000       0.00000000    
   37.0000000       0.00000000    
   39.0000000       0.00000000    
   41.0000000       0.00000000    
   43.0000000       0.00000000    
   45.0000000       0.00000000    
   47.0000000       0.00000000    
   49.0000000       0.00000000    
   51.0000000       0.00000000    
   53.0000000       0.00000000    
   55.0000000       0.00000000    
   57.0000000       0.00000000    
   59.0000000       0.00000000    
   61.0000000       0.00000000    
   63.0000000       0.00000000    
   65.0000000       0.00000000    
   67.0000000       0.00000000    
   69.0000000       0.00000000    
   71.0000000       0.00000000    
   73.0000000       0.00000000    
   75.0000000       0.00000000    
   77.0000000       0.00000000    
   79.0000000       0.00000000    
   81.0000000       0.00000000    
   83.0000000       0.00000000    
   85.0000000       0.00000000    
   87.0000000       0.00000000    
   89.0000000       0.00000000    
   91.0000000       0.00000000    
   93.0000000       0.00000000    
   95.0000000       0.00000000    
   97.0000000       0.00000000    
   99.0000000       0.00000000    
   101.000000       0.00000000    
