  -1.00000000       2.39507717E-05
   1.00000000       2.39507717E-05
   3.00000000      -7.46670630E-05
   5.00000000       1.33457637E-04
   7.00000000      -2.04318465E-04
   9.00000000       2.88980664E-04
   11.0000000      -3.85730877E-04
   13.0000000       4.88214078E-04
   15.0000000      -5.84448921E-04
   17.0000000       6.56688120E-04
   19.0000000      -6.82819868E-04
   21.0000000       6.40162034E-04
   23.0000000      -5.11775725E-04
   25.0000000       2.95461155E-04
   27.0000000      -1.25546940E-05
   29.0000000      -2.86731520E-04
   31.0000000       5.27850352E-04
   33.0000000      -6.31034549E-04
   35.0000000       5.45416900E-04
   37.0000000      -2.88596406E-04
   39.0000000      -3.03864945E-05
   41.0000000       2.35331201E-04
   43.0000000      -1.72808286E-04
   45.0000000      -1.55183661E-04
   47.0000000       5.03591669E-04
   49.0000000      -4.70630708E-04
   51.0000000      -1.77761191E-04
   53.0000000       1.10791263E-03
   55.0000000      -1.38753036E-03
   57.0000000       2.49678618E-04
   59.0000000       1.66123407E-03
   61.0000000      -2.08871672E-03
   63.0000000      -3.89003777E-04
   65.0000000       2.94816308E-03
   67.0000000       3.21930274E-05
   69.0000000      -3.75757855E-03
   71.0000000       5.01061417E-03
   73.0000000       4.19847667E-02
   75.0000000      0.102049746    
   77.0000000      0.159066513    
   79.0000000      0.194091976    
   81.0000000      0.196341619    
   83.0000000      0.158991903    
   85.0000000       9.63144451E-02
   87.0000000       3.99565957E-02
   89.0000000       9.20394249E-03
   91.0000000      -1.58321520E-04
   93.0000000      -7.78663089E-04
   95.0000000      -1.59444913E-04
   97.0000000       2.52767077E-05
   99.0000000       1.29895707E-05
   101.000000       1.29895707E-05
