   0.00000000       1.00000000    
   2.00000000       1.00000000    
   4.00000000       1.00000000    
   6.00000000       1.00000000    
   8.00000000       1.00000000    
   10.0000000       1.00000000    
   12.0000000       1.00000000    
   14.0000000       1.00000000    
   16.0000000       1.00000000    
   18.0000000       1.00000000    
   20.0000000       1.00000000    
   22.0000000       1.00000000    
   24.0000000       1.00000000    
   26.0000000       1.00000000    
   28.0000000       1.00000000    
   30.0000000       1.00000000    
   32.0000000       1.00000000    
   34.0000000       1.00000000    
   36.0000000       1.00000000    
   38.0000000       1.00000000    
   40.0000000       1.00000000    
   42.0000000       1.00000000    
   44.0000000       1.00000000    
   46.0000000       1.00000000    
   48.0000000       1.00000000    
   50.0000000       1.00000000    
   52.0000000       1.00000000    
   54.0000000       1.00000000    
   56.0000000       1.00000000    
   58.0000000       1.00000000    
   60.0000000       1.00000000    
   62.0000000       1.00000000    
   64.0000000       1.00000000    
   66.0000000       1.00000000    
   68.0000000       1.00000000    
   70.0000000       1.00000000    
   72.0000000       1.00000000    
   74.0000000       1.00000000    
   76.0000000       1.00000000    
   78.0000000       1.00000000    
   80.0000000       1.00000000    
   82.0000000       1.00000000    
   84.0000000       1.00000000    
   86.0000000       1.00000000    
   88.0000000       1.00000000    
   90.0000000       1.00000000    
   92.0000000       1.00000000    
   94.0000000       1.00000000    
   96.0000000       1.00000000    
   98.0000000       1.00000000    
   100.000000       1.00000000    
