   0.00000000       0.00000000    
   2.00000000      -3.87447217E-05
   4.00000000       6.92543399E-05
   6.00000000      -8.30539357E-05
   8.00000000       7.19594536E-05
   10.0000000      -2.83361005E-05
   12.0000000      -5.34292776E-05
   14.0000000       1.75078399E-04
   16.0000000      -3.31886229E-04
   18.0000000       5.09892358E-04
   20.0000000      -6.84311090E-04
   22.0000000       8.19847744E-04
   24.0000000      -8.75204103E-04
   26.0000000       8.12980463E-04
   28.0000000      -6.14353805E-04
   30.0000000       2.95883277E-04
   32.0000000       7.92241190E-05
   34.0000000      -4.05615137E-04
   36.0000000       5.65427705E-04
   38.0000000      -4.84134012E-04
   40.0000000       1.94046370E-04
   42.0000000       1.36218383E-04
   44.0000000      -2.56452535E-04
   46.0000000      -3.88946501E-06
   48.0000000       5.33457729E-04
   50.0000000      -8.69769661E-04
   52.0000000       4.63454111E-04
   54.0000000       7.30631524E-04
   56.0000000      -1.79638609E-03
   58.0000000       1.32787088E-03
   60.0000000       9.13687400E-04
   62.0000000      -2.64192396E-03
   64.0000000       8.71301629E-04
   66.0000000       2.97658565E-03
   68.0000000      -1.27102761E-03
   70.0000000      -3.98265151E-03
   72.0000000       1.02771726E-02
   74.0000000       5.51855676E-02
   76.0000000      0.117909551    
   78.0000000      0.171089292    
   80.0000000      0.199290887    
   82.0000000      0.191895023    
   84.0000000      0.145106763    
   86.0000000       7.99955204E-02
   88.0000000       2.88485158E-02
   90.0000000       4.79522068E-03
   92.0000000      -8.91470467E-04
   94.0000000      -6.16043981E-04
   96.0000000      -5.96376849E-05
   98.0000000       3.38086538E-05
   100.000000       0.00000000    
