 -0.125000000      -1.30156797E-04
  0.125000000      -1.30156797E-04
  0.375000000      -1.29624736E-04
  0.625000000      -1.30661894E-04
  0.875000000      -1.28945961E-04
   1.12500000      -1.31059685E-04
   1.37500000      -1.28288302E-04
   1.62500000      -1.31315392E-04
   1.87500000      -1.27551291E-04
   2.12500000      -1.31451307E-04
   2.37500000      -1.26880390E-04
   2.62500000      -1.31275141E-04
   2.87500000      -1.26428422E-04
   3.12500000      -1.30988701E-04
   3.37500000      -1.25771883E-04
   3.62500000      -1.30413042E-04
   3.87500000      -1.25326187E-04
   4.12500000      -1.29643246E-04
   4.37500000      -1.24933678E-04
   4.62500000      -1.28685220E-04
   4.87500000      -1.24579208E-04
   5.12500000      -1.27529245E-04
   5.37500000      -1.24009326E-04
   5.62500000      -1.26157160E-04
   5.87500000      -1.23891921E-04
   6.12500000      -1.24609927E-04
   6.37500000      -1.23224003E-04
   6.62500000      -1.23173508E-04
   6.87500000      -1.22528392E-04
   7.12500000      -1.21680881E-04
   7.37500000      -1.21468751E-04
   7.62500000      -1.20239245E-04
   7.87500000      -1.20128614E-04
   8.12500000      -1.19099815E-04
   8.37500000      -1.18466945E-04
   8.62500000      -1.18101358E-04
   8.87500000      -1.16369280E-04
   9.12500000      -1.16991461E-04
   9.37500000      -1.14233582E-04
   9.62500000      -1.16107054E-04
   9.87500000      -1.11806519E-04
   10.1250000      -1.14901814E-04
   10.3750000      -1.09572997E-04
   10.6250000      -1.13399030E-04
   10.8750000      -1.07676788E-04
   11.1250000      -1.11215086E-04
   11.3750000      -1.05981191E-04
   11.6250000      -1.08657230E-04
   11.8750000      -1.04575316E-04
   12.1250000      -1.05682106E-04
   12.3750000      -1.03588602E-04
   12.6250000      -1.02299004E-04
   12.8750000      -1.02421785E-04
   13.1250000      -9.90661501E-05
   13.3750000      -1.01024270E-04
   13.6250000      -9.61895712E-05
   13.8750000      -9.93682479E-05
   14.1250000      -9.33400224E-05
   14.3750000      -9.68890090E-05
   14.6250000      -9.13133626E-05
   14.8750000      -9.38815501E-05
   15.1250000      -8.94134282E-05
   15.3750000      -9.06669666E-05
   15.6250000      -8.80953594E-05
   15.8750000      -8.73791651E-05
   16.1250000      -8.62253655E-05
   16.3750000      -8.44219176E-05
   16.6250000      -8.38922060E-05
   16.8750000      -8.24418239E-05
   17.1250000      -8.06908283E-05
   17.3750000      -8.09230696E-05
   17.6250000      -7.71935374E-05
   17.8750000      -7.96048917E-05
   18.1250000      -7.39445386E-05
   18.3750000      -7.76891320E-05
   18.6250000      -7.18333104E-05
   18.8750000      -7.47864251E-05
   19.1250000      -7.08259322E-05
   19.3750000      -7.08572334E-05
   19.6250000      -7.05204075E-05
   19.8750000      -6.68822540E-05
   20.1250000      -7.01165554E-05
   20.3750000      -6.35881515E-05
   20.6250000      -6.88521832E-05
   20.8750000      -6.13084849E-05
   21.1250000      -6.66025007E-05
   21.3750000      -6.03496483E-05
   21.6250000      -6.34107055E-05
   21.8750000      -6.01102111E-05
   22.1250000      -5.98679835E-05
   22.3750000      -6.01367865E-05
   22.6250000      -5.71572782E-05
   22.8750000      -5.91771241E-05
   23.1250000      -5.54125036E-05
   23.3750000      -5.73798752E-05
   23.6250000      -5.46378251E-05
   23.8750000      -5.51072480E-05
   24.1250000      -5.38151689E-05
   24.3750000      -5.33141829E-05
   24.6250000      -5.27564152E-05
   24.8750000      -5.23948584E-05
   25.1250000      -5.09082201E-05
   25.3750000      -5.22840819E-05
   25.6250000      -4.87994039E-05
   25.8750000      -5.16585387E-05
   26.1250000      -4.78264919E-05
   26.3750000      -4.98657137E-05
   26.6250000      -4.83470467E-05
   26.8750000      -4.67074460E-05
   27.1250000      -4.97422989E-05
   27.3750000      -4.36804912E-05
   27.6250000      -5.01556206E-05
   27.8750000      -4.27943669E-05
   28.1250000      -4.83632284E-05
   28.3750000      -4.41084158E-05
   28.6250000      -4.44907746E-05
   28.8750000      -4.64383193E-05
   29.1250000      -4.12833506E-05
   29.3750000      -4.72158608E-05
   29.6250000      -4.03312260E-05
   29.8750000      -4.54658075E-05
   30.1250000      -4.17651463E-05
   30.3750000      -4.23500278E-05
   30.6250000      -4.32936031E-05
   30.8750000      -4.01100406E-05
   31.1250000      -4.32428751E-05
   31.3750000      -4.01627949E-05
   31.6250000      -4.13735870E-05
   31.8750000      -4.07900625E-05
   32.1250000      -4.01365432E-05
   32.3750000      -4.00163299E-05
   32.6250000      -4.04497805E-05
   32.8750000      -3.79612939E-05
   33.1250000      -4.09699824E-05
   33.3750000      -3.76608368E-05
   33.6250000      -3.91204958E-05
   33.8750000      -3.93283226E-05
   34.1250000      -3.58541911E-05
   34.3750000      -4.13556409E-05
   34.6250000      -3.42363710E-05
   34.8750000      -4.01070356E-05
   35.1250000      -3.65311498E-05
   35.3750000      -3.55938500E-05
   35.6250000      -4.00935241E-05
   35.8750000      -3.23890927E-05
   36.1250000      -4.01031793E-05
   36.3750000      -3.39162943E-05
   36.6250000      -3.57856989E-05
   36.8750000      -3.76605421E-05
   37.1250000      -3.21654625E-05
   37.3750000      -3.82197795E-05
   37.6250000      -3.30312432E-05
   37.8750000      -3.49927141E-05
   38.1250000      -3.55382472E-05
   38.3750000      -3.28804781E-05
   38.6250000      -3.52192874E-05
   38.8750000      -3.38875507E-05
   39.1250000      -3.30029579E-05
   39.3750000      -3.44194486E-05
   39.6250000      -3.31927986E-05
   39.8750000      -3.17597660E-05
   40.1250000      -3.52524548E-05
   40.3750000      -3.03833767E-05
   40.6250000      -3.35850928E-05
   40.8750000      -3.35096411E-05
   41.1250000      -2.87413604E-05
   41.3750000      -3.63076178E-05
   41.6250000      -2.83092595E-05
   41.8750000      -3.21566440E-05
   42.1250000      -3.39844228E-05
   42.3750000      -2.64295777E-05
   42.6250000      -3.57247955E-05
   42.8750000      -2.80984659E-05
   43.1250000      -2.97351744E-05
   43.3750000      -3.40534316E-05
   43.6250000      -2.55545383E-05
   43.8750000      -3.31463307E-05
   44.1250000      -2.94306246E-05
   44.3750000      -2.74657214E-05
   44.6250000      -3.24747089E-05
   44.8750000      -2.71941881E-05
   45.1250000      -2.91480810E-05
   45.3750000      -3.02352910E-05
   45.6250000      -2.74911108E-05
   45.8750000      -2.83301779E-05
   46.1250000      -2.99199291E-05
   46.3750000      -2.66862007E-05
   46.6250000      -2.76742921E-05
   46.8750000      -3.03990928E-05
   47.1250000      -2.41961789E-05
   47.3750000      -2.92932218E-05
   47.6250000      -2.90040771E-05
   47.8750000      -2.24292489E-05
   48.1250000      -3.19511091E-05
   48.3750000      -2.48949545E-05
   48.6250000      -2.35416683E-05
   48.8750000      -3.28161332E-05
   49.1250000      -2.08074016E-05
   49.3750000      -2.68818094E-05
   49.6250000      -3.01654145E-05
   49.8750000      -1.93442556E-05
   50.1250000      -2.96788712E-05
   50.3750000      -2.60394954E-05
   50.6250000      -2.09374484E-05
   50.8750000      -2.93377252E-05
   51.1250000      -2.37095137E-05
   51.3750000      -2.32065649E-05
   51.6250000      -2.64512455E-05
   51.8750000      -2.44567091E-05
   52.1250000      -2.27876226E-05
   52.3750000      -2.44977600E-05
   52.6250000      -2.63678157E-05
   52.8750000      -1.99667575E-05
   53.1250000      -2.50147732E-05
   53.3750000      -2.73271053E-05
   53.6250000      -1.68072547E-05
   53.8750000      -2.66754796E-05
   54.1250000      -2.63789352E-05
   54.3750000      -1.48315012E-05
   54.6250000      -2.82110341E-05
   54.8750000      -2.48353535E-05
   55.1250000      -1.42698991E-05
   55.3750000      -2.85164115E-05
   55.6250000      -2.33554729E-05
   55.8750000      -1.47359769E-05
   56.1250000      -2.74562717E-05
   56.3750000      -2.24278228E-05
   56.6250000      -1.64649464E-05
   56.8750000      -2.41630223E-05
   57.1250000      -2.27574255E-05
   57.3750000      -1.88432550E-05
   57.6250000      -1.90430128E-05
   57.8750000      -2.42803690E-05
   58.1250000      -2.15267064E-05
   58.3750000      -1.38310761E-05
   58.6250000      -2.51394940E-05
   58.8750000      -2.43577670E-05
   59.1250000      -1.00269945E-05
   59.3750000      -2.35220814E-05
   59.6250000      -2.79278120E-05
   59.8750000      -8.60528144E-06
   60.1250000      -1.93346550E-05
   60.3750000      -3.06520851E-05
   60.6250000      -1.07780033E-05
   60.8750000      -1.43893394E-05
   61.1250000      -2.84881626E-05
   61.3750000      -1.72350901E-05
   61.6250000      -1.21973599E-05
   61.8750000      -2.02947413E-05
   62.1250000      -2.32511138E-05
   62.3750000      -1.72537784E-05
   62.6250000      -1.03576758E-05
   62.8750000      -2.02700739E-05
   63.1250000      -2.84616799E-05
   63.3750000      -9.40788323E-06
   63.6250000      -6.00939302E-06
   63.8750000      -3.31835327E-05
   64.1250000      -2.30576061E-05
   64.3750000       3.26752524E-06
   64.6250000      -1.82414260E-05
   64.8750000      -3.54561234E-05
   65.1250000      -1.16135652E-05
   65.3750000      -1.11379620E-06
   65.6250000      -1.99574351E-05
   65.8750000      -2.86297764E-05
   66.1250000      -1.93801534E-05
   66.3750000      -2.58937644E-06
   66.6250000      -2.08327879E-06
   66.8750000      -3.35479417E-05
   67.1250000      -3.98445409E-05
   67.3750000       6.34092885E-06
   67.6250000       1.97296959E-05
   67.8750000      -3.33361422E-05
   68.1250000      -5.83537840E-05
   68.3750000      -1.13410069E-05
   68.6250000       3.21387561E-05
   68.8750000       2.94472375E-05
   69.1250000       4.14839633E-06
   69.3750000       4.91277842E-06
   69.6250000       1.36269358E-04
   69.8750000       5.07825345E-04
   70.1250000       1.11967651E-03
   70.3750000       1.88864826E-03
   70.6250000       2.78519490E-03
   70.8750000       3.81692033E-03
   71.1250000       4.92890412E-03
   71.3750000       6.06278609E-03
   71.6250000       7.24194292E-03
   71.8750000       8.50417279E-03
   72.1250000       9.79870185E-03
   72.3750000       1.10718813E-02
   72.6250000       1.23813087E-02
   72.8750000       1.37783261E-02
   73.1250000       1.51822595E-02
   73.3750000       1.65216029E-02
   73.6250000       1.79083310E-02
   73.8750000       1.94247272E-02
   74.1250000       2.09045783E-02
   74.3750000       2.22451594E-02
   74.6250000       2.36844569E-02
   74.8750000       2.53496394E-02
   75.1250000       2.68843155E-02
   75.3750000       2.81336680E-02
   75.6250000       2.96158008E-02
   75.8750000       3.15204933E-02
   76.1250000       3.30976620E-02
   76.3750000       3.40964347E-02
   76.6250000       3.55968811E-02
   76.8750000       3.79453227E-02
   77.1250000       3.96008343E-02
   77.3750000       4.00461704E-02
   77.6250000       4.14438136E-02
   77.8750000       4.46406417E-02
   78.1250000       4.66062613E-02
   78.3750000       4.59275506E-02
   78.6250000       4.67668176E-02
   78.8750000       5.15519753E-02
   79.1250000       5.46195321E-02
   79.3750000       5.18386997E-02
   79.6250000       5.07927015E-02
   79.8750000       5.83326817E-02
   80.1250000       6.45966008E-02
   80.3750000       5.82140014E-02
   80.6250000       5.22716232E-02
   80.8750000       6.40346408E-02
   81.1250000       7.78625086E-02
   81.3750000       6.58177137E-02
   81.6250000       4.98398095E-02
   81.8750000       6.71201795E-02
   82.1250000       9.53012332E-02
   82.3750000       7.52137229E-02
   82.6250000       4.31770943E-02
   82.8750000       6.62979856E-02
   83.1250000      0.115981907    
   83.3750000       8.64187852E-02
   83.6250000       3.40517201E-02
   83.8750000       6.13717325E-02
   84.1250000      0.136966884    
   84.3750000       9.98876765E-02
   84.6250000       2.55110897E-02
   84.8750000       5.25758006E-02
   85.1250000      0.154742047    
   85.3750000      0.117476217    
   85.6250000       2.01850887E-02
   85.8750000       3.98514308E-02
   86.1250000      0.165615082    
   86.3750000      0.141803563    
   86.6250000       2.01237053E-02
   86.8750000       2.38371231E-02
   87.1250000      0.164789647    
   87.3750000      0.174522713    
   87.6250000       2.78370213E-02
   87.8750000       7.17139011E-03
   88.1250000      0.146984100    
   88.3750000      0.213476598    
   88.6250000       4.73858528E-02
   88.8750000      -5.85162872E-03
   89.1250000      0.110475197    
   89.3750000      0.248642892    
   89.6250000       8.49345475E-02
   89.8750000      -1.12096965E-02
   90.1250000       6.24528266E-02
   90.3750000      0.260687381    
   90.6250000      0.146218836    
   90.8750000      -5.81214204E-03
   91.1250000       1.83739495E-02
   91.3750000      0.230979830    
   91.6250000      0.226511315    
   91.8750000       1.59273986E-02
   92.1250000      -1.02403350E-02
   92.3750000      0.158210441    
   92.6250000      0.303524286    
   92.8750000       6.78669885E-02
   93.1250000      -2.03284658E-02
   93.3750000       7.79913887E-02
   93.6250000      0.337704152    
   93.8750000      0.156364337    
   94.1250000       1.27172740E-02
   94.3750000      0.230814397    
   94.6250000      0.267592996    
   94.8750000       3.17152441E-02
   95.1250000      0.136949539    
   95.3750000      0.319369584    
   95.6250000       9.03468803E-02
   95.8750000       7.34400824E-02
   96.1250000      0.311563820    
   96.3750000      0.160646692    
   96.6250000      -4.28668177E-03
   96.8750000      -2.57713697E-03
   97.1250000       5.67311828E-04
   97.3750000      -2.68712756E-05
   97.6250000      -1.09475241E-05
   97.8750000       2.62963295E-06
   98.1250000      -1.53847935E-07
   98.3750000      -4.55957299E-08
   98.6250000       1.21112329E-08
   98.8750000      -8.45146397E-10
   99.1250000      -1.85887458E-10
   99.3750000       5.53820566E-11
   99.6250000      -4.52759228E-12
   99.8750000      -4.85603311E-13
   100.125000      -4.85603311E-13
