   0.00000000       0.00000000    
  0.250000000      -4.16144758E-07
  0.500000000       3.02340595E-07
  0.750000000      -1.22508254E-06
   1.00000000       6.63485423E-07
   1.25000000      -1.84393878E-06
   1.50000000       9.47212129E-07
   1.75000000      -2.72554871E-06
   2.00000000       1.23782797E-06
   2.25000000      -3.45141939E-06
   2.50000000       1.66547557E-06
   2.75000000      -4.06651998E-06
   3.00000000       1.91573304E-06
   3.25000000      -4.65081894E-06
   3.50000000       2.09109726E-06
   3.75000000      -4.86131239E-06
   4.00000000       2.30065484E-06
   4.25000000      -5.05147045E-06
   4.50000000       2.28267527E-06
   4.75000000      -5.04048148E-06
   5.00000000       2.32789671E-06
   5.25000000      -4.72122338E-06
   5.50000000       1.91032996E-06
   5.75000000      -4.08967207E-06
   6.00000000       1.56499027E-06
   6.25000000      -3.26552413E-06
   6.50000000       1.31081720E-06
   6.75000000      -2.43715476E-06
   7.00000000       9.20320076E-07
   7.25000000      -1.45967249E-06
   7.50000000       6.20112871E-07
   7.75000000      -3.32373361E-07
   8.00000000       4.24522625E-07
   8.25000000       6.70106829E-07
   8.50000000       7.90407739E-07
   8.75000000       1.17855677E-06
   9.00000000       1.55123803E-06
   9.25000000       1.81409757E-06
   9.50000000       2.69150451E-06
   9.75000000       1.99358419E-06
   10.0000000       4.41142856E-06
   10.2500000       1.93263190E-06
   10.5000000       6.18788590E-06
   10.7500000       1.89887578E-06
   11.0000000       7.94163043E-06
   11.2500000       2.35946459E-06
   11.5000000       9.57262091E-06
   11.7500000       2.97152269E-06
   12.0000000       1.06661464E-05
   12.2500000       4.50185598E-06
   12.5000000       1.14932509E-05
   12.7500000       6.38563188E-06
   13.0000000       1.18634143E-05
   13.2500000       9.02532702E-06
   13.5000000       1.19144206E-05
   13.7500000       1.18113885E-05
   14.0000000       1.17353593E-05
   14.2500000       1.45093754E-05
   14.5000000       1.24545495E-05
   14.7500000       1.63829445E-05
   15.0000000       1.37165316E-05
   15.2500000       1.78819864E-05
   15.5000000       1.56880742E-05
   15.7500000       1.84441724E-05
   16.0000000       1.82080894E-05
   16.2500000       1.91484542E-05
   16.5000000       2.03575237E-05
   16.7500000       2.03189556E-05
   17.0000000       2.18001078E-05
   17.2500000       2.21394494E-05
   17.5000000       2.27264154E-05
   17.7500000       2.44190069E-05
   18.0000000       2.28833524E-05
   18.2500000       2.71014251E-05
   18.5000000       2.33470655E-05
   18.7500000       2.93071535E-05
   19.0000000       2.40422214E-05
   19.2500000       3.09618881E-05
   19.5000000       2.55944597E-05
   19.7500000       3.12184566E-05
   20.0000000       2.80963268E-05
   20.2500000       3.06822330E-05
   20.5000000       3.12175544E-05
   20.7500000       2.96057842E-05
   21.0000000       3.44596119E-05
   21.2500000       2.89297059E-05
   21.5000000       3.63705731E-05
   21.7500000       2.95281588E-05
   22.0000000       3.67301363E-05
   22.2500000       3.16899022E-05
   22.5000000       3.55634002E-05
   22.7500000       3.42877465E-05
   23.0000000       3.44139444E-05
   23.2500000       3.64759144E-05
   23.5000000       3.41645500E-05
   23.7500000       3.71776296E-05
   24.0000000       3.53173491E-05
   24.2500000       3.65569504E-05
   24.5000000       3.69088229E-05
   24.7500000       3.59462174E-05
   25.0000000       3.76800526E-05
   25.2500000       3.67266366E-05
   25.5000000       3.67410757E-05
   25.7500000       3.87976179E-05
   26.0000000       3.48976282E-05
   26.2500000       4.05829742E-05
   26.5000000       3.41493796E-05
   26.7500000       4.04069833E-05
   27.0000000       3.60427075E-05
   27.2500000       3.77031356E-05
   27.5000000       3.94787312E-05
   27.7500000       3.42142375E-05
   28.0000000       4.21985387E-05
   28.2500000       3.28311871E-05
   28.5000000       4.16299299E-05
   28.7500000       3.49886141E-05
   29.0000000       3.82552571E-05
   29.2500000       3.86138054E-05
   29.5000000       3.46007837E-05
   29.7500000       4.09707063E-05
   30.0000000       3.36908233E-05
   30.2500000       3.99193523E-05
   30.5000000       3.56199271E-05
   30.7500000       3.69683185E-05
   31.0000000       3.79896774E-05
   31.2500000       3.52303250E-05
   31.5000000       3.80000311E-05
   31.7500000       3.59869628E-05
   32.0000000       3.62093742E-05
   32.2500000       3.71541137E-05
   32.5000000       3.52972202E-05
   32.7500000       3.63367035E-05
   33.0000000       3.68939945E-05
   33.2500000       3.36772282E-05
   33.5000000       3.85141175E-05
   33.7500000       3.25351648E-05
   34.0000000       3.72763170E-05
   34.2500000       3.52468014E-05
   34.5000000       3.28297829E-05
   34.7500000       3.90286259E-05
   35.0000000       2.97447878E-05
   35.2500000       3.88245971E-05
   35.5000000       3.22682390E-05
   35.7500000       3.36744415E-05
   36.0000000       3.72376890E-05
   36.2500000       2.92007098E-05
   36.5000000       3.84970408E-05
   36.7500000       3.03148026E-05
   37.0000000       3.44295477E-05
   37.2500000       3.47359673E-05
   37.5000000       3.02462813E-05
   37.7500000       3.60479171E-05
   38.0000000       3.07329901E-05
   38.2500000       3.33603093E-05
   38.5000000       3.30308831E-05
   38.7500000       3.15471298E-05
   39.0000000       3.24011053E-05
   39.2500000       3.25028996E-05
   39.5000000       3.08275194E-05
   39.7500000       3.24043758E-05
   40.0000000       3.21823791E-05
   40.2500000       2.91432079E-05
   40.5000000       3.47546775E-05
   40.7500000       2.79851538E-05
   41.0000000       3.18844504E-05
   41.2500000       3.27804373E-05
   41.5000000       2.57235533E-05
   41.7500000       3.60390441E-05
   42.0000000       2.60593861E-05
   42.2500000       3.06125112E-05
   42.5000000       3.31741903E-05
   42.7500000       2.37278164E-05
   43.0000000       3.53747273E-05
   43.2500000       2.63742932E-05
   43.5000000       2.82192468E-05
   43.7500000       3.32854470E-05
   44.0000000       2.38136272E-05
   44.2500000       3.20683685E-05
   44.5000000       2.81497414E-05
   44.7500000       2.63781967E-05
   45.0000000       3.08732997E-05
   45.2500000       2.66420266E-05
   45.5000000       2.76228511E-05
   45.7500000       2.87103721E-05
   46.0000000       2.75227176E-05
   46.2500000       2.59002554E-05
   46.5000000       2.97233582E-05
   46.7500000       2.60474426E-05
   47.0000000       2.51254405E-05
   47.2500000       3.12842312E-05
   47.5000000       2.20761904E-05
   47.7500000       2.79844207E-05
   48.0000000       2.96614362E-05
   48.2500000       1.94207860E-05
   48.5000000       3.17316953E-05
   48.7500000       2.48023152E-05
   49.0000000       2.10709113E-05
   49.2500000       3.27290800E-05
   49.5000000       2.03294603E-05
   49.7500000       2.47998214E-05
   50.0000000       3.03788729E-05
   50.2500000       1.88719860E-05
   50.5000000       2.72850539E-05
   50.7500000       2.67888936E-05
   51.0000000       1.99833521E-05
   51.2500000       2.69777011E-05
   51.5000000       2.47043372E-05
   51.7500000       2.16899261E-05
   52.0000000       2.45920528E-05
   52.2500000       2.50952162E-05
   52.5000000       2.18313107E-05
   52.7500000       2.20561451E-05
   53.0000000       2.77609506E-05
   53.2500000       1.91682066E-05
   53.5000000       2.16992357E-05
   53.7500000       2.96391681E-05
   54.0000000       1.54412610E-05
   54.2500000       2.31612139E-05
   54.5000000       2.96741400E-05
   54.7500000       1.26357263E-05
   55.0000000       2.52855170E-05
   55.2500000       2.75715247E-05
   55.5000000       1.27643298E-05
   55.7500000       2.52054015E-05
   56.0000000       2.60552551E-05
   56.2500000       1.42279678E-05
   56.5000000       2.33538412E-05
   56.7500000       2.47504067E-05
   57.0000000       1.68136849E-05
   57.2500000       2.01783241E-05
   57.5000000       2.34549570E-05
   57.7500000       2.09697882E-05
   58.0000000       1.59682386E-05
   58.2500000       2.17553479E-05
   58.5000000       2.58407235E-05
   58.7500000       1.16605415E-05
   59.0000000       1.97024183E-05
   59.2500000       3.03317465E-05
   59.5000000       9.63568891E-06
   59.7500000       1.60221862E-05
   60.0000000       3.22474225E-05
   60.2500000       1.22686879E-05
   60.5000000       1.08857739E-05
   60.7500000       3.03872130E-05
   61.0000000       1.82261701E-05
   61.2500000       8.69957239E-06
   61.5000000       2.34971121E-05
   61.7500000       2.30291607E-05
   62.0000000       1.39355798E-05
   62.2500000       1.35855753E-05
   62.5000000       2.05309934E-05
   62.7500000       2.55745053E-05
   63.0000000       1.03316124E-05
   63.2500000       8.52025732E-06
   63.5000000       3.13903038E-05
   63.7500000       2.21988303E-05
   64.0000000      -3.12928751E-06
   64.2500000       1.93986853E-05
   64.5000000       3.78616678E-05
   64.7500000       5.92813649E-06
   65.0000000      -1.72468390E-07
   65.2500000       2.85830083E-05
   65.5000000       2.82037745E-05
   65.7500000       7.91424463E-06
   66.0000000       3.68366864E-06
   66.2500000       1.62363867E-05
   66.5000000       3.29159593E-05
   66.7500000       2.37725035E-05
   67.0000000      -1.07207234E-05
   67.2500000      -2.29666148E-06
   67.5000000       4.94693777E-05
   67.7500000       4.17852643E-05
   68.0000000      -1.85289864E-05
   68.2500000      -2.34457875E-05
   68.5000000       3.29260911E-05
   68.7500000       6.63984611E-05
   69.0000000       5.27860757E-05
   69.2500000       2.64820919E-05
   69.5000000       4.33463938E-05
   69.7500000       2.23790979E-04
   70.0000000       6.62425184E-04
   70.2500000       1.32194196E-03
   70.5000000       2.12188740E-03
   70.7500000       3.05055198E-03
   71.0000000       4.10970580E-03
   71.2500000       5.22814598E-03
   71.5000000       6.36199396E-03
   71.7500000       7.55619025E-03
   72.0000000       8.82975012E-03
   72.2500000       1.01147098E-02
   72.5000000       1.13774817E-02
   72.7500000       1.26987966E-02
   73.0000000       1.41028585E-02
   73.2500000       1.54800666E-02
   73.5000000       1.67994704E-02
   73.7500000       1.82051826E-02
   74.0000000       1.97264664E-02
   74.2500000       2.11533383E-02
   74.5000000       2.24618595E-02
   74.7500000       2.39467882E-02
   75.0000000       2.56150868E-02
   75.2500000       2.70456038E-02
   75.5000000       2.82522980E-02
   75.7500000       2.98394952E-02
   76.0000000       3.17491554E-02
   76.2500000       3.31214145E-02
   76.5000000       3.40628214E-02
   76.7500000       3.57937776E-02
   77.0000000       3.81631702E-02
   77.2500000       3.94242592E-02
   77.5000000       3.97606492E-02
   77.7500000       4.16394323E-02
   78.0000000       4.49449196E-02
   78.2500000       4.61574048E-02
   78.5000000       4.51876968E-02
   78.7500000       4.69715483E-02
   79.0000000       5.21991029E-02
   79.2500000       5.38611189E-02
   79.5000000       5.02250604E-02
   79.7500000       5.09202965E-02
   80.0000000       5.98837249E-02
   80.2500000       6.36304095E-02
   80.5000000       5.49300797E-02
   80.7500000       5.19806556E-02
   81.0000000       6.75229952E-02
   81.2500000       7.70547017E-02
   81.5000000       5.95714487E-02
   81.7500000       4.84412834E-02
   82.0000000       7.39957094E-02
   82.2500000       9.53013077E-02
   82.5000000       6.43707812E-02
   82.7500000       3.98784392E-02
   83.0000000       7.78090954E-02
   83.2500000      0.117632858    
   83.5000000       6.96280673E-02
   83.7500000       2.83136778E-02
   84.0000000       7.76510686E-02
   84.2500000      0.141409829    
   84.5000000       7.67033696E-02
   84.7500000       1.69218667E-02
   85.0000000       7.22761378E-02
   85.2500000      0.163810626    
   85.5000000       8.83250311E-02
   85.7500000       8.08994845E-03
   86.0000000       6.03696331E-02
   86.2500000      0.181970775    
   86.5000000      0.107849002    
   86.7500000       3.47246462E-03
   87.0000000       4.17052731E-02
   87.2500000      0.191103175    
   87.5000000      0.138373464    
   87.7500000       5.01382351E-03
   88.0000000       1.88965350E-02
   88.2500000      0.183745801    
   88.5000000      0.180797279    
   88.7500000       1.58976112E-02
   89.0000000      -2.34791636E-03
   89.2500000      0.153124809    
   89.5000000      0.229378492    
   89.7500000       4.18543182E-02
   90.0000000      -1.59590729E-02
   90.2500000      0.100969240    
   90.5000000      0.266566068    
   90.7500000       9.12661403E-02
   91.0000000      -1.90183483E-02
   91.2500000       4.29476053E-02
   91.5000000      0.266390175    
   91.7500000      0.168075681    
   92.0000000      -9.59177501E-03
   92.2500000      -2.37104297E-03
   92.5000000      0.211995304    
   92.7500000      0.262563646    
   93.0000000       2.19269618E-02
   93.2500000      -2.38874890E-02
   93.5000000      0.127291292    
   93.7500000      0.335210919    
   94.0000000       8.56696218E-02
   94.2500000       2.39643604E-02
   94.5000000      0.277017683    
   94.7500000      0.204183713    
   95.0000000       7.31806457E-03
   95.2500000      0.191231906    
   95.5000000      0.286423504    
   95.7500000       3.90422232E-02
   96.0000000      0.114041060    
   96.2500000      0.314270467    
   96.5000000       9.53539759E-02
   96.7500000      -1.29007809E-02
   97.0000000      -3.99584707E-04
   97.2500000       4.26762621E-04
   97.5000000      -6.26655528E-05
   97.7500000      -9.06154128E-07
   98.0000000       1.87850333E-06
   98.2500000      -2.99853184E-07
   98.5000000       2.74223311E-10
   98.7500000       8.18474977E-09
   99.0000000      -1.42448098E-09
   99.2500000       2.21485608E-11
   99.5000000       3.52676673E-11
   99.7500000      -6.86611965E-12
   100.000000       0.00000000    
