 -0.125000000      -1.31398338E-07
  0.125000000      -1.31398338E-07
  0.375000000       6.07858453E-07
  0.625000000      -9.47330022E-07
  0.875000000       1.24694611E-06
   1.12500000      -1.58824776E-06
   1.37500000       1.92699235E-06
   1.62500000      -2.22056451E-06
   1.87500000       2.46697800E-06
   2.12500000      -2.68753524E-06
   2.37500000       2.90702792E-06
   2.62500000      -3.00840338E-06
   2.87500000       3.06000925E-06
   3.12500000      -3.10021051E-06
   3.37500000       3.03756997E-06
   3.62500000      -2.90333560E-06
   3.87500000       2.71913996E-06
   4.12500000      -2.51355505E-06
   4.37500000       2.25889880E-06
   4.62500000      -1.94833751E-06
   4.87500000       1.56064220E-06
   5.12500000      -1.17048216E-06
   5.37500000       7.71075520E-07
   5.62500000      -3.79766050E-07
   5.87500000      -3.15505204E-08
   6.12500000       3.65023311E-07
   6.37500000      -6.95491565E-07
   6.62500000       8.82907898E-07
   6.87500000      -1.05738434E-06
   7.12500000       1.15972193E-06
   7.37500000      -1.17819525E-06
   7.62500000       1.08115103E-06
   7.87500000      -9.48292836E-07
   8.12500000       6.48230525E-07
   8.37500000      -3.56263172E-07
   8.62500000      -4.26011866E-08
   8.87500000       4.05791297E-07
   9.12500000      -8.06169965E-07
   9.37500000       1.20069103E-06
   9.62500000      -1.42275633E-06
   9.87500000       1.66256564E-06
   10.1250000      -1.77649054E-06
   10.3750000       1.74038951E-06
   10.6250000      -1.60172203E-06
   10.8750000       1.37044162E-06
   11.1250000      -9.99200779E-07
   11.3750000       5.88326600E-07
   11.6250000      -1.22122657E-07
   11.8750000      -3.12941722E-07
   12.1250000       7.23939081E-07
   12.3750000      -1.11503914E-06
   12.6250000       1.23569214E-06
   12.8750000      -1.23790471E-06
   13.1250000       1.14690147E-06
   13.3750000      -8.50799893E-07
   13.6250000       3.97951908E-07
   13.8750000       1.41627652E-07
   14.1250000      -7.82126335E-07
   14.3750000       1.41426949E-06
   14.6250000      -1.99415877E-06
   14.8750000       2.45935507E-06
   15.1250000      -2.81339726E-06
   15.3750000       2.92611116E-06
   15.6250000      -2.80901918E-06
   15.8750000       2.50077437E-06
   16.1250000      -2.09206974E-06
   16.3750000       1.47356855E-06
   16.6250000      -8.72522662E-07
   16.8750000       2.94621316E-07
   17.1250000       7.75529543E-08
   17.3750000      -2.96171919E-07
   17.6250000       3.30781887E-07
   17.8750000      -2.45206024E-08
   18.1250000      -5.36485913E-07
   18.3750000       1.08016957E-06
   18.6250000      -1.72320665E-06
   18.8750000       2.32375351E-06
   19.1250000      -2.70948976E-06
   19.3750000       2.87302146E-06
   19.6250000      -2.67249334E-06
   19.8750000       2.29632315E-06
   20.1250000      -1.50344385E-06
   20.3750000       5.12155566E-07
   20.6250000       4.46682861E-07
   20.8750000      -1.32464356E-06
   21.1250000       2.01757280E-06
   21.3750000      -2.41391331E-06
   21.6250000       2.40634199E-06
   21.8750000      -1.95238681E-06
   22.1250000       1.45623608E-06
   22.3750000      -7.89926617E-07
   22.6250000       1.73570697E-07
   22.8750000       2.48581671E-07
   23.1250000      -3.24517998E-07
   23.3750000       8.96790198E-08
   23.6250000       4.81320967E-07
   23.8750000      -1.26698319E-06
   24.1250000       2.05000833E-06
   24.3750000      -2.57216880E-06
   24.6250000       2.77287199E-06
   24.8750000      -2.46163404E-06
   25.1250000       1.67941459E-06
   25.3750000      -5.27741122E-07
   25.6250000      -7.85393695E-07
   25.8750000       2.01604462E-06
   26.1250000      -2.95351765E-06
   26.3750000       3.41355326E-06
   26.6250000      -3.17836566E-06
   26.8750000       2.50074777E-06
   27.1250000      -1.51596282E-06
   27.3750000       4.23886831E-07
   27.6250000       4.18368018E-07
   27.8750000      -8.00750854E-07
   28.1250000       7.10861400E-07
   28.3750000      -1.15549767E-07
   28.6250000      -5.74645242E-07
   28.8750000       1.22750953E-06
   29.1250000      -1.42920749E-06
   29.3750000       1.02144804E-06
   29.6250000      -3.09523784E-08
   29.8750000      -1.29969339E-06
   30.1250000       2.58524619E-06
   30.3750000      -3.55786483E-06
   30.6250000       3.69202098E-06
   30.8750000      -3.02360786E-06
   31.1250000       1.66917425E-06
   31.3750000       8.12297003E-08
   31.6250000      -1.72756927E-06
   31.8750000       2.72160059E-06
   32.1250000      -2.96800295E-06
   32.3750000       2.50108042E-06
   32.6250000      -1.31332376E-06
   32.8750000       1.63036248E-07
   33.1250000       6.37091205E-07
   33.3750000      -7.11186203E-07
   33.6250000      -9.98937821E-09
   33.8750000       9.58705414E-07
   34.1250000      -1.71198337E-06
   34.3750000       1.87047908E-06
   34.6250000      -1.02536683E-06
   34.8750000      -4.88468004E-07
   35.1250000       2.32157981E-06
   35.3750000      -3.72130762E-06
   35.6250000       4.11175824E-06
   35.8750000      -3.13994110E-06
   36.1250000       1.22599613E-06
   36.3750000       1.08180666E-06
   36.6250000      -2.91361539E-06
   36.8750000       3.61103548E-06
   37.1250000      -2.93713083E-06
   37.3750000       1.47205242E-06
   37.6250000       2.06779077E-07
   37.8750000      -1.12473299E-06
   38.1250000       1.06902257E-06
   38.3750000      -1.54029465E-07
   38.6250000      -9.63239358E-07
   38.8750000       1.52970506E-06
   39.1250000      -9.20865887E-07
   39.3750000      -8.25944653E-07
   39.6250000       2.76562923E-06
   39.8750000      -3.95606867E-06
   40.1250000       3.50495407E-06
   40.3750000      -1.49346602E-06
   40.6250000      -1.34654556E-06
   40.8750000       3.76939261E-06
   41.1250000      -4.48786068E-06
   41.3750000       3.33402591E-06
   41.6250000      -9.74386467E-07
   41.8750000      -1.34081802E-06
   42.1250000       2.48346782E-06
   42.3750000      -1.92890980E-06
   42.6250000       2.57783313E-07
   42.8750000       1.03987873E-06
   43.1250000      -8.94545394E-07
   43.3750000      -5.66912377E-07
   43.6250000       2.50822268E-06
   43.8750000      -3.31010233E-06
   44.1250000       2.08124379E-06
   44.3750000       9.69817165E-07
   44.6250000      -4.04532602E-06
   44.8750000       5.16944237E-06
   45.1250000      -3.75498212E-06
   45.3750000       1.84608780E-07
   45.6250000       3.21773973E-06
   45.8750000      -4.49592608E-06
   46.1250000       3.13176133E-06
   46.3750000      -2.80208269E-07
   46.6250000      -1.82816996E-06
   46.8750000       1.69428847E-06
   47.1250000       1.66065092E-07
   47.3750000      -1.91364870E-06
   47.6250000       1.53451708E-06
   47.8750000       1.10105839E-06
   48.1250000      -4.07990865E-06
   48.3750000       4.55216241E-06
   48.6250000      -1.76252252E-06
   48.8750000      -2.87449348E-06
   49.1250000       5.90897025E-06
   49.3750000      -5.09659640E-06
   49.6250000       9.37257028E-07
   49.8750000       3.35224104E-06
   50.1250000      -4.66210076E-06
   50.3750000       2.16439230E-06
   50.6250000       1.25355393E-06
   50.8750000      -2.29163879E-06
   51.1250000       1.28226475E-07
   51.3750000       2.76824267E-06
   51.6250000      -2.74464014E-06
   51.8750000      -9.81080575E-07
   52.1250000       5.33413549E-06
   52.3750000      -5.70840803E-06
   52.6250000       1.16300635E-06
   52.8750000       4.97281462E-06
   53.1250000      -7.04596823E-06
   53.3750000       3.26654413E-06
   53.6250000       2.63411562E-06
   53.8750000      -5.12189399E-06
   54.1250000       2.23714346E-06
   54.3750000       2.05455058E-06
   54.6250000      -2.51988649E-06
   54.8750000      -1.46353750E-06
   55.1250000       4.62557546E-06
   55.3750000      -2.00454406E-06
   55.6250000      -4.59221928E-06
   55.8750000       7.76138950E-06
   56.1250000      -3.00949614E-06
   56.3750000      -5.26979284E-06
   56.6250000       8.19581146E-06
   56.8750000      -2.67360747E-06
   57.1250000      -4.56873659E-06
   57.3750000       5.02842295E-06
   57.6250000       1.01905380E-06
   57.8750000      -4.29791316E-06
   58.1250000      -2.75615093E-07
   58.3750000       6.42307714E-06
   58.6250000      -4.37138806E-06
   58.8750000      -5.28863484E-06
   59.1250000       1.00837569E-05
   59.3750000      -2.62252797E-06
   59.6250000      -8.16928969E-06
   59.8750000       8.11368682E-06
   60.1250000       1.92122843E-06
   60.3750000      -6.97107180E-06
   60.6250000      -8.96261554E-08
   60.8750000       6.77427488E-06
   61.1250000      -4.30290584E-07
   61.3750000      -9.95788469E-06
   61.6250000       6.12671602E-06
   61.8750000       9.02783449E-06
   62.1250000      -1.24460512E-05
   62.3750000      -2.52335030E-06
   62.6250000       1.22549263E-05
   62.8750000      -1.51300083E-06
   63.1250000      -9.65516756E-06
   63.3750000       1.57797331E-08
   63.6250000       1.21416952E-05
   63.8750000      -3.28378519E-07
   64.1250000      -1.71747452E-05
   64.3750000       5.50994537E-06
   64.6250000       1.76509093E-05
   64.8750000      -8.88921841E-06
   65.1250000      -1.51692948E-05
   65.3750000       5.65700429E-06
   65.6250000       1.72586806E-05
   65.8750000       1.70054591E-07
   66.1250000      -2.45984411E-05
   66.3750000      -3.52200004E-06
   66.6250000       2.99644889E-05
   66.8750000       8.09126232E-06
   67.1250000      -2.73207479E-05
   67.3750000      -2.15000709E-05
   67.6250000       1.69798295E-05
   67.8750000       4.27570812E-05
   68.1250000       2.79781671E-06
   68.3750000      -5.69222830E-05
   68.6250000      -3.94604103E-05
   68.8750000       3.76077514E-05
   69.1250000       9.13384647E-05
   69.3750000       5.59096479E-05
   69.6250000      -6.83589606E-05
   69.8750000      -1.29430380E-04
   70.1250000       8.78896972E-05
   70.3750000       7.40821590E-04
   70.6250000       1.95259554E-03
   70.8750000       3.77628393E-03
   71.1250000       6.18952280E-03
   71.3750000       9.19010490E-03
   71.6250000       1.27622271E-02
   71.8750000       1.68594718E-02
   72.1250000       2.14725398E-02
   72.3750000       2.65794694E-02
   72.6250000       3.21252123E-02
   72.8750000       3.80930714E-02
   73.1250000       4.44528982E-02
   73.3750000       5.11414707E-02
   73.6250000       5.81341535E-02
   73.8750000       6.53963834E-02
   74.1250000       7.28580952E-02
   74.3750000       8.04884285E-02
   74.6250000       8.82521048E-02
   74.8750000       9.60752815E-02
   75.1250000      0.103920579    
   75.3750000      0.111756712    
   75.6250000      0.119509563    
   75.8750000      0.127136022    
   76.1250000      0.134611279    
   76.3750000      0.141866237    
   76.6250000      0.148851871    
   76.8750000      0.155552343    
   77.1250000      0.161909699    
   77.3750000      0.167869404    
   77.6250000      0.173422828    
   77.8750000      0.178531304    
   78.1250000      0.183137611    
   78.3750000      0.187235415    
   78.6250000      0.190811634    
   78.8750000      0.193813160    
   79.1250000      0.196228936    
   79.3750000      0.198071212    
   79.6250000      0.199304730    
   79.8750000      0.199907750    
   80.1250000      0.199908942    
   80.3750000      0.199306041    
   80.6250000      0.198070198    
   80.8750000      0.196227163    
   81.1250000      0.193813413    
   81.3750000      0.190814197    
   81.6250000      0.187234625    
   81.8750000      0.183132648    
   82.1250000      0.178533792    
   82.3750000      0.173429161    
   82.6250000      0.167862117    
   82.8750000      0.161902264    
   83.1250000      0.155564427    
   83.3750000      0.148856178    
   83.6250000      0.141848415    
   83.8750000      0.134611741    
   84.1250000      0.127155811    
   84.3750000      0.119502246    
   84.6250000      0.111736894    
   84.8750000      0.103930920    
   85.1250000       9.60915834E-02
   85.3750000       8.82420316E-02
   85.6250000       8.04725736E-02
   85.8750000       7.28611946E-02
   86.1250000       6.54144436E-02
   86.3750000       5.81394620E-02
   86.6250000       5.11158183E-02
   86.8750000       4.44372259E-02
   87.1250000       3.81232463E-02
   87.3750000       3.21507007E-02
   87.6250000       2.65539158E-02
   87.8750000       2.14337669E-02
   88.1250000       1.68602318E-02
   88.3750000       1.28114987E-02
   88.6250000       9.23580304E-03
   88.8750000       6.15316909E-03
   89.1250000       3.66815645E-03
   89.3750000       1.87770487E-03
   89.6250000       7.71242310E-04
   89.8750000       2.12358296E-04
   90.1250000       2.17715569E-06
   90.3750000      -3.87942418E-05
   90.6250000      -2.53698345E-05
   90.8750000      -8.62421075E-06
   91.1250000      -6.92214371E-07
   91.3750000       1.01091996E-06
   91.6250000       6.23497726E-07
   91.8750000       1.50933204E-07
   92.1250000      -2.06944790E-08
   92.3750000      -3.01824237E-08
   92.6250000      -9.75357395E-09
   92.8750000       1.14080190E-10
   93.1250000       1.29544686E-09
   93.3750000       4.53751869E-10
   93.6250000      -1.31585368E-12
   93.8750000      -5.44198020E-11
   94.1250000      -1.70213930E-11
   94.3750000       1.04314192E-12
   94.6250000       2.19399455E-12
   94.8750000       4.93822593E-13
   95.1250000      -1.03102829E-13
   95.3750000      -7.78471458E-14
   95.6250000      -8.36781646E-15
   95.8750000       5.89155376E-15
   96.1250000       2.14499574E-15
   96.3750000      -1.13592465E-16
   96.6250000      -2.28442112E-16
   96.8750000      -3.42287238E-17
   97.1250000       1.47034960E-17
   97.3750000       5.77184711E-18
   97.6250000      -3.23516903E-19
   97.8750000      -5.64055390E-19
   98.1250000      -6.09560573E-20
   98.3750000       3.92820447E-20
   98.6250000       1.08440365E-20
   98.8750000      -1.79049867E-21
   99.1250000      -1.13118282E-21
   99.3750000       4.17409655E-24
   99.6250000       9.01254020E-23
   99.8750000       4.03715582E-24
   100.125000       4.03715582E-24
