   0.00000000       0.00000000    
  0.250000000      -8.82292568E-08
  0.500000000       1.97254963E-07
  0.750000000      -2.05658125E-07
   1.00000000       3.43585498E-07
   1.25000000      -5.16052637E-07
   1.50000000       5.68716132E-07
   1.75000000      -7.14183443E-07
   2.00000000       8.14381792E-07
   2.25000000      -1.02571107E-06
   2.50000000       1.19192282E-06
   2.75000000      -1.29008708E-06
   3.00000000       1.49756170E-06
   3.25000000      -1.59581691E-06
   3.50000000       1.59327305E-06
   3.75000000      -1.71954707E-06
   4.00000000       1.71299394E-06
   4.25000000      -1.67843075E-06
   4.50000000       1.51911911E-06
   4.75000000      -1.43493241E-06
   5.00000000       1.25748875E-06
   5.25000000      -9.18286332E-07
   5.50000000       6.09785445E-07
   5.75000000      -1.35943068E-07
   6.00000000      -3.23493708E-07
   6.25000000       7.79376421E-07
   6.50000000      -1.15243654E-06
   6.75000000       1.67355824E-06
   7.00000000      -2.10147482E-06
   7.25000000       2.52788732E-06
   7.50000000      -2.81315215E-06
   7.75000000       3.04563878E-06
   8.00000000      -3.21309017E-06
   8.25000000       3.18145044E-06
   8.50000000      -3.06626362E-06
   8.75000000       2.86603881E-06
   9.00000000      -2.58029786E-06
   9.25000000       2.09855125E-06
   9.50000000      -1.60510444E-06
   9.75000000       1.19069068E-06
   10.0000000      -6.65219886E-07
   10.2500000       1.30158469E-07
   10.5000000       1.83204065E-07
   10.7500000      -4.79987420E-07
   11.0000000       5.81860490E-07
   11.2500000      -5.44732870E-07
   11.5000000       4.23976047E-07
   11.7500000      -8.16853003E-08
   12.0000000      -3.84341774E-07
   12.2500000       8.95759513E-07
   12.5000000      -1.43695513E-06
   12.7500000       1.92663833E-06
   13.0000000      -2.37199492E-06
   13.2500000       2.68923213E-06
   13.5000000      -2.89305717E-06
   13.7500000       2.91645938E-06
   14.0000000      -2.62386220E-06
   14.2500000       2.09905465E-06
   14.5000000      -1.48506115E-06
   14.7500000       7.70092129E-07
   15.0000000       1.60455329E-08
   15.2500000      -7.31906084E-07
   15.5000000       1.41656119E-06
   15.7500000      -1.87751311E-06
   16.0000000       2.22270637E-06
   16.2500000      -2.21984669E-06
   16.5000000       1.93195683E-06
   16.7500000      -1.49156153E-06
   17.0000000       8.62712113E-07
   17.2500000      -3.34902637E-07
   17.5000000      -2.79582281E-07
   17.7500000       6.86362057E-07
   18.0000000      -8.08479399E-07
   18.2500000       6.24134373E-07
   18.5000000      -2.34555500E-07
   18.7500000      -4.50652578E-07
   19.0000000       1.26785812E-06
   19.2500000      -2.18900755E-06
   19.5000000       2.97062957E-06
   19.7500000      -3.58536818E-06
   20.0000000       3.87622913E-06
   20.2500000      -3.68961855E-06
   20.5000000       3.23922268E-06
   20.7500000      -2.39319570E-06
   21.0000000       1.38194082E-06
   21.2500000      -2.92712002E-07
   21.5000000      -7.14645466E-07
   21.7500000       1.31377396E-06
   22.0000000      -1.67442647E-06
   22.2500000       1.66100074E-06
   22.5000000      -1.16988008E-06
   22.7500000       4.63865234E-07
   23.0000000       2.06764213E-07
   23.2500000      -6.86333976E-07
   23.5000000       8.79488425E-07
   23.7500000      -6.20063474E-07
   24.0000000      -2.64101345E-08
   24.2500000       9.84227199E-07
   24.5000000      -2.08156803E-06
   24.7500000       3.15592411E-06
   25.0000000      -3.77809897E-06
   25.2500000       3.92105676E-06
   25.5000000      -3.42741578E-06
   25.7500000       2.35204243E-06
   26.0000000      -8.32455044E-07
   26.2500000      -7.10281256E-07
   26.5000000       2.04839898E-06
   26.7500000      -2.88752403E-06
   27.0000000       3.14764725E-06
   27.2500000      -2.74089780E-06
   27.5000000       1.83275210E-06
   27.7500000      -7.15735951E-07
   28.0000000      -1.27829026E-07
   28.2500000       5.64753350E-07
   28.5000000      -3.28756784E-07
   28.7500000      -3.12423765E-07
   29.0000000       1.33610695E-06
   29.2500000      -2.20323454E-06
   29.5000000       2.55070336E-06
   29.7500000      -2.26157772E-06
   30.0000000       1.17111267E-06
   30.2500000       5.02626790E-07
   30.5000000      -2.27873056E-06
   30.7500000       3.79630137E-06
   31.0000000      -4.48779929E-06
   31.2500000       4.12523332E-06
   31.5000000      -2.84154703E-06
   31.7500000       1.04840410E-06
   32.0000000       7.40071300E-07
   32.2500000      -2.09082918E-06
   32.5000000       2.65978224E-06
   32.7500000      -2.22504241E-06
   33.0000000       1.04259971E-06
   33.2500000       7.31517957E-09
   33.5000000      -6.38833171E-07
   33.7500000       5.17696947E-07
   34.0000000       4.43427211E-07
   34.2500000      -1.76736421E-06
   34.5000000       2.85772148E-06
   34.7500000      -3.07965433E-06
   35.0000000       2.09158088E-06
   35.2500000      -1.23667633E-07
   35.5000000      -2.25832378E-06
   35.7500000       4.15956265E-06
   36.0000000      -4.87717625E-06
   36.2500000       4.07827110E-06
   36.5000000      -2.06496611E-06
   36.7500000      -4.24394557E-07
   37.0000000       2.47994058E-06
   37.2500000      -3.30326429E-06
   37.5000000       2.79656729E-06
   37.7500000      -1.25249585E-06
   38.0000000      -2.04763523E-07
   38.2500000       1.00692250E-06
   38.5000000      -5.04598745E-07
   38.7500000      -7.74880277E-07
   39.0000000       2.20705306E-06
   39.2500000      -2.54026872E-06
   39.5000000       1.45054787E-06
   39.7500000       1.01975047E-06
   40.0000000      -3.58073703E-06
   40.2500000       5.02159310E-06
   40.5000000      -4.48045967E-06
   40.7500000       1.97495001E-06
   41.0000000       1.28792544E-06
   41.2500000      -3.88916260E-06
   41.5000000       4.68683356E-06
   41.7500000      -3.34506262E-06
   42.0000000       7.90379772E-07
   42.2500000       1.40121767E-06
   42.5000000      -1.99440615E-06
   42.7500000       9.31416253E-07
   43.0000000       8.73814656E-07
   43.2500000      -1.69217913E-06
   43.5000000       8.00351927E-07
   43.7500000       1.64120183E-06
   44.0000000      -4.06632171E-06
   44.2500000       4.53839129E-06
   44.5000000      -2.27839701E-06
   44.7500000      -1.55037969E-06
   45.0000000       4.98680765E-06
   45.2500000      -5.97907001E-06
   45.5000000       3.69553322E-06
   45.7500000       2.95758127E-07
   46.0000000      -3.51418817E-06
   46.2500000       4.15516297E-06
   46.5000000      -2.09765608E-06
   46.7500000      -5.63695266E-07
   47.0000000       1.77919605E-06
   47.2500000      -4.55042141E-07
   47.5000000      -2.01656849E-06
   47.7500000       3.06613742E-06
   48.0000000      -1.08204904E-06
   48.2500000      -2.83177746E-06
   48.5000000       5.81073209E-06
   48.7500000      -5.20004824E-06
   49.0000000       8.80274911E-07
   49.2500000       4.37087647E-06
   49.5000000      -6.77064827E-06
   49.7500000       4.48433093E-06
   50.0000000       5.33350885E-07
   50.2500000      -4.06808476E-06
   50.5000000       3.55658722E-06
   50.7500000      -3.20106210E-07
   51.0000000      -2.29506077E-06
   51.2500000       1.16859712E-06
   51.5000000       2.43681029E-06
   51.7500000      -4.53595658E-06
   52.0000000       2.06150116E-06
   52.2500000       3.68764813E-06
   52.5000000      -7.52717824E-06
   52.7500000       5.43371925E-06
   53.0000000       1.32680816E-06
   53.2500000      -6.95502240E-06
   53.5000000       6.48900277E-06
   53.7500000      -7.01948011E-07
   54.0000000      -4.23956044E-06
   54.2500000       3.67825123E-06
   54.5000000       8.00936618E-07
   54.7500000      -3.25815495E-06
   55.0000000       1.38525138E-08
   55.2500000       5.12060024E-06
   55.5000000      -5.27133352E-06
   55.7500000      -1.39740951E-06
   56.0000000       8.37689004E-06
   56.2500000      -7.45492935E-06
   56.5000000      -1.08870336E-06
   56.7500000       8.21403228E-06
   57.0000000      -6.30853174E-06
   57.2500000      -1.70827752E-06
   57.5000000       5.51198718E-06
   57.7500000      -1.00074044E-06
   58.0000000      -4.69354018E-06
   58.2500000       2.28861200E-06
   58.5000000       6.03196804E-06
   58.7500000      -8.25727420E-06
   59.0000000      -9.74297109E-07
   59.2500000       1.07964524E-05
   59.5000000      -8.01386159E-06
   59.7500000      -4.28201884E-06
   60.0000000       9.94359743E-06
   60.2500000      -2.05639799E-06
   60.5000000      -6.60534533E-06
   60.7500000       2.45405363E-06
   61.0000000       7.23431504E-06
   61.2500000      -4.47445518E-06
   61.5000000      -8.96951224E-06
   61.7500000       1.15494504E-05
   62.0000000       3.89140041E-06
   62.2500000      -1.50225824E-05
   62.5000000       3.95236020E-06
   62.7500000       1.13647166E-05
   63.0000000      -5.84743566E-06
   63.2500000      -9.04678200E-06
   63.5000000       4.00153567E-06
   63.7500000       1.30339740E-05
   64.0000000      -7.10753920E-06
   64.2500000      -1.61899770E-05
   64.5000000       1.37840179E-05
   64.7500000       1.35017981E-05
   65.0000000      -1.53778001E-05
   65.2500000      -1.15089306E-05
   65.5000000       1.09508583E-05
   65.7500000       1.69085833E-05
   66.0000000      -7.82561074E-06
   66.2500000      -2.63515321E-05
   66.5000000       7.92870014E-06
   66.7500000       3.17874583E-05
   67.0000000      -3.01996442E-06
   67.2500000      -3.15969955E-05
   67.5000000      -1.46223520E-05
   67.7500000       2.81759167E-05
   68.0000000       4.17617266E-05
   68.2500000      -1.51679924E-05
   68.5000000      -6.43664389E-05
   68.7500000      -2.37039640E-05
   69.0000000       5.74859951E-05
   69.2500000       9.61902551E-05
   69.5000000       3.22866181E-05
   69.7500000      -1.02293867E-04
   70.0000000      -1.18514123E-04
   70.2500000       1.90435763E-04
   70.5000000       9.68973851E-04
   70.7500000       2.33249064E-03
   71.0000000       4.30690404E-03
   71.2500000       6.86576404E-03
   71.5000000       1.00140655E-02
   71.7500000       1.37222596E-02
   72.0000000       1.79480389E-02
   72.2500000       2.26902142E-02
   72.5000000       2.79128831E-02
   72.7500000       3.35645601E-02
   73.0000000       3.96371894E-02
   73.2500000       4.60861623E-02
   73.5000000       5.28519601E-02
   73.7500000       5.99193722E-02
   74.0000000       6.72394708E-02
   74.2500000       7.47449920E-02
   74.5000000       8.24159980E-02
   74.7500000       9.02035311E-02
   75.0000000       9.80342999E-02
   75.2500000      0.105883822    
   75.5000000      0.113708712    
   75.7500000      0.121432491    
   76.0000000      0.129026145    
   76.2500000      0.136456251    
   76.5000000      0.143646941    
   76.7500000      0.150564238    
   77.0000000      0.157188252    
   77.2500000      0.163450122    
   77.5000000      0.169308990    
   77.7500000      0.174759001    
   78.0000000      0.179746971    
   78.2500000      0.184224978    
   78.5000000      0.188196987    
   78.7500000      0.191635907    
   79.0000000      0.194489151    
   79.2500000      0.196761832    
   79.5000000      0.198458090    
   79.7500000      0.199533403    
   80.0000000      0.199981943    
   80.2500000      0.199835509    
   80.5000000      0.199076444    
   80.7500000      0.197682679    
   81.0000000      0.195694879    
   81.2500000      0.193138123    
   81.5000000      0.189989597    
   81.7500000      0.186271727    
   82.0000000      0.182045639    
   82.2500000      0.177320436    
   82.5000000      0.172091395    
   82.7500000      0.166419223    
   83.0000000      0.160365701    
   83.2500000      0.153931648    
   83.5000000      0.147137180    
   83.7500000      0.140066311    
   84.0000000      0.132775545    
   84.2500000      0.125264138    
   84.5000000      0.117570110    
   84.7500000      0.109789148    
   85.0000000      0.101975627    
   85.2500000       9.41273421E-02
   85.5000000       8.62845853E-02
   85.7500000       7.85483345E-02
   86.0000000       7.09797814E-02
   86.2500000       6.35720715E-02
   86.5000000       5.63468672E-02
   86.7500000       4.94001806E-02
   87.0000000       4.28143740E-02
   87.2500000       3.65878083E-02
   87.5000000       3.07005122E-02
   87.7500000       2.52092481E-02
   88.0000000       2.02212017E-02
   88.2500000       1.57853793E-02
   88.5000000       1.18597504E-02
   88.7500000       8.39983951E-03
   89.0000000       5.45130204E-03
   89.2500000       3.13127623E-03
   89.5000000       1.51965045E-03
   89.7500000       5.71928860E-04
   90.0000000       1.25724910E-04
   90.2500000      -2.22835934E-05
   90.5000000      -3.86741631E-05
   90.7500000      -2.04701100E-05
   91.0000000      -5.52582605E-06
   91.2500000       2.85363797E-07
   91.5000000       1.03262619E-06
   91.7500000       4.75620084E-07
   92.0000000       7.35949328E-08
   92.2500000      -3.49886093E-08
   92.5000000      -2.53313654E-08
   92.7500000      -5.66884806E-09
   93.0000000       1.10931786E-09
   93.2500000       1.13863363E-09
   93.5000000       2.67717876E-10
   93.7500000      -4.70766134E-11
   94.0000000      -4.70584613E-11
   94.2500000      -9.20532574E-12
   94.5000000       2.58495525E-12
   94.7500000       1.75773881E-12
   95.0000000       1.99781204E-13
   95.2500000      -1.34669362E-13
   95.5000000      -5.46105519E-14
   95.7500000       6.62788458E-16
   96.0000000       5.64098786E-15
   96.2500000       1.17910311E-15
   96.5000000      -2.98138498E-16
   96.7500000      -1.72902612E-16
   97.0000000      -5.55863386E-18
   97.2500000       1.49434942E-17
   97.5000000       3.16483480E-18
   97.7500000      -8.00188262E-19
   98.0000000      -4.09923079E-19
   98.2500000       5.75502833E-21
   98.5000000       3.60480658E-20
   98.7500000       4.64644596E-21
   99.0000000      -2.38019949E-21
   99.2500000      -6.92462103E-22
   99.5000000       1.08633316E-22
   99.7500000       7.38705571E-23
   100.000000       0.00000000    
