  -1.00000000       0.00000000    
   1.00000000       1.83668108E-05
   3.00000000       5.17801127E-05
   5.00000000       1.45941871E-04
   7.00000000       4.11036715E-04
   9.00000000       1.15528342E-03
   11.0000000       3.22835543E-03
   13.0000000       8.87898076E-03
   15.0000000       2.33085882E-02
   17.0000000       5.40824011E-02
   19.0000000       9.26598534E-02
   21.0000000       9.26598161E-02
   23.0000000       5.40836491E-02
   25.0000000       2.33018752E-02
   27.0000000       8.88043270E-03
   29.0000000       3.22756008E-03
   31.0000000       1.15499669E-03
   33.0000000       4.10934153E-04
   35.0000000       1.45905549E-04
   37.0000000       5.17671797E-05
   39.0000000       1.83622215E-05
   41.0000000       0.00000000    
   43.0000000       0.00000000    
   45.0000000       0.00000000    
   47.0000000       0.00000000    
   49.0000000       0.00000000    
   51.0000000       0.00000000    
   53.0000000       0.00000000    
   55.0000000       0.00000000    
   57.0000000       0.00000000    
   59.0000000       0.00000000    
   61.0000000       0.00000000    
   63.0000000       0.00000000    
   65.0000000       0.00000000    
   67.0000000       0.00000000    
   69.0000000       0.00000000    
   71.0000000       0.00000000    
   73.0000000       0.00000000    
   75.0000000       0.00000000    
   77.0000000       0.00000000    
   79.0000000       0.00000000    
   81.0000000       0.00000000    
   83.0000000       0.00000000    
   85.0000000       0.00000000    
   87.0000000       0.00000000    
   89.0000000       0.00000000    
   91.0000000       0.00000000    
   93.0000000       0.00000000    
   95.0000000       0.00000000    
   97.0000000       0.00000000    
   99.0000000       0.00000000    
   101.000000       0.00000000    
   103.000000       0.00000000    
   105.000000       0.00000000    
   107.000000       0.00000000    
   109.000000       0.00000000    
   111.000000       0.00000000    
   113.000000       0.00000000    
   115.000000       0.00000000    
   117.000000       0.00000000    
   119.000000       0.00000000    
   121.000000       0.00000000    
   123.000000       0.00000000    
   125.000000       0.00000000    
   127.000000       0.00000000    
   129.000000       0.00000000    
   131.000000       0.00000000    
   133.000000       0.00000000    
   135.000000       0.00000000    
   137.000000       0.00000000    
   139.000000       0.00000000    
   141.000000       0.00000000    
   143.000000       0.00000000    
   145.000000       0.00000000    
   147.000000       0.00000000    
   149.000000       0.00000000    
   151.000000       0.00000000    
