  -1.00000000       2.82852434E-05
   1.00000000       2.82852434E-05
   3.00000000      -6.99169541E-05
   5.00000000       8.40066496E-05
   7.00000000      -3.80268575E-05
   9.00000000      -4.01315956E-05
   11.0000000       8.42065419E-05
   13.0000000      -2.38801749E-05
   15.0000000      -4.59093244E-05
   17.0000000      -2.92908717E-05
   19.0000000       2.08467638E-04
   21.0000000      -1.76586385E-04
   23.0000000      -4.51812011E-05
   25.0000000      -3.07591181E-05
   27.0000000       3.04923480E-04
   29.0000000       4.74058970E-06
   31.0000000      -3.64351523E-04
   33.0000000       3.48399808E-05
   35.0000000      -2.94572761E-04
   37.0000000       7.42072123E-04
   39.0000000       1.47640181E-04
   41.0000000      -2.00600145E-04
   43.0000000       5.37785527E-04
   45.0000000      -8.78327701E-04
   47.0000000      -4.18592477E-04
   49.0000000       9.24430962E-04
   51.0000000      -8.22353410E-04
   53.0000000      -7.72081257E-04
   55.0000000       1.65970123E-03
   57.0000000       3.52174189E-04
   59.0000000      -2.20920169E-03
   61.0000000      -3.71750975E-05
   63.0000000       3.02890665E-03
   65.0000000       6.47366513E-04
   67.0000000      -3.77455121E-03
   69.0000000      -2.93451897E-03
   71.0000000       2.97544338E-03
   73.0000000       6.57388521E-03
   75.0000000       2.76506739E-03
   77.0000000      -5.41962683E-03
   79.0000000      -1.16083706E-02
   81.0000000      -1.20111527E-02
   83.0000000      -5.33319544E-03
   85.0000000       9.61935520E-03
   87.0000000       3.39746065E-02
   89.0000000       6.37718290E-02
   91.0000000       8.42540786E-02
   93.0000000       8.05726126E-02
   95.0000000       5.78688271E-02
   97.0000000       3.35380062E-02
   99.0000000       1.69345159E-02
   101.000000       7.87103828E-03
   103.000000       3.47224670E-03
   105.000000       1.47551438E-03
   107.000000       6.08013885E-04
   109.000000       2.43621238E-04
   111.000000       9.50070826E-05
   113.000000       3.60642443E-05
   115.000000       1.33215663E-05
   117.000000       4.78645052E-06
   119.000000       1.67217388E-06
   121.000000       5.67848190E-07
   123.000000       1.87414074E-07
   125.000000       6.01170314E-08
   127.000000       1.87452791E-08
   129.000000       5.68356029E-09
   131.000000       1.67636993E-09
   133.000000       4.81247375E-10
   135.000000       1.34547623E-10
   137.000000       3.66585859E-11
   139.000000       9.74015139E-12
   141.000000       2.52553707E-12
   143.000000       6.39535137E-13
   145.000000       1.58363977E-13
   147.000000       3.87790182E-14
   149.000000       1.11756985E-14
   151.000000       1.11756985E-14
