   0.00000000       1.14465638E-05
   2.00000000       2.32498678E-05
   4.00000000       6.49046269E-05
   6.00000000       1.82930831E-04
   8.00000000       5.15517429E-04
   10.0000000       1.45084923E-03
   12.0000000       4.06315969E-03
   14.0000000       1.11920247E-02
   16.0000000       2.90539656E-02
   18.0000000       6.35727495E-02
   20.0000000       9.51047093E-02
   22.0000000       8.20804834E-02
   24.0000000       4.46130298E-02
   26.0000000       1.88382026E-02
   28.0000000       7.13887392E-03
   30.0000000       2.59310286E-03
   32.0000000       9.27624351E-04
   34.0000000       3.30005103E-04
   36.0000000       1.17174153E-04
   38.0000000       4.16669354E-05
   40.0000000       4.62658500E-06
   42.0000000       3.32173869E-07
   44.0000000       2.38490099E-08
   46.0000000       1.71228187E-09
   48.0000000       1.22936300E-10
   50.0000000       8.82642917E-12
   52.0000000       6.33709068E-13
   54.0000000       4.54982630E-14
   56.0000000       3.26662830E-15
   58.0000000       2.34533338E-16
   60.0000000       1.68387354E-17
   62.0000000       1.20896675E-18
   64.0000000       8.67999068E-20
   66.0000000       6.23195248E-21
   68.0000000       4.47434029E-22
   70.0000000       3.21243188E-23
   72.0000000       2.30642221E-24
   74.0000000       1.65593663E-25
   76.0000000       1.18890891E-26
   78.0000000       8.53598151E-28
   80.0000000       6.12855885E-29
   82.0000000       4.40010707E-30
   84.0000000       3.15913472E-31
   86.0000000       2.26815646E-32
   88.0000000       1.62846302E-33
   90.0000000       1.16918387E-34
   92.0000000       8.39436200E-36
   94.0000000       6.02688066E-37
   96.0000000       4.32710512E-38
   98.0000000       3.10672073E-39
   100.000000       2.23053084E-40
   102.000000       1.60140389E-41
   104.000000       1.14906474E-42
   106.000000       8.26766094E-44
   108.000000       5.60519386E-45
   110.000000       0.00000000    
   112.000000       0.00000000    
   114.000000       0.00000000    
   116.000000       0.00000000    
   118.000000       0.00000000    
   120.000000       0.00000000    
   122.000000       0.00000000    
   124.000000       0.00000000    
   126.000000       0.00000000    
   128.000000       0.00000000    
   130.000000       0.00000000    
   132.000000       0.00000000    
   134.000000       0.00000000    
   136.000000       0.00000000    
   138.000000       0.00000000    
   140.000000       0.00000000    
   142.000000       0.00000000    
   144.000000       0.00000000    
   146.000000       0.00000000    
   148.000000       0.00000000    
   150.000000       0.00000000    
