   0.00000000       0.00000000    
   2.00000000       4.55131521E-06
   4.00000000      -1.69067316E-05
   6.00000000       2.93604935E-05
   8.00000000      -1.15766561E-05
   10.0000000      -5.56241212E-05
   12.0000000       1.22702026E-04
   14.0000000      -9.60660327E-05
   16.0000000      -8.10083930E-06
   18.0000000       9.16347926E-06
   20.0000000       1.64808036E-04
   22.0000000      -2.33108294E-04
   24.0000000       2.99614858E-05
   26.0000000      -2.52114696E-05
   28.0000000       3.77074175E-04
   30.0000000      -2.62344576E-04
   32.0000000      -1.41706230E-04
   34.0000000      -1.42948673E-04
   36.0000000      -3.55191878E-05
   38.0000000       7.65262928E-04
   40.0000000      -1.83491677E-04
   42.0000000       1.61572738E-04
   44.0000000       2.07821082E-04
   46.0000000      -1.04139326E-03
   48.0000000       1.82277989E-04
   50.0000000       5.48389216E-04
   52.0000000      -1.16809038E-03
   54.0000000       1.17957825E-05
   56.0000000       1.64811197E-03
   58.0000000      -6.02434506E-04
   60.0000000      -1.95063557E-03
   62.0000000       1.08023372E-03
   64.0000000       2.77101155E-03
   66.0000000      -7.44593679E-04
   68.0000000      -4.03354969E-03
   70.0000000      -1.45464670E-03
   72.0000000       4.35814681E-03
   74.0000000       6.01163786E-03
   76.0000000       6.42084749E-04
   78.0000000      -7.35137612E-03
   80.0000000      -1.21459411E-02
   82.0000000      -1.07691754E-02
   84.0000000      -2.10591732E-03
   86.0000000       1.50288148E-02
   88.0000000       4.07433175E-02
   90.0000000       6.85129389E-02
   92.0000000       8.29682127E-02
   94.0000000       7.41287991E-02
   96.0000000       5.09629026E-02
   98.0000000       2.88653336E-02
   100.000000       1.44158769E-02
   102.000000       6.66112825E-03
   104.000000       2.92675057E-03
   106.000000       1.23959221E-03
   108.000000       5.09261037E-04
   110.000000       2.03474148E-04
   112.000000       7.91364218E-05
   114.000000       2.99628737E-05
   116.000000       1.10412357E-05
   118.000000       3.95836696E-06
   120.000000       1.38014548E-06
   122.000000       4.67878692E-07
   124.000000       1.54202283E-07
   126.000000       4.94098273E-08
   128.000000       1.53950417E-08
   130.000000       4.66585437E-09
   132.000000       1.37610234E-09
   134.000000       3.95152883E-10
   136.000000       1.10542728E-10
   138.000000       3.01455319E-11
   140.000000       8.01927622E-12
   142.000000       2.08239676E-12
   144.000000       5.28141224E-13
   146.000000       1.30580808E-13
   148.000000       3.00158864E-14
   150.000000       0.00000000    
