 -0.250000000      -1.33295498E-06
  0.250000000      -1.33295498E-06
  0.750000000      -1.23718100E-05
   1.25000000       9.53457129E-06
   1.75000000      -2.31951017E-05
   2.25000000       1.93935375E-05
   2.75000000      -3.18236962E-05
   3.25000000       2.59841618E-05
   3.75000000      -3.59178121E-05
   4.25000000       2.61859586E-05
   4.75000000      -3.24816465E-05
   5.25000000       1.81839841E-05
   5.75000000      -2.11479892E-05
   6.25000000       3.92955371E-06
   6.75000000      -7.05516277E-06
   7.25000000      -8.76281774E-06
   7.75000000      -9.63657598E-08
   8.25000000      -8.95331050E-06
   8.75000000      -9.30604619E-06
   9.25000000       7.01765020E-06
   9.75000000      -3.05979629E-05
   10.2500000       2.62584217E-05
   10.7500000      -4.37087183E-05
   11.2500000       2.56989370E-05
   11.7500000      -3.00394586E-05
   12.2500000      -7.86490659E-07
   12.7500000      -1.70238150E-06
   13.2500000      -2.31634949E-05
   13.7500000       1.85156750E-06
   14.2500000      -9.38879202E-06
   14.7500000      -2.57723896E-05
   15.2500000       1.16270603E-05
   15.7500000      -2.70465571E-05
   16.2500000      -1.94972272E-05
   16.7500000       2.10805338E-05
   17.2500000      -6.32952433E-05
   17.7500000       2.58970758E-05
   18.2500000      -2.50277408E-05
   18.7500000      -3.93168739E-05
   19.2500000       1.61226417E-05
   19.7500000      -2.98043142E-05
   20.2500000      -3.85097665E-05
   20.7500000       3.85294425E-06
   21.2500000      -6.54029054E-06
   21.7500000      -8.25622847E-05
   22.2500000       3.14650861E-05
   22.7500000      -6.15281442E-06
   23.2500000      -1.09904933E-04
   23.7500000       2.82824549E-05
   24.2500000       1.62370616E-05
   24.7500000      -9.08957954E-05
   25.2500000      -7.81985509E-05
   25.7500000       7.52545093E-05
   26.2500000       1.17832045E-04
   26.7500000      -2.87941766E-05
   27.2500000       4.54440597E-04
   27.7500000       1.99478446E-03
   28.2500000       4.46810434E-03
   28.7500000       7.83588924E-03
   29.2500000       1.16595365E-02
   29.7500000       1.57922078E-02
   30.2500000       2.03439705E-02
   30.7500000       2.49741022E-02
   31.2500000       2.98074707E-02
   31.7500000       3.49174216E-02
   32.2500000       3.99609059E-02
   32.7500000       4.52298000E-02
   33.2500000       5.06363697E-02
   33.7500000       5.59554622E-02
   34.2500000       6.14792183E-02
   34.7500000       6.70305490E-02
   35.2500000       7.26470128E-02
   35.7500000       7.80856758E-02
   36.2500000       8.38945806E-02
   36.7500000       8.99032131E-02
   37.2500000       9.43762213E-02
   37.7500000      0.101470284    
   38.2500000      0.107575774    
   38.7500000      0.109140635    
   39.2500000      0.120921113    
   39.7500000      0.125190228    
   40.2500000      0.120233938    
   40.7500000      0.144811228    
   41.2500000      0.141946793    
   41.7500000      0.124019809    
   42.2500000      0.176509097    
   42.7500000      0.158280462    
   43.2500000      0.114994839    
   43.7500000      0.216060847    
   44.2500000      0.179894954    
   44.7500000       8.87729079E-02
   45.2500000      0.250061721    
   45.7500000      0.220273569    
   46.2500000       5.39762564E-02
   46.7500000      0.243045226    
   47.2500000      0.287126333    
   47.7500000       3.18516381E-02
   48.2500000      -7.69493217E-03
   48.7500000       4.88907215E-04
   49.2500000       1.20465869E-04
   49.7500000      -3.04208024E-05
   50.2500000       2.49406548E-06
   50.7500000       3.97434121E-07
   51.2500000      -1.73798341E-07
   51.7500000       7.90257726E-09
   52.2500000       5.29390753E-09
   52.7500000      -2.01151568E-10
   53.2500000      -1.75795475E-10
   53.7500000      -1.88908507E-11
   54.2500000       9.21272260E-12
   54.7500000       1.82472071E-12
   55.2500000      -5.49835893E-13
   55.7500000      -1.02207671E-13
   56.2500000       3.15090700E-14
   56.7500000       4.55586666E-15
   57.2500000      -1.73781261E-15
   57.7500000      -1.56690084E-16
   58.2500000       9.14707968E-17
   58.7500000       2.43864839E-18
   59.2500000      -4.41149317E-18
   59.7500000       1.93298125E-19
   60.2500000       1.83338482E-19
   60.7500000      -2.35579197E-20
   61.2500000      -5.87057391E-21
   61.7500000       1.55251966E-21
   62.2500000       9.26036244E-23
   62.7500000      -7.36606443E-23
   63.2500000       4.23764009E-24
   63.7500000       2.46944761E-24
   64.2500000      -4.57328108E-25
   64.7500000      -4.05096776E-26
   65.2500000       2.26484708E-26
   65.7500000      -1.39289860E-27
   66.2500000      -6.62580375E-28
   66.7500000       1.41839396E-28
   67.2500000       4.39538139E-30
   67.7500000      -5.74908896E-30
   68.2500000       6.81678954E-31
   68.7500000       1.01555741E-31
   69.2500000      -3.92044469E-32
   69.7500000       2.53874748E-33
   70.2500000       9.42907181E-34
   70.7500000      -2.36270990E-34
   71.2500000       6.60064615E-36
   71.7500000       6.76628582E-36
   72.2500000      -1.34282374E-36
   72.7500000       5.58578868E-39
   73.2500000       4.24569669E-38
   73.7500000      -7.50731499E-39
   74.2500000      -3.86856467E-41
   74.7500000       2.43388728E-40
   75.2500000      -4.21748799E-41
   75.7500000       4.76441478E-44
   76.2500000       1.29199718E-42
   76.7500000      -2.36819440E-43
   77.2500000       4.20389539E-45
   77.7500000       8.40779079E-45
   78.2500000       0.00000000    
   78.7500000       0.00000000    
   79.2500000       0.00000000    
   79.7500000       0.00000000    
   80.2500000       0.00000000    
   80.7500000       0.00000000    
   81.2500000       0.00000000    
   81.7500000       0.00000000    
   82.2500000       0.00000000    
   82.7500000       0.00000000    
   83.2500000       0.00000000    
   83.7500000       0.00000000    
   84.2500000       0.00000000    
   84.7500000       0.00000000    
   85.2500000       0.00000000    
   85.7500000       0.00000000    
   86.2500000       0.00000000    
   86.7500000       0.00000000    
   87.2500000       0.00000000    
   87.7500000       0.00000000    
   88.2500000       0.00000000    
   88.7500000       0.00000000    
   89.2500000       0.00000000    
   89.7500000       0.00000000    
   90.2500000       0.00000000    
   90.7500000       0.00000000    
   91.2500000       0.00000000    
   91.7500000       0.00000000    
   92.2500000       0.00000000    
   92.7500000       0.00000000    
   93.2500000       0.00000000    
   93.7500000       0.00000000    
   94.2500000       0.00000000    
   94.7500000       0.00000000    
   95.2500000       0.00000000    
   95.7500000       0.00000000    
   96.2500000       0.00000000    
   96.7500000       0.00000000    
   97.2500000       0.00000000    
   97.7500000       0.00000000    
   98.2500000       0.00000000    
   98.7500000       0.00000000    
   99.2500000       0.00000000    
   99.7500000       0.00000000    
   100.250000       0.00000000    
