   0.00000000       0.00000000    
  0.500000000       4.68516191E-07
   1.00000000      -5.36293555E-07
   1.50000000       2.86363138E-06
   2.00000000      -3.82565850E-06
   2.50000000       8.48780655E-06
   3.00000000      -1.03433158E-05
   3.50000000       1.69643627E-05
   4.00000000      -1.81193591E-05
   4.50000000       2.45434549E-05
   5.00000000      -2.22745821E-05
   5.50000000       2.55766445E-05
   6.00000000      -1.71796401E-05
   6.50000000       1.59025622E-05
   7.00000000      -1.60893433E-06
   7.50000000      -1.56311717E-06
   8.00000000       1.61757198E-05
   8.50000000      -1.34503143E-05
   9.00000000       2.06334244E-05
   9.50000000      -5.29091267E-06
   10.0000000       2.34326581E-06
   10.5000000       2.23345396E-05
   11.0000000      -2.52475857E-05
   11.5000000       4.45104124E-05
   12.0000000      -3.09732641E-05
   12.5000000       3.37528181E-05
   13.0000000      -3.36240009E-06
   13.5000000       3.65554297E-06
   14.0000000       1.91065956E-05
   14.5000000       4.74432454E-06
   15.0000000      -3.22374035E-06
   15.5000000       4.13683301E-05
   16.0000000      -2.65726758E-05
   16.5000000       3.51234121E-05
   17.0000000       2.06064688E-05
   17.5000000      -2.83980116E-05
   18.0000000       6.94033370E-05
   18.5000000      -2.32238563E-05
   19.0000000       1.66357058E-05
   19.5000000       4.40198310E-05
   20.0000000      -2.55380155E-06
   20.5000000       3.36880476E-06
   21.0000000       5.92925790E-05
   21.5000000       8.20924106E-06
   22.0000000      -3.02851477E-05
   22.5000000       1.08739288E-04
   23.0000000      -6.57672354E-06
   23.5000000      -4.05318278E-05
   24.0000000       1.10968816E-04
   24.5000000       4.12274312E-05
   25.0000000      -4.67204300E-05
   25.5000000       5.84455847E-06
   26.0000000       1.85541227E-04
   26.5000000       1.45627098E-04
   27.0000000       3.85577878E-05
   27.5000000       7.85596611E-04
   28.0000000       2.56501557E-03
   28.5000000       5.27305622E-03
   29.0000000       8.80641490E-03
   29.5000000       1.26620531E-02
   30.0000000       1.68742985E-02
   30.5000000       2.14375593E-02
   31.0000000       2.60085221E-02
   31.5000000       3.08668725E-02
   32.0000000       3.58891003E-02
   32.5000000       4.08316031E-02
   33.0000000       4.60667834E-02
   33.5000000       5.13016209E-02
   34.0000000       5.65000586E-02
   34.5000000       6.18900992E-02
   35.0000000       6.72582984E-02
   35.5000000       7.26868436E-02
   36.0000000       7.78465196E-02
   36.5000000       8.36813748E-02
   37.0000000       8.91128927E-02
   37.5000000       9.33096483E-02
   38.0000000      0.101061158    
   38.5000000      0.105175391    
   39.0000000      0.107378058    
   39.5000000      0.120911308    
   40.0000000      0.119442470    
   40.5000000      0.118691586    
   41.0000000      0.146199554    
   41.5000000      0.129615203    
   42.0000000      0.124651402    
   42.5000000      0.180940479    
   43.0000000      0.134576455    
   43.5000000      0.119524933    
   44.0000000      0.226904258    
   44.5000000      0.139940724    
   45.0000000       9.45571363E-02
   45.5000000      0.274326801    
   46.0000000      0.162901253    
   46.5000000       5.04258499E-02
   47.0000000      0.288365722    
   47.5000000      0.222091481    
   48.0000000      -8.77678394E-06
   48.5000000      -5.22958068E-03
   49.0000000       8.68173258E-04
   49.5000000      -5.56182204E-06
   50.0000000      -1.98338639E-05
   50.5000000       3.75085483E-06
   51.0000000      -1.36290993E-07
   51.5000000      -1.12118947E-07
   52.0000000       1.80706614E-08
   52.5000000       2.37434672E-09
   53.0000000      -4.23370033E-10
   53.5000000      -1.13361862E-10
   54.0000000      -4.56034516E-13
   54.5000000       8.33571927E-12
   55.0000000       3.96412991E-13
   55.5000000      -5.20840044E-13
   56.0000000      -1.65682863E-14
   56.5000000       2.84831532E-14
   57.0000000       7.39533878E-17
   57.5000000      -1.44197025E-15
   58.0000000       5.67844601E-17
   58.5000000       6.71053912E-17
   59.0000000      -6.53117782E-18
   59.5000000      -2.71294975E-18
   60.0000000       4.92863987E-19
   60.5000000       8.36954333E-20
   61.0000000      -2.88225624E-20
   61.5000000      -1.04517259E-21
   62.0000000       1.33099278E-21
   62.5000000      -8.99580626E-23
   63.0000000      -4.55799603E-23
   63.5000000       8.69044514E-24
   64.0000000       8.33714452E-25
   64.5000000      -4.43259168E-25
   65.0000000       2.19764214E-26
   65.5000000       1.42900551E-26
   66.0000000      -2.70246991E-27
   66.5000000      -1.74056135E-28
   67.0000000       1.24199996E-28
   67.5000000      -1.11123638E-29
   68.0000000      -2.90020486E-30
   68.5000000       8.24340616E-31
   69.0000000      -2.07744852E-32
   69.5000000      -2.57240746E-32
   70.0000000       4.71533396E-33
   70.5000000       1.38843033E-34
   71.0000000      -1.82544446E-34
   71.5000000       2.50273280E-35
   72.0000000       1.95713370E-36
   72.5000000      -1.15402458E-36
   73.0000000       1.31363144E-37
   73.5000000       1.49264589E-38
   74.0000000      -6.81351671E-39
   74.5000000       7.18529801E-40
   75.0000000       8.81809098E-41
   75.5000000      -3.83241117E-41
   76.0000000       4.18427721E-42
   76.5000000       4.21790838E-43
   77.0000000      -2.04589576E-43
   77.5000000       2.52233724E-44
   78.0000000       4.20389539E-45
   78.5000000       0.00000000    
   79.0000000       0.00000000    
   79.5000000       0.00000000    
   80.0000000       0.00000000    
   80.5000000       0.00000000    
   81.0000000       0.00000000    
   81.5000000       0.00000000    
   82.0000000       0.00000000    
   82.5000000       0.00000000    
   83.0000000       0.00000000    
   83.5000000       0.00000000    
   84.0000000       0.00000000    
   84.5000000       0.00000000    
   85.0000000       0.00000000    
   85.5000000       0.00000000    
   86.0000000       0.00000000    
   86.5000000       0.00000000    
   87.0000000       0.00000000    
   87.5000000       0.00000000    
   88.0000000       0.00000000    
   88.5000000       0.00000000    
   89.0000000       0.00000000    
   89.5000000       0.00000000    
   90.0000000       0.00000000    
   90.5000000       0.00000000    
   91.0000000       0.00000000    
   91.5000000       0.00000000    
   92.0000000       0.00000000    
   92.5000000       0.00000000    
   93.0000000       0.00000000    
   93.5000000       0.00000000    
   94.0000000       0.00000000    
   94.5000000       0.00000000    
   95.0000000       0.00000000    
   95.5000000       0.00000000    
   96.0000000       0.00000000    
   96.5000000       0.00000000    
   97.0000000       0.00000000    
   97.5000000       0.00000000    
   98.0000000       0.00000000    
   98.5000000       0.00000000    
   99.0000000       0.00000000    
   99.5000000       0.00000000    
   100.000000       0.00000000    
