 -0.250000000      -4.03848317E-05
  0.250000000      -4.03848317E-05
  0.750000000       1.43325466E-04
   1.25000000       1.47806306E-04
   1.75000000       5.92397584E-04
   2.25000000       2.31229560E-03
   2.75000000       5.96230803E-03
   3.25000000       1.10827833E-02
   3.75000000       1.72383823E-02
   4.25000000       2.43313480E-02
   4.75000000       3.20035033E-02
   5.25000000       4.03549001E-02
   5.75000000       4.90375534E-02
   6.25000000       5.81780523E-02
   6.75000000       6.74878731E-02
   7.25000000       7.70747885E-02
   7.75000000       8.67021009E-02
   8.25000000       9.64548588E-02
   8.75000000      0.106122822    
   9.25000000      0.115781993    
   9.75000000      0.125218540    
   10.2500000      0.134515673    
   10.7500000      0.143427983    
   11.2500000      0.152058706    
   11.7500000      0.160103887    
   12.2500000      0.167690471    
   12.7500000      0.174436703    
   13.2500000      0.180476829    
   13.7500000      0.185338512    
   14.2500000      0.189115331    
   14.7500000      0.191242203    
   15.2500000      0.191663712    
   15.7500000      0.189718410    
   16.2500000      0.185010344    
   16.7500000      0.176744834    
   17.2500000      0.163941115    
   17.7500000      0.145779073    
   18.2500000      0.121391393    
   18.7500000       9.27764401E-02
   19.2500000       6.38195872E-02
   19.7500000       3.94205675E-02
   20.2500000       2.16871593E-02
   20.7500000       9.83396638E-03
   21.2500000       3.17050237E-03
   21.7500000       5.30260149E-04
   22.2500000      -4.26590668E-05
   22.7500000      -3.72222312E-05
   23.2500000      -2.63846619E-06
   23.7500000       1.60432523E-06
   24.2500000       1.84744493E-07
   24.7500000      -6.87839190E-08
   25.2500000      -6.08673689E-09
   25.7500000       2.99322833E-09
   26.2500000       3.14130527E-11
   26.7500000      -1.11185512E-10
   27.2500000       9.83631145E-12
   27.7500000       2.66166061E-12
   28.2500000      -6.48543827E-13
   28.7500000       1.47318003E-15
   29.2500000       1.98521805E-14
   29.7500000      -3.01539282E-15
   30.2500000      -1.11554742E-16
   30.7500000       1.05012352E-16
   31.2500000      -1.46165875E-17
   31.7500000      -3.51346206E-19
   32.2500000       4.59241164E-19
   32.7500000      -7.50084601E-20
   33.2500000       2.05946808E-21
   33.7500000       1.53821939E-21
   34.2500000      -3.52095658E-22
   34.7500000       3.12855041E-23
   35.2500000       2.39317837E-24
   35.7500000      -1.24893415E-24
   36.2500000       2.00141752E-25
   36.7500000      -1.21147118E-26
   37.2500000      -2.14088876E-27
   37.7500000       7.36789634E-28
   38.2500000      -1.09133747E-28
   38.7500000       6.90436556E-30
   39.2500000       9.46868881E-31
   39.7500000      -3.61933512E-31
   40.2500000       5.92172970E-32
   40.7500000      -5.27502539E-33
   41.2500000      -1.01927896E-34
   41.7500000       1.36368640E-34
   42.2500000      -2.87077445E-35
   42.7500000       3.64729085E-36
   43.2500000      -2.30943000E-37
   43.7500000      -2.30073534E-38
   44.2500000       1.00838488E-38
   44.7500000      -1.86063850E-39
   45.2500000       2.26256453E-40
   45.7500000      -1.49868871E-41
   46.2500000      -1.05517774E-42
   46.7500000       5.46506401E-43
   47.2500000      -1.07899982E-43
   47.7500000       1.54142831E-44
   48.2500000       0.00000000    
   48.7500000       0.00000000    
   49.2500000       0.00000000    
   49.7500000       0.00000000    
   50.2500000       0.00000000    
   50.7500000       0.00000000    
   51.2500000       0.00000000    
   51.7500000       0.00000000    
   52.2500000       0.00000000    
   52.7500000       0.00000000    
   53.2500000       0.00000000    
   53.7500000       0.00000000    
   54.2500000       0.00000000    
   54.7500000       0.00000000    
   55.2500000       0.00000000    
   55.7500000       0.00000000    
   56.2500000       0.00000000    
   56.7500000       0.00000000    
   57.2500000       0.00000000    
   57.7500000       0.00000000    
   58.2500000       0.00000000    
   58.7500000       0.00000000    
   59.2500000       0.00000000    
   59.7500000       0.00000000    
   60.2500000       0.00000000    
   60.7500000       0.00000000    
   61.2500000       0.00000000    
   61.7500000       0.00000000    
   62.2500000       0.00000000    
   62.7500000       0.00000000    
   63.2500000       0.00000000    
   63.7500000       0.00000000    
   64.2500000       0.00000000    
   64.7500000       0.00000000    
   65.2500000       0.00000000    
   65.7500000       0.00000000    
   66.2500000       0.00000000    
   66.7500000       0.00000000    
   67.2500000       0.00000000    
   67.7500000       0.00000000    
   68.2500000       0.00000000    
   68.7500000       0.00000000    
   69.2500000       0.00000000    
   69.7500000       0.00000000    
   70.2500000       0.00000000    
   70.7500000       0.00000000    
   71.2500000       0.00000000    
   71.7500000       0.00000000    
   72.2500000       0.00000000    
   72.7500000       0.00000000    
   73.2500000       0.00000000    
   73.7500000       0.00000000    
   74.2500000       0.00000000    
   74.7500000       0.00000000    
   75.2500000       0.00000000    
   75.7500000       0.00000000    
   76.2500000       0.00000000    
   76.7500000       0.00000000    
   77.2500000       0.00000000    
   77.7500000       0.00000000    
   78.2500000       0.00000000    
   78.7500000       0.00000000    
   79.2500000       0.00000000    
   79.7500000       0.00000000    
   80.2500000       0.00000000    
   80.7500000       0.00000000    
   81.2500000       0.00000000    
   81.7500000       0.00000000    
   82.2500000       0.00000000    
   82.7500000       0.00000000    
   83.2500000       0.00000000    
   83.7500000       0.00000000    
   84.2500000       0.00000000    
   84.7500000       0.00000000    
   85.2500000       0.00000000    
   85.7500000       0.00000000    
   86.2500000       0.00000000    
   86.7500000       0.00000000    
   87.2500000       0.00000000    
   87.7500000       0.00000000    
   88.2500000       0.00000000    
   88.7500000       0.00000000    
   89.2500000       0.00000000    
   89.7500000       0.00000000    
   90.2500000       0.00000000    
   90.7500000       0.00000000    
   91.2500000       0.00000000    
   91.7500000       0.00000000    
   92.2500000       0.00000000    
   92.7500000       0.00000000    
   93.2500000       0.00000000    
   93.7500000       0.00000000    
   94.2500000       0.00000000    
   94.7500000       0.00000000    
   95.2500000       0.00000000    
   95.7500000       0.00000000    
   96.2500000       0.00000000    
   96.7500000       0.00000000    
   97.2500000       0.00000000    
   97.7500000       0.00000000    
   98.2500000       0.00000000    
   98.7500000       0.00000000    
   99.2500000       0.00000000    
   99.7500000       0.00000000    
   100.250000       0.00000000    
