 -0.250000000      -6.46665876E-06
  0.250000000      -6.46665876E-06
  0.750000000       7.90572358E-06
   1.25000000      -2.04002135E-05
   1.75000000       2.09502377E-05
   2.25000000      -3.19535138E-05
   2.75000000       2.97174847E-05
   3.25000000      -3.73260991E-05
   3.75000000       3.03554898E-05
   4.25000000      -3.24468929E-05
   4.75000000       1.96017299E-05
   5.25000000      -1.70860058E-05
   5.75000000       1.25874351E-06
   6.25000000       1.20893446E-07
   6.75000000      -1.13237447E-05
   7.25000000       3.69593477E-06
   7.75000000      -3.87049977E-06
   8.25000000      -1.50703972E-05
   8.75000000       2.12591076E-05
   9.25000000      -4.00963982E-05
   9.75000000       3.58840334E-05
   10.2500000      -3.83089828E-05
   10.7500000       1.49172929E-05
   11.2500000      -6.08640357E-06
   11.7500000      -1.58949388E-05
   12.2500000       5.62078731E-06
   12.7500000      -1.10750659E-06
   13.2500000      -3.11662843E-05
   13.7500000       3.33359676E-05
   14.2500000      -3.68832152E-05
   14.7500000      -6.25572375E-06
   15.2500000       3.03858360E-05
   15.7500000      -6.02909386E-05
   16.2500000       2.60442357E-05
   16.7500000       3.23851992E-07
   17.2500000      -3.86221946E-05
   17.7500000      -4.31244916E-06
   18.2500000       3.84802588E-05
   18.7500000      -6.65028492E-05
   19.2500000      -2.39820602E-05
   19.7500000       8.59523716E-05
   20.2500000      -8.18651315E-05
   20.7500000      -6.52724266E-05
   21.2500000       8.83103858E-05
   21.7500000       1.13710332E-04
   22.2500000       5.21334296E-05
   22.7500000       4.52452427E-04
   23.2500000       2.06010742E-03
   23.7500000       4.71507991E-03
   24.2500000       8.21803883E-03
   24.7500000       1.23809585E-02
   25.2500000       1.68186873E-02
   25.7500000       2.16711182E-02
   26.2500000       2.67604534E-02
   26.7500000       3.19523588E-02
   27.2500000       3.74831632E-02
   27.7500000       4.30224277E-02
   28.2500000       4.86911833E-02
   28.7500000       5.45989275E-02
   29.2500000       6.03782199E-02
   29.7500000       6.63796961E-02
   30.2500000       7.24574849E-02
   30.7500000       7.83940554E-02
   31.2500000       8.45642611E-02
   31.7500000       9.07567292E-02
   32.2500000       9.67017263E-02
   32.7500000      0.102871880    
   33.2500000      0.109455124    
   33.7500000      0.114605010    
   34.2500000      0.121289916    
   34.7500000      0.128614679    
   35.2500000      0.130547658    
   35.7500000      0.141071051    
   36.2500000      0.147535950    
   36.7500000      0.141910627    
   37.2500000      0.165836513    
   37.7500000      0.163319871    
   38.2500000      0.145398602    
   38.7500000      0.201202944    
   39.2500000      0.171514839    
   39.7500000      0.136148125    
   40.2500000      0.250138432    
   40.7500000      0.173885763    
   41.2500000      0.103694327    
   41.7500000      0.297544181    
   42.2500000      0.192884400    
   42.7500000       5.80674363E-03
   43.2500000      -4.07037186E-03
   43.7500000       3.63208877E-04
   44.2500000       1.58125022E-05
   44.7500000      -1.32281793E-05
   45.2500000       3.18783100E-06
   45.7500000       4.11086717E-07
   46.2500000      -1.50362453E-07
   46.7500000      -2.81667365E-08
   47.2500000       4.05350420E-09
   47.7500000       2.14801732E-09
   48.2500000      -5.48728563E-11
   48.7500000      -1.36611528E-10
   49.2500000      -1.32277262E-12
   49.7500000       7.69803318E-12
   50.2500000       8.39332943E-14
   50.7500000      -4.05075062E-13
   51.2500000       4.46254395E-15
   51.7500000       1.99835537E-14
   52.2500000      -1.05060186E-15
   52.7500000      -8.92692470E-16
   53.2500000       1.01742441E-16
   53.7500000       3.35671878E-17
   54.2500000      -7.03156212E-18
   54.7500000      -8.82570281E-19
   55.2500000       3.78131400E-19
   55.7500000       1.08038512E-21
   56.2500000      -1.56591187E-20
   56.7500000       1.61977150E-21
   57.2500000       4.42040089E-22
   57.7500000      -1.14822643E-22
   58.2500000      -3.12733572E-24
   58.7500000       4.75032473E-24
   59.2500000      -4.99348164E-25
   59.7500000      -1.08425480E-25
   60.2500000       3.30891312E-26
   60.7500000      -7.79797094E-28
   61.2500000      -1.06036272E-27
   61.7500000       1.84296786E-28
   62.2500000       8.81672222E-30
   62.7500000      -7.66255904E-30
   63.2500000       9.06364637E-31
   63.7500000       1.11214014E-31
   64.2500000      -4.80703222E-32
   64.7500000       4.30200443E-33
   65.2500000       8.36034266E-34
   65.7500000      -2.80171250E-34
   66.2500000       2.17256754E-35
   66.7500000       5.02426116E-36
   67.2500000      -1.56479524E-36
   67.7500000       1.24353513E-37
   68.2500000       2.54580002E-38
   68.7500000      -8.42181638E-39
   69.2500000       7.86012131E-40
   69.7500000       1.05187068E-40
   70.2500000      -4.30352771E-41
   70.7500000       5.06149005E-42
   71.2500000       2.87266185E-43
   71.7500000      -2.00385680E-43
   72.2500000       3.08285662E-44
   72.7500000       0.00000000    
   73.2500000       0.00000000    
   73.7500000       0.00000000    
   74.2500000       0.00000000    
   74.7500000       0.00000000    
   75.2500000       0.00000000    
   75.7500000       0.00000000    
   76.2500000       0.00000000    
   76.7500000       0.00000000    
   77.2500000       0.00000000    
   77.7500000       0.00000000    
   78.2500000       0.00000000    
   78.7500000       0.00000000    
   79.2500000       0.00000000    
   79.7500000       0.00000000    
   80.2500000       0.00000000    
   80.7500000       0.00000000    
   81.2500000       0.00000000    
   81.7500000       0.00000000    
   82.2500000       0.00000000    
   82.7500000       0.00000000    
   83.2500000       0.00000000    
   83.7500000       0.00000000    
   84.2500000       0.00000000    
   84.7500000       0.00000000    
   85.2500000       0.00000000    
   85.7500000       0.00000000    
   86.2500000       0.00000000    
   86.7500000       0.00000000    
   87.2500000       0.00000000    
   87.7500000       0.00000000    
   88.2500000       0.00000000    
   88.7500000       0.00000000    
   89.2500000       0.00000000    
   89.7500000       0.00000000    
   90.2500000       0.00000000    
   90.7500000       0.00000000    
   91.2500000       0.00000000    
   91.7500000       0.00000000    
   92.2500000       0.00000000    
   92.7500000       0.00000000    
   93.2500000       0.00000000    
   93.7500000       0.00000000    
   94.2500000       0.00000000    
   94.7500000       0.00000000    
   95.2500000       0.00000000    
   95.7500000       0.00000000    
   96.2500000       0.00000000    
   96.7500000       0.00000000    
   97.2500000       0.00000000    
   97.7500000       0.00000000    
   98.2500000       0.00000000    
   98.7500000       0.00000000    
   99.2500000       0.00000000    
   99.7500000       0.00000000    
   100.250000       0.00000000    
