   0.00000000       0.00000000    
  0.500000000      -7.37933988E-07
   1.00000000       2.45677438E-06
   1.50000000      -4.04506682E-06
   2.00000000       8.21012509E-06
   2.50000000      -1.13449241E-05
   3.00000000       1.74784873E-05
   3.50000000      -2.06523146E-05
   4.00000000       2.56583189E-05
   4.50000000      -2.45945866E-05
   5.00000000       2.43382383E-05
   5.50000000      -1.55555717E-05
   6.00000000       8.67130348E-06
   6.50000000       6.03000763E-06
   7.00000000      -1.37797788E-05
   7.50000000       2.49082113E-05
   8.00000000      -2.18896494E-05
   8.50000000       1.92367588E-05
   9.00000000      -9.73486749E-08
   9.50000000      -1.27618732E-05
   10.0000000       3.37845631E-05
   10.5000000      -3.48546091E-05
   11.0000000       3.56058481E-05
   11.5000000      -1.22595848E-05
   12.0000000      -1.24927283E-07
   12.5000000       1.87828027E-05
   13.0000000      -3.95848110E-06
   13.5000000      -1.11284116E-05
   14.0000000       4.88899350E-05
   14.5000000      -5.11015933E-05
   15.0000000       4.38783754E-05
   15.5000000       1.03483326E-05
   16.0000000      -3.72573340E-05
   16.5000000       5.41222835E-05
   17.0000000      -3.33043863E-06
   17.5000000      -2.22864110E-05
   18.0000000       3.10700743E-05
   18.5000000       4.74347071E-05
   19.0000000      -7.63885910E-05
   19.5000000       4.85805285E-05
   20.0000000       8.61535009E-05
   20.5000000      -9.58435339E-05
   21.0000000       7.78192771E-07
   21.5000000       1.38383155E-04
   22.0000000       1.28436310E-04
   22.5000000       7.61552074E-05
   23.0000000       7.22378143E-04
   23.5000000       2.64161569E-03
   24.0000000       5.50145609E-03
   24.5000000       9.20207798E-03
   25.0000000       1.34281069E-02
   25.5000000       1.78998224E-02
   26.0000000       2.28058100E-02
   26.5000000       2.78246794E-02
   27.0000000       3.30056064E-02
   27.5000000       3.84811461E-02
   28.0000000       4.38749641E-02
   28.5000000       4.94955331E-02
   29.0000000       5.52296713E-02
   29.5000000       6.08314760E-02
   30.0000000       6.67182058E-02
   30.5000000       7.25270435E-02
   31.0000000       7.82611221E-02
   31.5000000       8.42304602E-02
   32.0000000       9.01175886E-02
   32.5000000       9.57290754E-02
   33.0000000      0.101781234    
   33.5000000      0.107907332    
   34.0000000      0.112450361    
   34.5000000      0.119734176    
   35.0000000      0.125483900    
   35.5000000      0.127109036    
   36.0000000      0.139898106    
   36.5000000      0.140861571    
   37.0000000      0.138358429    
   37.5000000      0.166028127    
   38.0000000      0.149180278    
   38.5000000      0.145429313    
   39.0000000      0.202884555    
   39.5000000      0.144372791    
   40.0000000      0.145164877    
   40.5000000      0.253276438    
   41.0000000      0.128323019    
   41.5000000      0.121895090    
   42.0000000      0.308874130    
   42.5000000      0.128379330    
   43.0000000      -9.01824422E-03
   43.5000000      -1.95498927E-03
   44.0000000       4.33216832E-04
   44.5000000      -3.41479536E-05
   45.0000000      -4.91194533E-06
   45.5000000       3.05321646E-06
   46.0000000      -2.19755236E-08
   46.5000000      -1.27485805E-07
   47.0000000      -9.41898293E-09
   47.5000000       5.08272358E-09
   48.0000000       1.22897370E-09
   48.5000000      -2.22776367E-10
   49.0000000      -8.84482002E-11
   49.5000000       1.08590133E-11
   50.0000000       5.10663473E-12
   50.5000000      -6.04164342E-13
   51.0000000      -2.59669781E-13
   51.5000000       3.73847749E-14
   52.0000000       1.16118485E-14
   52.5000000      -2.33714644E-15
   53.0000000      -4.25552741E-16
   53.5000000       1.34978803E-16
   54.0000000       9.87492517E-18
   54.5000000      -6.77141382E-18
   55.0000000       1.40355257E-19
   55.5000000       2.77017100E-19
   56.0000000      -3.27436117E-20
   56.5000000      -8.07071965E-21
   57.0000000       2.20069342E-21
   57.5000000       7.28848659E-23
   58.0000000      -9.50307474E-23
   58.5000000       8.84069632E-24
   59.0000000       2.49717647E-24
   59.5000000      -6.59682960E-25
   60.0000000      -3.29548492E-27
   60.5000000       2.45583000E-26
   61.0000000      -3.38200694E-27
   61.5000000      -3.80549794E-28
   62.0000000       1.75720259E-28
   62.5000000      -1.35588688E-29
   63.0000000      -3.92678985E-30
   63.5000000       1.08182955E-30
   64.0000000      -4.23600527E-32
   64.5000000      -2.90011971E-32
   65.0000000       6.21253026E-33
   65.5000000      -1.04132407E-34
   66.0000000      -1.82315145E-34
   66.5000000       3.49045800E-35
   67.0000000      -3.61105601E-37
   67.5000000      -1.02870177E-36
   68.0000000       1.95843433E-37
   68.5000000      -3.89470449E-39
   69.0000000      -5.25715616E-39
   69.5000000       1.09078334E-39
   70.0000000      -4.61559688E-41
   70.5000000      -2.37436012E-41
   71.0000000       5.87564446E-42
   71.5000000      -4.30198629E-43
   72.0000000      -8.40779079E-44
   72.5000000       2.80259693E-44
   73.0000000      -4.20389539E-45
   73.5000000       0.00000000    
   74.0000000       0.00000000    
   74.5000000       0.00000000    
   75.0000000       0.00000000    
   75.5000000       0.00000000    
   76.0000000       0.00000000    
   76.5000000       0.00000000    
   77.0000000       0.00000000    
   77.5000000       0.00000000    
   78.0000000       0.00000000    
   78.5000000       0.00000000    
   79.0000000       0.00000000    
   79.5000000       0.00000000    
   80.0000000       0.00000000    
   80.5000000       0.00000000    
   81.0000000       0.00000000    
   81.5000000       0.00000000    
   82.0000000       0.00000000    
   82.5000000       0.00000000    
   83.0000000       0.00000000    
   83.5000000       0.00000000    
   84.0000000       0.00000000    
   84.5000000       0.00000000    
   85.0000000       0.00000000    
   85.5000000       0.00000000    
   86.0000000       0.00000000    
   86.5000000       0.00000000    
   87.0000000       0.00000000    
   87.5000000       0.00000000    
   88.0000000       0.00000000    
   88.5000000       0.00000000    
   89.0000000       0.00000000    
   89.5000000       0.00000000    
   90.0000000       0.00000000    
   90.5000000       0.00000000    
   91.0000000       0.00000000    
   91.5000000       0.00000000    
   92.0000000       0.00000000    
   92.5000000       0.00000000    
   93.0000000       0.00000000    
   93.5000000       0.00000000    
   94.0000000       0.00000000    
   94.5000000       0.00000000    
   95.0000000       0.00000000    
   95.5000000       0.00000000    
   96.0000000       0.00000000    
   96.5000000       0.00000000    
   97.0000000       0.00000000    
   97.5000000       0.00000000    
   98.0000000       0.00000000    
   98.5000000       0.00000000    
   99.0000000       0.00000000    
   99.5000000       0.00000000    
   100.000000       0.00000000    
