 -0.250000000      -7.84116310E-06
  0.250000000      -7.84116310E-06
  0.750000000       3.33001262E-05
   1.25000000      -5.84834233E-05
   1.75000000       1.08753586E-04
   2.25000000       2.12508196E-04
   2.75000000       5.12616418E-04
   3.25000000       2.35030008E-03
   3.75000000       5.85920922E-03
   4.25000000       1.08990809E-02
   4.75000000       1.69183556E-02
   5.25000000       2.37803198E-02
   5.75000000       3.12916674E-02
   6.25000000       3.93248275E-02
   6.75000000       4.78127934E-02
   7.25000000       5.65995835E-02
   7.75000000       6.56917319E-02
   8.25000000       7.49234036E-02
   8.75000000       8.43312144E-02
   9.25000000       9.37539563E-02
   9.75000000      0.103226185    
   10.2500000      0.112607360    
   10.7500000      0.121900037    
   11.2500000      0.131002858    
   11.7500000      0.139854059    
   12.2500000      0.148412943    
   12.7500000      0.156518027    
   13.2500000      0.164203793    
   13.7500000      0.171181023    
   14.2500000      0.177554190    
   14.7500000      0.182888329    
   15.2500000      0.187313274    
   15.7500000      0.190253839    
   16.2500000      0.191745847    
   16.7500000      0.191088527    
   17.2500000      0.187994391    
   17.7500000      0.181597814    
   18.2500000      0.170895487    
   18.7500000      0.154712453    
   19.2500000      0.131252736    
   19.7500000      0.101373427    
   20.2500000       6.94082230E-02
   20.7500000       4.21679690E-02
   21.2500000       2.27189586E-02
   21.7500000       1.01137776E-02
   22.2500000       3.22490442E-03
   22.7500000       5.38317079E-04
   23.2500000      -4.46884223E-05
   23.7500000      -3.98951233E-05
   24.2500000      -3.32805166E-06
   24.7500000       1.72457203E-06
   25.2500000       2.51818193E-07
   25.7500000      -7.39538564E-08
   26.2500000      -1.01613793E-08
   26.7500000       3.40298967E-09
   27.2500000       2.14660664E-10
   27.7500000      -1.44782325E-10
   28.2500000       4.90330259E-12
   28.7500000       4.61645999E-12
   29.2500000      -6.91129229E-13
   29.7500000      -6.76619879E-14
   30.2500000       3.13280489E-14
   30.7500000      -2.30704289E-15
   31.2500000      -6.17620903E-16
   31.7500000       1.65497757E-16
   32.2500000      -8.69446068E-18
   32.7500000      -3.30151398E-18
   33.2500000       8.15827610E-19
   33.7500000      -5.33919398E-20
   34.2500000      -1.24953330E-20
   34.7500000       3.75096035E-21
   35.2500000      -3.81445625E-22
   35.7500000      -2.37960933E-23
   36.2500000       1.44240345E-23
   36.7500000      -2.26875903E-24
   37.2500000       9.82092569E-26
   37.7500000       3.57497372E-26
   38.2500000      -9.77014708E-27
   38.7500000       1.18081538E-27
   39.2500000      -1.68712005E-29
   39.7500000      -2.41578902E-29
   40.2500000       5.57613368E-30
   40.7500000      -6.49819249E-31
   41.2500000       1.44340920E-32
   41.7500000       1.15147547E-32
   42.2500000      -2.86625545E-33
   42.7500000       3.81285001E-34
   43.2500000      -2.21167483E-35
   43.7500000      -3.35556464E-36
   44.2500000       1.23689373E-36
   44.7500000      -2.08533054E-37
   45.2500000       2.11396972E-38
   45.7500000      -4.21293377E-40
   46.2500000      -3.47908778E-40
   46.7500000       8.90749382E-41
   47.2500000      -1.34034198E-41
   47.7500000       1.27798420E-42
   48.2500000      -2.24207754E-44
   48.7500000      -2.10194770E-44
   49.2500000       5.60519386E-45
   49.7500000       0.00000000    
   50.2500000       0.00000000    
   50.7500000       0.00000000    
   51.2500000       0.00000000    
   51.7500000       0.00000000    
   52.2500000       0.00000000    
   52.7500000       0.00000000    
   53.2500000       0.00000000    
   53.7500000       0.00000000    
   54.2500000       0.00000000    
   54.7500000       0.00000000    
   55.2500000       0.00000000    
   55.7500000       0.00000000    
   56.2500000       0.00000000    
   56.7500000       0.00000000    
   57.2500000       0.00000000    
   57.7500000       0.00000000    
   58.2500000       0.00000000    
   58.7500000       0.00000000    
   59.2500000       0.00000000    
   59.7500000       0.00000000    
   60.2500000       0.00000000    
   60.7500000       0.00000000    
   61.2500000       0.00000000    
   61.7500000       0.00000000    
   62.2500000       0.00000000    
   62.7500000       0.00000000    
   63.2500000       0.00000000    
   63.7500000       0.00000000    
   64.2500000       0.00000000    
   64.7500000       0.00000000    
   65.2500000       0.00000000    
   65.7500000       0.00000000    
   66.2500000       0.00000000    
   66.7500000       0.00000000    
   67.2500000       0.00000000    
   67.7500000       0.00000000    
   68.2500000       0.00000000    
   68.7500000       0.00000000    
   69.2500000       0.00000000    
   69.7500000       0.00000000    
   70.2500000       0.00000000    
   70.7500000       0.00000000    
   71.2500000       0.00000000    
   71.7500000       0.00000000    
   72.2500000       0.00000000    
   72.7500000       0.00000000    
   73.2500000       0.00000000    
   73.7500000       0.00000000    
   74.2500000       0.00000000    
   74.7500000       0.00000000    
   75.2500000       0.00000000    
   75.7500000       0.00000000    
   76.2500000       0.00000000    
   76.7500000       0.00000000    
   77.2500000       0.00000000    
   77.7500000       0.00000000    
   78.2500000       0.00000000    
   78.7500000       0.00000000    
   79.2500000       0.00000000    
   79.7500000       0.00000000    
   80.2500000       0.00000000    
   80.7500000       0.00000000    
   81.2500000       0.00000000    
   81.7500000       0.00000000    
   82.2500000       0.00000000    
   82.7500000       0.00000000    
   83.2500000       0.00000000    
   83.7500000       0.00000000    
   84.2500000       0.00000000    
   84.7500000       0.00000000    
   85.2500000       0.00000000    
   85.7500000       0.00000000    
   86.2500000       0.00000000    
   86.7500000       0.00000000    
   87.2500000       0.00000000    
   87.7500000       0.00000000    
   88.2500000       0.00000000    
   88.7500000       0.00000000    
   89.2500000       0.00000000    
   89.7500000       0.00000000    
   90.2500000       0.00000000    
   90.7500000       0.00000000    
   91.2500000       0.00000000    
   91.7500000       0.00000000    
   92.2500000       0.00000000    
   92.7500000       0.00000000    
   93.2500000       0.00000000    
   93.7500000       0.00000000    
   94.2500000       0.00000000    
   94.7500000       0.00000000    
   95.2500000       0.00000000    
   95.7500000       0.00000000    
   96.2500000       0.00000000    
   96.7500000       0.00000000    
   97.2500000       0.00000000    
   97.7500000       0.00000000    
   98.2500000       0.00000000    
   98.7500000       0.00000000    
   99.2500000       0.00000000    
   99.7500000       0.00000000    
   100.250000       0.00000000    
