   0.00000000       0.00000000    
  0.500000000       5.82873035E-05
   1.00000000      -6.22833322E-05
   1.50000000       1.72471773E-05
   2.00000000       1.24799728E-04
   2.50000000       2.12987710E-04
   3.00000000       7.55386776E-04
   3.50000000       2.99376133E-03
   4.00000000       6.95913192E-03
   4.50000000       1.21965483E-02
   5.00000000       1.84373688E-02
   5.50000000       2.53219269E-02
   6.00000000       3.28972451E-02
   6.50000000       4.08242121E-02
   7.00000000       4.92290221E-02
   7.50000000       5.77860586E-02
   8.00000000       6.66617900E-02
   8.50000000       7.55434409E-02
   9.00000000       8.46167654E-02
   9.50000000       9.35753286E-02
   10.0000000      0.102612227    
   10.5000000      0.111426443    
   11.0000000      0.120202594    
   11.5000000      0.128654584    
   12.0000000      0.136931583    
   12.5000000      0.144784555    
   13.0000000      0.152283743    
   13.5000000      0.159249529    
   14.0000000      0.165619701    
   14.5000000      0.171313509    
   15.0000000      0.176075771    
   15.5000000      0.179930717    
   16.0000000      0.182380363    
   16.5000000      0.183486670    
   17.0000000      0.182474047    
   17.5000000      0.179235101    
   18.0000000      0.172653019    
   18.5000000      0.161992386    
   19.0000000      0.145664707    
   19.5000000      0.122041479    
   20.0000000       9.22690332E-02
   20.5000000       6.14167191E-02
   21.0000000       3.62825543E-02
   21.5000000       1.87748373E-02
   22.0000000       7.73229171E-03
   22.5000000       2.12605996E-03
   23.0000000       2.22826638E-04
   23.5000000      -7.34825371E-05
   24.0000000      -2.66719326E-05
   24.5000000       5.93596951E-07
   25.0000000       1.42778799E-06
   25.5000000       3.11403525E-08
   26.0000000      -6.55571171E-08
   26.5000000      -1.79868564E-10
   27.0000000       2.74602785E-09
   27.5000000      -1.60239794E-10
   28.0000000      -9.29689450E-11
   28.5000000       1.45556189E-11
   29.0000000       1.78430252E-12
   29.5000000      -7.12961428E-13
   30.0000000       3.07982603E-14
   30.5000000       1.90991852E-14
   31.0000000      -3.73905669E-15
   31.5000000      -2.59752182E-17
   32.0000000       1.17619842E-16
   32.5000000      -1.85568971E-17
   33.0000000      -2.72039851E-19
   33.5000000       5.77173234E-19
   34.0000000      -9.58967674E-20
   34.5000000       1.71132844E-21
   35.0000000       2.27597716E-21
   35.5000000      -4.80346266E-22
   36.0000000       3.35935091E-23
   36.5000000       5.79767721E-24
   37.0000000      -2.01823515E-24
   37.5000000       2.63501433E-25
   38.0000000      -3.93415719E-27
   38.5000000      -5.65544629E-27
   39.0000000       1.28233866E-27
   39.5000000      -1.35944148E-28
   40.0000000      -1.38814786E-30
   40.5000000       3.49382237E-30
   41.0000000      -7.26724744E-31
   41.5000000       7.85340605E-32
   42.0000000      -7.16217688E-34
   42.5000000      -1.61736966E-33
   43.0000000       3.76800949E-34
   43.5000000      -4.85627596E-35
   44.0000000       2.64279689E-36
   44.5000000       4.63275640E-37
   45.0000000      -1.62829940E-37
   45.5000000       2.72560427E-38
   46.0000000      -2.77685928E-39
   46.5000000       6.14343260E-41
   47.0000000       4.43454912E-41
   47.5000000      -1.15845344E-41
   48.0000000       1.77544515E-42
   48.5000000      -1.75162308E-43
   49.0000000       5.60519386E-45
   49.5000000       2.80259693E-45
   50.0000000       0.00000000    
   50.5000000       0.00000000    
   51.0000000       0.00000000    
   51.5000000       0.00000000    
   52.0000000       0.00000000    
   52.5000000       0.00000000    
   53.0000000       0.00000000    
   53.5000000       0.00000000    
   54.0000000       0.00000000    
   54.5000000       0.00000000    
   55.0000000       0.00000000    
   55.5000000       0.00000000    
   56.0000000       0.00000000    
   56.5000000       0.00000000    
   57.0000000       0.00000000    
   57.5000000       0.00000000    
   58.0000000       0.00000000    
   58.5000000       0.00000000    
   59.0000000       0.00000000    
   59.5000000       0.00000000    
   60.0000000       0.00000000    
   60.5000000       0.00000000    
   61.0000000       0.00000000    
   61.5000000       0.00000000    
   62.0000000       0.00000000    
   62.5000000       0.00000000    
   63.0000000       0.00000000    
   63.5000000       0.00000000    
   64.0000000       0.00000000    
   64.5000000       0.00000000    
   65.0000000       0.00000000    
   65.5000000       0.00000000    
   66.0000000       0.00000000    
   66.5000000       0.00000000    
   67.0000000       0.00000000    
   67.5000000       0.00000000    
   68.0000000       0.00000000    
   68.5000000       0.00000000    
   69.0000000       0.00000000    
   69.5000000       0.00000000    
   70.0000000       0.00000000    
   70.5000000       0.00000000    
   71.0000000       0.00000000    
   71.5000000       0.00000000    
   72.0000000       0.00000000    
   72.5000000       0.00000000    
   73.0000000       0.00000000    
   73.5000000       0.00000000    
   74.0000000       0.00000000    
   74.5000000       0.00000000    
   75.0000000       0.00000000    
   75.5000000       0.00000000    
   76.0000000       0.00000000    
   76.5000000       0.00000000    
   77.0000000       0.00000000    
   77.5000000       0.00000000    
   78.0000000       0.00000000    
   78.5000000       0.00000000    
   79.0000000       0.00000000    
   79.5000000       0.00000000    
   80.0000000       0.00000000    
   80.5000000       0.00000000    
   81.0000000       0.00000000    
   81.5000000       0.00000000    
   82.0000000       0.00000000    
   82.5000000       0.00000000    
   83.0000000       0.00000000    
   83.5000000       0.00000000    
   84.0000000       0.00000000    
   84.5000000       0.00000000    
   85.0000000       0.00000000    
   85.5000000       0.00000000    
   86.0000000       0.00000000    
   86.5000000       0.00000000    
   87.0000000       0.00000000    
   87.5000000       0.00000000    
   88.0000000       0.00000000    
   88.5000000       0.00000000    
   89.0000000       0.00000000    
   89.5000000       0.00000000    
   90.0000000       0.00000000    
   90.5000000       0.00000000    
   91.0000000       0.00000000    
   91.5000000       0.00000000    
   92.0000000       0.00000000    
   92.5000000       0.00000000    
   93.0000000       0.00000000    
   93.5000000       0.00000000    
   94.0000000       0.00000000    
   94.5000000       0.00000000    
   95.0000000       0.00000000    
   95.5000000       0.00000000    
   96.0000000       0.00000000    
   96.5000000       0.00000000    
   97.0000000       0.00000000    
   97.5000000       0.00000000    
   98.0000000       0.00000000    
   98.5000000       0.00000000    
   99.0000000       0.00000000    
   99.5000000       0.00000000    
   100.000000       0.00000000    
