 -0.250000000       7.60813055E-06
  0.250000000       7.60813055E-06
  0.750000000       2.68612462E-06
   1.25000000      -4.12485542E-06
   1.75000000      -9.44060412E-06
   2.25000000      -9.82914753E-06
   2.75000000      -4.28827298E-06
   3.25000000       4.71546537E-06
   3.75000000       1.21149042E-05
   4.25000000       1.30496983E-05
   4.75000000       6.27836789E-06
   5.25000000      -5.43579517E-06
   5.75000000      -1.62972156E-05
   6.25000000      -1.98552043E-05
   6.75000000      -1.25852066E-05
   7.25000000       2.41945213E-06
   7.75000000       1.77584407E-05
   8.25000000       2.52231002E-05
   8.75000000       1.89969142E-05
   9.25000000       2.42014221E-06
   9.75000000      -1.68052229E-05
   10.2500000      -2.82089550E-05
   10.7500000      -2.60054021E-05
   11.2500000      -1.12548050E-05
   11.7500000       8.14378473E-06
   12.2500000       2.20776001E-05
   12.7500000       2.49151217E-05
   13.2500000       1.72796736E-05
   13.7500000       4.15040131E-06
   14.2500000      -7.27761062E-06
   14.7500000      -1.39036993E-05
   15.2500000      -1.72542841E-05
   15.7500000      -1.87393671E-05
   16.2500000      -1.64134690E-05
   16.7500000      -8.83424673E-06
   17.2500000       4.96932671E-06
   17.7500000       2.12393497E-05
   18.2500000       3.22766318E-05
   18.7500000       2.99502899E-05
   19.2500000       1.38853857E-05
   19.7500000      -8.37334392E-06
   20.2500000      -2.56205349E-05
   20.7500000      -3.19968822E-05
   21.2500000      -2.85753486E-05
   21.7500000      -1.95857392E-05
   22.2500000      -8.57264513E-06
   22.7500000       3.70672819E-06
   23.2500000       1.94365184E-05
   23.7500000       3.45275839E-05
   24.2500000       4.02920232E-05
   24.7500000       3.19463179E-05
   25.2500000       1.08134209E-05
   25.7500000      -1.23349537E-05
   26.2500000      -2.88459178E-05
   26.7500000      -3.70786147E-05
   27.2500000      -3.99673809E-05
   27.7500000      -3.74291230E-05
   28.2500000      -2.62067751E-05
   28.7500000      -4.09331506E-06
   29.2500000       2.27991823E-05
   29.7500000       4.31128647E-05
   30.2500000       5.02290932E-05
   30.7500000       4.68316503E-05
   31.2500000       3.84086015E-05
   31.7500000       2.28299868E-05
   32.2500000      -1.71991519E-06
   32.7500000      -3.12636585E-05
   33.2500000      -5.34658102E-05
   33.7500000      -6.16382895E-05
   34.2500000      -6.01853499E-05
   34.7500000      -5.21805196E-05
   35.2500000      -3.31734373E-05
   35.7500000      -3.17184026E-06
   36.2500000       2.92451423E-05
   36.7500000       5.35803956E-05
   37.2500000       7.05713392E-05
   37.7500000       8.08072946E-05
   38.2500000       7.67927486E-05
   38.7500000       5.66620220E-05
   39.2500000       2.81951106E-05
   39.7500000      -3.45900526E-06
   40.2500000      -4.01173274E-05
   40.7500000      -7.37563169E-05
   41.2500000      -9.51574621E-05
   41.7500000      -1.06681313E-04
   42.2500000      -1.04802137E-04
   42.7500000      -8.56917977E-05
   43.2500000      -5.59367727E-05
   43.7500000      -1.65398596E-05
   44.2500000       2.85994884E-05
   44.7500000       7.22715777E-05
   45.2500000       1.10587738E-04
   45.7500000       1.37753843E-04
   46.2500000       1.50610780E-04
   46.7500000       1.47103783E-04
   47.2500000       1.26121042E-04
   47.7500000       8.97921491E-05
   48.2500000       4.10866960E-05
   48.7500000      -1.60612981E-05
   49.2500000      -7.62543277E-05
   49.7500000      -1.33740992E-04
   50.2500000      -1.81723604E-04
   50.7500000      -2.18702146E-04
   51.2500000      -2.36444728E-04
   51.7500000      -2.34101171E-04
   52.2500000      -2.12991101E-04
   52.7500000      -1.69266161E-04
   53.2500000      -1.07193664E-04
   53.7500000      -3.33106655E-05
   54.2500000       5.27934426E-05
   54.7500000       1.43685233E-04
   55.2500000       2.29451893E-04
   55.7500000       3.07044800E-04
   56.2500000       3.73505522E-04
   56.7500000       4.18395968E-04
   57.2500000       4.36420290E-04
   57.7500000       4.31018881E-04
   58.2500000       3.99258162E-04
   58.7500000       3.34984827E-04
   59.2500000       2.42799259E-04
   59.7500000       1.30600791E-04
   60.2500000      -1.00188026E-06
   60.7500000      -1.51321874E-04
   61.2500000      -3.11523385E-04
   61.7500000      -4.70253028E-04
   62.2500000      -6.24635722E-04
   62.7500000      -7.72271829E-04
   63.2500000      -9.05005552E-04
   63.7500000      -1.01153739E-03
   64.2500000      -1.08699873E-03
   64.7500000      -1.13382225E-03
   65.2500000      -1.14669721E-03
   65.7500000      -1.11782318E-03
   66.2500000      -1.04148255E-03
   66.7500000      -9.20508697E-04
   67.2500000      -7.58607872E-04
   67.7500000      -5.51570090E-04
   68.2500000      -2.92988843E-04
   68.7500000       1.64524554E-05
   69.2500000       3.71161819E-04
   69.7500000       7.67290767E-04
   70.2500000       1.20614131E-03
   70.7500000       1.69346191E-03
   71.2500000       2.22764839E-03
   71.7500000       2.80188676E-03
   72.2500000       3.40970210E-03
   72.7500000       4.05327650E-03
   73.2500000       4.73697810E-03
   73.7500000       5.46097010E-03
   74.2500000       6.21964689E-03
   74.7500000       7.00492086E-03
   75.2500000       7.81680085E-03
   75.7500000       8.65805801E-03
   76.2500000       9.53283068E-03
   76.7500000       1.04386332E-02
   77.2500000       1.13683008E-02
   77.7500000       1.23164384E-02
   78.2500000       1.32835824E-02
   78.7500000       1.42751811E-02
   79.2500000       1.52939139E-02
   79.7500000       1.63371004E-02
   80.2500000       1.73974372E-02
   80.7500000       1.84698589E-02
   81.2500000       1.95556134E-02
   81.7500000       2.06599608E-02
   82.2500000       2.17871182E-02
   82.7500000       2.29352117E-02
   83.2500000       2.40967404E-02
   83.7500000       2.52664890E-02
   84.2500000       2.64435057E-02
   84.7500000       2.76338086E-02
   85.2500000       2.88422350E-02
   85.7500000       3.00696269E-02
   86.2500000       3.13106515E-02
   86.7500000       3.25590931E-02
   87.2500000       3.38104442E-02
   87.7500000       3.50677818E-02
   88.2500000       3.63369025E-02
   88.7500000       3.76229435E-02
   89.2500000       3.89245637E-02
   89.7500000       4.02362011E-02
   90.2500000       4.15506884E-02
   90.7500000       4.28650491E-02
   91.2500000       4.41825502E-02
   91.7500000       4.55103293E-02
   92.2500000       4.68534417E-02
   92.7500000       4.82112765E-02
   93.2500000       4.95769493E-02
   93.7500000       5.09436391E-02
   94.2500000       5.23079336E-02
   94.7500000       5.36709428E-02
   95.2500000       5.50412945E-02
   95.7500000       5.64241521E-02
   96.2500000       5.78219071E-02
   96.7500000       5.92292361E-02
   97.2500000       6.06383793E-02
   97.7500000       6.20425493E-02
   98.2500000       6.34417161E-02
   98.7500000       6.48418590E-02
   99.2500000       6.62500411E-02
   99.7500000       6.76723048E-02
   100.250000       6.91076890E-02
   100.750000       7.05489591E-02
   101.250000       7.19873831E-02
   101.750000       7.34182969E-02
   102.250000       7.48419985E-02
   102.750000       7.62650520E-02
   103.250000       7.76973441E-02
   103.750000       7.91436583E-02
   104.250000       8.06025565E-02
   104.750000       8.20666179E-02
   105.250000       8.35256428E-02
   105.750000       8.49739984E-02
   106.250000       8.64117816E-02
   106.750000       8.78460854E-02
   107.250000       8.92874822E-02
   107.750000       9.07427967E-02
   108.250000       9.22120064E-02
   108.750000       9.36881900E-02
   109.250000       9.51607376E-02
   109.750000       9.66209322E-02
   110.250000       9.80657786E-02
   110.750000       9.95007381E-02
   111.250000      0.100936823    
   111.750000      0.102384448    
   112.250000      0.103847936    
   112.750000      0.105324015    
   113.250000      0.106801294    
   113.750000      0.108268656    
   114.250000      0.109716997    
   114.750000      0.111146398    
   115.250000      0.112566873    
   115.750000      0.113990143    
   116.250000      0.115428187    
   116.750000      0.116883740    
   117.250000      0.118351460    
   117.750000      0.119817570    
   118.250000      0.121268004    
   118.750000      0.122694202    
   119.250000      0.124096647    
   119.750000      0.125486135    
   120.250000      0.126878023    
   120.750000      0.128285870    
   121.250000      0.129714251    
   121.750000      0.131157354    
   122.250000      0.132600009    
   122.750000      0.134024590    
   123.250000      0.135419205    
   123.750000      0.136781424    
   124.250000      0.138121948    
   124.750000      0.139458701    
   125.250000      0.140809655    
   125.750000      0.142185569    
   126.250000      0.143583015    
   126.750000      0.144986957    
   127.250000      0.146375373    
   127.750000      0.147729740    
   128.250000      0.149040163    
   128.750000      0.150313526    
   129.250000      0.151568353    
   129.750000      0.152829409    
   130.250000      0.154115394    
   130.750000      0.155433357    
   131.250000      0.156772360    
   131.750000      0.158108935    
   132.250000      0.159414083    
   132.750000      0.160666168    
   133.250000      0.161859155    
   133.750000      0.163006410    
   134.250000      0.164134756    
   134.750000      0.165276453    
   135.250000      0.166454718    
   135.750000      0.167675108    
   136.250000      0.168921992    
   136.750000      0.170163944    
   137.250000      0.171362132    
   137.750000      0.172487780    
   138.250000      0.173529163    
   138.750000      0.174499005    
   139.250000      0.175428048    
   139.750000      0.176354796    
   140.250000      0.177314192    
   140.750000      0.178324103    
   141.250000      0.179382280    
   141.750000      0.180467576    
   142.250000      0.181548521    
   142.750000      0.182590157    
   143.250000      0.183563888    
   143.750000      0.184446648    
   144.250000      0.185222015    
   144.750000      0.185876548    
   145.250000      0.186402231    
   145.750000      0.186804622    
   146.250000      0.187114328    
   146.750000      0.187399209    
   147.250000      0.187767863    
   147.750000      0.188353583    
   148.250000      0.189280212    
   148.750000      0.190609440    
   149.250000      0.192282870    
   149.750000      0.194082931    
   150.250000      0.195631430    
   150.750000      0.196448684    
   151.250000      0.196080148    
   151.750000      0.194256932    
   152.250000      0.191044539    
   152.750000      0.186912611    
   153.250000      0.182697430    
   153.750000      0.179462299    
   154.250000      0.178301230    
   154.750000      0.180114254    
   155.250000      0.185364783    
   155.750000      0.193811640    
   156.250000      0.204244927    
   156.750000      0.214364842    
   157.250000      0.221053481    
   157.750000      0.221219018    
   158.250000      0.212997675    
   158.750000      0.196612865    
   159.250000      0.174251571    
   159.750000      0.149051711    
   160.250000      0.123933010    
   160.750000      0.100910820    
   161.250000       8.09959918E-02
   161.750000       6.44333661E-02
   162.250000       5.10123372E-02
   162.750000       4.03147228E-02
   163.250000       3.18698846E-02
   163.750000       2.52355374E-02
   164.250000       2.00309809E-02
   164.750000       1.59444604E-02
   165.250000       1.27280606E-02
   165.750000       1.01881297E-02
   166.250000       8.17483664E-03
   166.750000       6.57283282E-03
   167.250000       5.29336045E-03
   167.750000       4.26802458E-03
   168.250000       3.44391936E-03
   168.750000       2.77992245E-03
   169.250000       2.24388903E-03
   169.750000       1.81054533E-03
   170.250000       1.45989459E-03
   170.750000       1.17602677E-03
   171.250000       9.46215878E-04
   171.750000       7.60235300E-04
   172.250000       6.09830546E-04
   172.750000       4.88319027E-04
   173.250000       3.90275236E-04
   173.750000       3.11286101E-04
   174.250000       2.47756834E-04
   174.750000       1.96757639E-04
   175.250000       1.55900037E-04
   175.750000       1.23237667E-04
   176.250000       9.71856425E-05
   176.750000       7.64547585E-05
   177.250000       5.99980121E-05
   177.750000       4.69665429E-05
   178.250000       3.66734093E-05
   178.750000       2.85640181E-05
   179.250000       2.21916234E-05
   179.750000       1.71972333E-05
   180.250000       1.32931391E-05
   180.750000       1.02493686E-05
   181.250000       7.88259513E-06
   181.750000       6.04710203E-06
   182.250000       4.62738490E-06
   182.750000       3.53214773E-06
   183.250000       2.68944314E-06
   183.750000       2.04273829E-06
   184.250000       1.54773375E-06
   184.750000       1.16982210E-06
   185.250000       8.82045526E-07
   185.750000       6.63464164E-07
   186.250000       4.97859730E-07
   186.750000       3.72707206E-07
   187.250000       2.78360687E-07
   187.750000       2.07412924E-07
   188.250000       1.54191383E-07
   188.750000       1.14363971E-07
   189.250000       8.46314521E-08
   189.750000       6.24879846E-08
   190.250000       4.60354030E-08
   190.750000       3.38397115E-08
   191.250000       2.48204373E-08
   191.750000       1.81655579E-08
   192.250000       1.32664058E-08
   192.750000       9.66788249E-09
   193.250000       7.03058811E-09
   193.750000       5.10202236E-09
   194.250000       3.69480935E-09
   194.750000       2.67022982E-09
   195.250000       1.92584260E-09
   195.750000       1.38616896E-09
   196.250000       9.95733496E-10
   196.750000       7.13853976E-10
   197.250000       5.10767095E-10
   197.750000       3.64746844E-10
   198.250000       2.59969768E-10
   198.750000       1.84937288E-10
   199.250000       1.31311850E-10
   199.750000       9.30611768E-11
   200.250000       6.58303065E-11
   200.750000       4.64817976E-11
   201.250000       3.27602320E-11
   201.750000       2.30475673E-11
   202.250000       1.61854263E-11
   202.750000       1.13462139E-11
   203.250000       7.93985537E-12
   203.750000       5.54645479E-12
   204.250000       3.86782186E-12
   204.750000       2.69260005E-12
   205.250000       1.87127744E-12
   205.750000       1.29829069E-12
   206.250000       8.99247528E-13
   206.750000       6.21822418E-13
   207.250000       4.29278710E-13
   207.750000       2.95872295E-13
   208.250000       2.03595062E-13
   208.750000       1.39872963E-13
   209.250000       9.59422835E-14
   209.750000       6.57054774E-14
   210.250000       4.49276846E-14
   210.750000       3.06727774E-14
   211.250000       2.09085645E-14
   211.750000       1.42309141E-14
   212.250000       9.67128497E-15
   212.750000       6.56271810E-15
   213.250000       4.44668792E-15
   213.750000       3.00848696E-15
   214.250000       2.03246572E-15
   214.750000       1.37109308E-15
   215.250000       9.23600808E-16
   215.750000       6.21269762E-16
   216.250000       4.17310634E-16
   216.750000       2.79915378E-16
   217.250000       1.87493853E-16
   217.750000       1.25413644E-16
   218.250000       8.37731202E-17
   218.750000       5.58819068E-17
   219.250000       3.72262245E-17
   219.750000       2.47652217E-17
   220.250000       1.64533966E-17
   220.750000       1.09167443E-17
   221.250000       7.23368039E-18
   221.750000       4.78694301E-18
   222.250000       3.16369184E-18
   222.750000       2.08819554E-18
   223.250000       1.37655448E-18
   223.750000       9.06284929E-19
   224.250000       5.95921800E-19
   224.750000       3.91355045E-19
   225.250000       2.56692704E-19
   225.750000       1.68159304E-19
   226.250000       1.10026408E-19
   226.750000       7.19027200E-20
   227.250000       4.69320728E-20
   227.750000       3.05966515E-20
   228.250000       1.99233042E-20
   228.750000       1.29579345E-20
   229.250000       8.41784066E-21
   229.750000       5.46209734E-21
   230.250000       3.54010199E-21
   230.750000       2.29177921E-21
   231.250000       1.48195193E-21
   231.750000       9.57200844E-22
   232.250000       6.17565149E-22
   232.750000       3.97994110E-22
   233.250000       2.56205210E-22
   233.750000       1.64747857E-22
   234.250000       1.05821853E-22
   234.750000       6.78981290E-23
   235.250000       4.35181335E-23
   235.750000       2.78622201E-23
   236.250000       1.78195711E-23
   236.750000       1.13846039E-23
   237.250000       7.26575130E-24
   237.750000       4.63220859E-24
   238.250000       2.95014632E-24
   238.750000       1.87693754E-24
   239.250000       1.19291507E-24
   239.750000       7.57400886E-25
   240.250000       4.80397950E-25
   240.750000       3.04395687E-25
   241.250000       1.92681704E-25
   241.750000       1.21845607E-25
   242.250000       7.69749147E-26
   242.750000       4.85804335E-26
   243.250000       3.06301223E-26
   243.750000       1.92936334E-26
   244.250000       1.21411502E-26
   244.750000       7.63288330E-27
   245.250000       4.79405409E-27
   245.750000       3.00818991E-27
   246.250000       1.88581071E-27
   246.750000       1.18109214E-27
   247.250000       7.39034786E-28
   247.750000       4.62001849E-28
   248.250000       2.88551009E-28
   248.750000       1.80054480E-28
   249.250000       1.12250973E-28
   249.750000       6.99170950E-29
   250.250000       4.35096915E-29
   250.750000       2.70520483E-29
   251.250000       1.68046054E-29
   251.750000       1.04297156E-29
   252.250000       6.46747738E-30
   252.750000       4.00698602E-30
   253.250000       2.48040931E-30
   253.750000       1.53409987E-30
   254.250000       9.48005161E-31
   254.750000       5.85324623E-31
   255.250000       3.61088731E-31
   255.750000       2.22568712E-31
   256.250000       1.37072233E-31
   256.750000       8.43474620E-32
   257.250000       5.18601248E-32
   257.750000       3.18593117E-32
   258.250000       1.95561015E-32
   258.750000       1.19942506E-32
   259.250000       7.35040144E-33
   259.750000       4.50088485E-33
   260.250000       2.75381960E-33
   260.750000       1.68354889E-33
   261.250000       1.02842035E-33
   261.750000       6.27728402E-34
   262.250000       3.82852265E-34
   262.750000       2.33319305E-34
   263.250000       1.42079683E-34
   263.750000       8.64523519E-35
   264.250000       5.25638485E-35
   264.750000       3.19348238E-35
   265.250000       1.93870113E-35
   265.750000       1.17605534E-35
   266.250000       7.12880788E-36
   266.750000       4.31797589E-36
   267.250000       2.61347930E-36
   267.750000       1.58064870E-36
   268.250000       9.55279826E-37
   268.750000       5.76907852E-37
   269.250000       3.48148590E-37
   269.750000       2.09945563E-37
   270.250000       1.26512701E-37
   270.750000       7.61813556E-38
   271.250000       4.58407720E-38
   271.750000       2.75642022E-38
   272.250000       1.65626724E-38
   272.750000       9.94509928E-39
   273.250000       5.96735104E-39
   273.750000       3.57808951E-39
   274.250000       2.14397124E-39
   274.750000       1.28376456E-39
   275.250000       7.68145575E-40
   275.750000       4.59328821E-40
   276.250000       2.74466725E-40
   276.750000       1.63897270E-40
   277.250000       9.78050276E-41
   277.750000       5.83206408E-41
   278.250000       3.47550045E-41
   278.750000       2.06929744E-41
   279.250000       1.23230187E-41
   279.750000       7.32738967E-42
   280.250000       4.34963043E-42
   280.750000       2.58539567E-42
   281.250000       1.53582312E-42
   281.750000       9.13646599E-43
   282.250000       5.45105103E-43
   282.750000       3.16693453E-43
   283.250000       1.89175293E-43
   283.750000       1.10702579E-43
   284.250000       6.16571324E-44
   284.750000       3.92363570E-44
   285.250000       1.96181785E-44
   285.750000       1.12103877E-44
   286.250000       4.20389539E-45
   286.750000       1.40129846E-45
   287.250000       0.00000000    
   287.750000       0.00000000    
   288.250000       0.00000000    
   288.750000       0.00000000    
   289.250000       0.00000000    
   289.750000       0.00000000    
   290.250000       0.00000000    
   290.750000       0.00000000    
   291.250000       0.00000000    
   291.750000       0.00000000    
   292.250000       0.00000000    
   292.750000       0.00000000    
   293.250000       0.00000000    
   293.750000       0.00000000    
   294.250000       0.00000000    
   294.750000       0.00000000    
   295.250000       0.00000000    
   295.750000       0.00000000    
   296.250000       0.00000000    
   296.750000       0.00000000    
   297.250000       0.00000000    
   297.750000       0.00000000    
   298.250000       0.00000000    
   298.750000       0.00000000    
   299.250000       0.00000000    
   299.750000       0.00000000    
   300.250000       0.00000000    
   300.750000       0.00000000    
   301.250000       0.00000000    
   301.750000       0.00000000    
   302.250000       0.00000000    
   302.750000       0.00000000    
   303.250000       0.00000000    
   303.750000       0.00000000    
   304.250000       0.00000000    
   304.750000       0.00000000    
   305.250000       0.00000000    
   305.750000       0.00000000    
   306.250000       0.00000000    
   306.750000       0.00000000    
   307.250000       0.00000000    
   307.750000       0.00000000    
   308.250000       0.00000000    
   308.750000       0.00000000    
   309.250000       0.00000000    
   309.750000       0.00000000    
   310.250000       0.00000000    
   310.750000       0.00000000    
   311.250000       0.00000000    
   311.750000       0.00000000    
   312.250000       0.00000000    
   312.750000       0.00000000    
   313.250000       0.00000000    
   313.750000       0.00000000    
   314.250000       0.00000000    
   314.750000       0.00000000    
   315.250000       0.00000000    
   315.750000       0.00000000    
   316.250000       0.00000000    
   316.750000       0.00000000    
   317.250000       0.00000000    
   317.750000       0.00000000    
   318.250000       0.00000000    
   318.750000       0.00000000    
   319.250000       0.00000000    
   319.750000       0.00000000    
   320.250000       0.00000000    
   320.750000       0.00000000    
   321.250000       0.00000000    
   321.750000       0.00000000    
   322.250000       0.00000000    
   322.750000       0.00000000    
   323.250000       0.00000000    
   323.750000       0.00000000    
   324.250000       0.00000000    
   324.750000       0.00000000    
   325.250000       0.00000000    
   325.750000       0.00000000    
   326.250000       0.00000000    
   326.750000       0.00000000    
   327.250000       0.00000000    
   327.750000       0.00000000    
   328.250000       0.00000000    
   328.750000       0.00000000    
   329.250000       0.00000000    
   329.750000       0.00000000    
   330.250000       0.00000000    
   330.750000       0.00000000    
   331.250000       0.00000000    
   331.750000       0.00000000    
   332.250000       0.00000000    
   332.750000       0.00000000    
   333.250000       0.00000000    
   333.750000       0.00000000    
   334.250000       0.00000000    
   334.750000       0.00000000    
   335.250000       0.00000000    
   335.750000       0.00000000    
   336.250000       0.00000000    
   336.750000       0.00000000    
   337.250000       0.00000000    
   337.750000       0.00000000    
   338.250000       0.00000000    
   338.750000       0.00000000    
   339.250000       0.00000000    
   339.750000       0.00000000    
   340.250000       0.00000000    
   340.750000       0.00000000    
   341.250000       0.00000000    
   341.750000       0.00000000    
   342.250000       0.00000000    
   342.750000       0.00000000    
   343.250000       0.00000000    
   343.750000       0.00000000    
   344.250000       0.00000000    
   344.750000       0.00000000    
   345.250000       0.00000000    
   345.750000       0.00000000    
   346.250000       0.00000000    
   346.750000       0.00000000    
   347.250000       0.00000000    
   347.750000       0.00000000    
   348.250000       0.00000000    
   348.750000       0.00000000    
   349.250000       0.00000000    
   349.750000       0.00000000    
   350.250000       0.00000000    
   350.750000       0.00000000    
   351.250000       0.00000000    
   351.750000       0.00000000    
   352.250000       0.00000000    
   352.750000       0.00000000    
   353.250000       0.00000000    
   353.750000       0.00000000    
   354.250000       0.00000000    
   354.750000       0.00000000    
   355.250000       0.00000000    
   355.750000       0.00000000    
   356.250000       0.00000000    
   356.750000       0.00000000    
   357.250000       0.00000000    
   357.750000       0.00000000    
   358.250000       0.00000000    
   358.750000       0.00000000    
   359.250000       0.00000000    
   359.750000       0.00000000    
   360.250000       0.00000000    
   360.750000       0.00000000    
   361.250000       0.00000000    
   361.750000       0.00000000    
   362.250000       0.00000000    
   362.750000       0.00000000    
   363.250000       0.00000000    
   363.750000       0.00000000    
   364.250000       0.00000000    
   364.750000       0.00000000    
   365.250000       0.00000000    
   365.750000       0.00000000    
   366.250000       0.00000000    
   366.750000       0.00000000    
   367.250000       0.00000000    
   367.750000       0.00000000    
   368.250000       0.00000000    
   368.750000       0.00000000    
   369.250000       0.00000000    
   369.750000       0.00000000    
   370.250000       0.00000000    
   370.750000       0.00000000    
   371.250000       0.00000000    
   371.750000       0.00000000    
   372.250000       0.00000000    
   372.750000       0.00000000    
   373.250000       0.00000000    
   373.750000       0.00000000    
   374.250000       0.00000000    
   374.750000       0.00000000    
   375.250000       0.00000000    
   375.750000       0.00000000    
   376.250000       0.00000000    
   376.750000       0.00000000    
   377.250000       0.00000000    
   377.750000       0.00000000    
   378.250000       0.00000000    
   378.750000       0.00000000    
   379.250000       0.00000000    
   379.750000       0.00000000    
   380.250000       0.00000000    
   380.750000       0.00000000    
   381.250000       0.00000000    
   381.750000       0.00000000    
   382.250000       0.00000000    
   382.750000       0.00000000    
   383.250000       0.00000000    
   383.750000       0.00000000    
   384.250000       0.00000000    
   384.750000       0.00000000    
   385.250000       0.00000000    
   385.750000       0.00000000    
   386.250000       0.00000000    
   386.750000       0.00000000    
   387.250000       0.00000000    
   387.750000       0.00000000    
   388.250000       0.00000000    
   388.750000       0.00000000    
   389.250000       0.00000000    
   389.750000       0.00000000    
   390.250000       0.00000000    
   390.750000       0.00000000    
   391.250000       0.00000000    
   391.750000       0.00000000    
   392.250000       0.00000000    
   392.750000       0.00000000    
   393.250000       0.00000000    
   393.750000       0.00000000    
   394.250000       0.00000000    
   394.750000       0.00000000    
   395.250000       0.00000000    
   395.750000       0.00000000    
   396.250000       0.00000000    
   396.750000       0.00000000    
   397.250000       0.00000000    
   397.750000       0.00000000    
   398.250000       0.00000000    
   398.750000       0.00000000    
   399.250000       0.00000000    
   399.750000       0.00000000    
   400.250000       0.00000000    
   400.750000       0.00000000    
   401.250000       0.00000000    
   401.750000       0.00000000    
   402.250000       0.00000000    
   402.750000       0.00000000    
   403.250000       0.00000000    
   403.750000       0.00000000    
   404.250000       0.00000000    
   404.750000       0.00000000    
   405.250000       0.00000000    
   405.750000       0.00000000    
   406.250000       0.00000000    
   406.750000       0.00000000    
   407.250000       0.00000000    
   407.750000       0.00000000    
   408.250000       0.00000000    
   408.750000       0.00000000    
   409.250000       0.00000000    
   409.750000       0.00000000    
   410.250000       0.00000000    
   410.750000       0.00000000    
   411.250000       0.00000000    
   411.750000       0.00000000    
   412.250000       0.00000000    
   412.750000       0.00000000    
   413.250000       0.00000000    
   413.750000       0.00000000    
   414.250000       0.00000000    
   414.750000       0.00000000    
   415.250000       0.00000000    
   415.750000       0.00000000    
   416.250000       0.00000000    
   416.750000       0.00000000    
   417.250000       0.00000000    
   417.750000       0.00000000    
   418.250000       0.00000000    
   418.750000       0.00000000    
   419.250000       0.00000000    
   419.750000       0.00000000    
   420.250000       0.00000000    
   420.750000       0.00000000    
   421.250000       0.00000000    
   421.750000       0.00000000    
   422.250000       0.00000000    
   422.750000       0.00000000    
   423.250000       0.00000000    
   423.750000       0.00000000    
   424.250000       0.00000000    
   424.750000       0.00000000    
   425.250000       0.00000000    
   425.750000       0.00000000    
   426.250000       0.00000000    
   426.750000       0.00000000    
   427.250000       0.00000000    
   427.750000       0.00000000    
   428.250000       0.00000000    
   428.750000       0.00000000    
   429.250000       0.00000000    
   429.750000       0.00000000    
   430.250000       0.00000000    
   430.750000       0.00000000    
   431.250000       0.00000000    
   431.750000       0.00000000    
   432.250000       0.00000000    
   432.750000       0.00000000    
   433.250000       0.00000000    
   433.750000       0.00000000    
   434.250000       0.00000000    
   434.750000       0.00000000    
   435.250000       0.00000000    
   435.750000       0.00000000    
   436.250000       0.00000000    
   436.750000       0.00000000    
   437.250000       0.00000000    
   437.750000       0.00000000    
   438.250000       0.00000000    
   438.750000       0.00000000    
   439.250000       0.00000000    
   439.750000       0.00000000    
   440.250000       0.00000000    
   440.750000       0.00000000    
   441.250000       0.00000000    
   441.750000       0.00000000    
   442.250000       0.00000000    
   442.750000       0.00000000    
   443.250000       0.00000000    
   443.750000       0.00000000    
   444.250000       0.00000000    
   444.750000       0.00000000    
   445.250000       0.00000000    
   445.750000       0.00000000    
   446.250000       0.00000000    
   446.750000       0.00000000    
   447.250000       0.00000000    
   447.750000       0.00000000    
   448.250000       0.00000000    
   448.750000       0.00000000    
   449.250000       0.00000000    
   449.750000       0.00000000    
   450.250000       0.00000000    
   450.750000       0.00000000    
   451.250000       0.00000000    
   451.750000       0.00000000    
   452.250000       0.00000000    
   452.750000       0.00000000    
   453.250000       0.00000000    
   453.750000       0.00000000    
   454.250000       0.00000000    
   454.750000       0.00000000    
   455.250000       0.00000000    
   455.750000       0.00000000    
   456.250000       0.00000000    
   456.750000       0.00000000    
   457.250000       0.00000000    
   457.750000       0.00000000    
   458.250000       0.00000000    
   458.750000       0.00000000    
   459.250000       0.00000000    
   459.750000       0.00000000    
   460.250000       0.00000000    
   460.750000       0.00000000    
   461.250000       0.00000000    
   461.750000       0.00000000    
   462.250000       0.00000000    
   462.750000       0.00000000    
   463.250000       0.00000000    
   463.750000       0.00000000    
   464.250000       0.00000000    
   464.750000       0.00000000    
   465.250000       0.00000000    
   465.750000       0.00000000    
   466.250000       0.00000000    
   466.750000       0.00000000    
   467.250000       0.00000000    
   467.750000       0.00000000    
   468.250000       0.00000000    
   468.750000       0.00000000    
   469.250000       0.00000000    
   469.750000       0.00000000    
   470.250000       0.00000000    
   470.750000       0.00000000    
   471.250000       0.00000000    
   471.750000       0.00000000    
   472.250000       0.00000000    
   472.750000       0.00000000    
   473.250000       0.00000000    
   473.750000       0.00000000    
   474.250000       0.00000000    
   474.750000       0.00000000    
   475.250000       0.00000000    
   475.750000       0.00000000    
   476.250000       0.00000000    
   476.750000       0.00000000    
   477.250000       0.00000000    
   477.750000       0.00000000    
   478.250000       0.00000000    
   478.750000       0.00000000    
   479.250000       0.00000000    
   479.750000       0.00000000    
   480.250000       0.00000000    
   480.750000       0.00000000    
   481.250000       0.00000000    
   481.750000       0.00000000    
   482.250000       0.00000000    
   482.750000       0.00000000    
   483.250000       0.00000000    
   483.750000       0.00000000    
   484.250000       0.00000000    
   484.750000       0.00000000    
   485.250000       0.00000000    
   485.750000       0.00000000    
   486.250000       0.00000000    
   486.750000       0.00000000    
   487.250000       0.00000000    
   487.750000       0.00000000    
   488.250000       0.00000000    
   488.750000       0.00000000    
   489.250000       0.00000000    
   489.750000       0.00000000    
   490.250000       0.00000000    
   490.750000       0.00000000    
   491.250000       0.00000000    
   491.750000       0.00000000    
   492.250000       0.00000000    
   492.750000       0.00000000    
   493.250000       0.00000000    
   493.750000       0.00000000    
   494.250000       0.00000000    
   494.750000       0.00000000    
   495.250000       0.00000000    
   495.750000       0.00000000    
   496.250000       0.00000000    
   496.750000       0.00000000    
   497.250000       0.00000000    
   497.750000       0.00000000    
   498.250000       0.00000000    
   498.750000       0.00000000    
   499.250000       0.00000000    
   499.750000       0.00000000    
   500.250000       0.00000000    
   500.750000       0.00000000    
   501.250000       0.00000000    
   501.750000       0.00000000    
   502.250000       0.00000000    
   502.750000       0.00000000    
   503.250000       0.00000000    
   503.750000       0.00000000    
   504.250000       0.00000000    
   504.750000       0.00000000    
   505.250000       0.00000000    
   505.750000       0.00000000    
   506.250000       0.00000000    
   506.750000       0.00000000    
   507.250000       0.00000000    
   507.750000       0.00000000    
   508.250000       0.00000000    
   508.750000       0.00000000    
   509.250000       0.00000000    
   509.750000       0.00000000    
   510.250000       0.00000000    
   510.750000       0.00000000    
   511.250000       0.00000000    
   511.750000       0.00000000    
   512.250000       0.00000000    
   512.750000       0.00000000    
   513.250000       0.00000000    
   513.750000       0.00000000    
   514.250000       0.00000000    
   514.750000       0.00000000    
   515.250000       0.00000000    
   515.750000       0.00000000    
   516.250000       0.00000000    
   516.750000       0.00000000    
   517.250000       0.00000000    
   517.750000       0.00000000    
   518.250000       0.00000000    
   518.750000       0.00000000    
   519.250000       0.00000000    
   519.750000       0.00000000    
   520.250000       0.00000000    
   520.750000       0.00000000    
   521.250000       0.00000000    
   521.750000       0.00000000    
   522.250000       0.00000000    
   522.750000       0.00000000    
   523.250000       0.00000000    
   523.750000       0.00000000    
   524.250000       0.00000000    
   524.750000       0.00000000    
   525.250000       0.00000000    
   525.750000       0.00000000    
   526.250000       0.00000000    
   526.750000       0.00000000    
   527.250000       0.00000000    
   527.750000       0.00000000    
   528.250000       0.00000000    
   528.750000       0.00000000    
   529.250000       0.00000000    
   529.750000       0.00000000    
   530.250000       0.00000000    
   530.750000       0.00000000    
   531.250000       0.00000000    
   531.750000       0.00000000    
   532.250000       0.00000000    
   532.750000       0.00000000    
   533.250000       0.00000000    
   533.750000       0.00000000    
   534.250000       0.00000000    
   534.750000       0.00000000    
   535.250000       0.00000000    
   535.750000       0.00000000    
   536.250000       0.00000000    
   536.750000       0.00000000    
   537.250000       0.00000000    
   537.750000       0.00000000    
   538.250000       0.00000000    
   538.750000       0.00000000    
   539.250000       0.00000000    
   539.750000       0.00000000    
   540.250000       0.00000000    
   540.750000       0.00000000    
   541.250000       0.00000000    
   541.750000       0.00000000    
   542.250000       0.00000000    
   542.750000       0.00000000    
   543.250000       0.00000000    
   543.750000       0.00000000    
   544.250000       0.00000000    
   544.750000       0.00000000    
   545.250000       0.00000000    
   545.750000       0.00000000    
   546.250000       0.00000000    
   546.750000       0.00000000    
   547.250000       0.00000000    
   547.750000       0.00000000    
   548.250000       0.00000000    
   548.750000       0.00000000    
   549.250000       0.00000000    
   549.750000       0.00000000    
   550.250000       0.00000000    
   550.750000       0.00000000    
   551.250000       0.00000000    
   551.750000       0.00000000    
   552.250000       0.00000000    
   552.750000       0.00000000    
   553.250000       0.00000000    
   553.750000       0.00000000    
   554.250000       0.00000000    
   554.750000       0.00000000    
   555.250000       0.00000000    
   555.750000       0.00000000    
   556.250000       0.00000000    
   556.750000       0.00000000    
   557.250000       0.00000000    
   557.750000       0.00000000    
   558.250000       0.00000000    
   558.750000       0.00000000    
   559.250000       0.00000000    
   559.750000       0.00000000    
   560.250000       0.00000000    
   560.750000       0.00000000    
   561.250000       0.00000000    
   561.750000       0.00000000    
   562.250000       0.00000000    
   562.750000       0.00000000    
   563.250000       0.00000000    
   563.750000       0.00000000    
   564.250000       0.00000000    
   564.750000       0.00000000    
   565.250000       0.00000000    
   565.750000       0.00000000    
   566.250000       0.00000000    
   566.750000       0.00000000    
   567.250000       0.00000000    
   567.750000       0.00000000    
   568.250000       0.00000000    
   568.750000       0.00000000    
   569.250000       0.00000000    
   569.750000       0.00000000    
   570.250000       0.00000000    
   570.750000       0.00000000    
   571.250000       0.00000000    
   571.750000       0.00000000    
   572.250000       0.00000000    
   572.750000       0.00000000    
   573.250000       0.00000000    
   573.750000       0.00000000    
   574.250000       0.00000000    
   574.750000       0.00000000    
   575.250000       0.00000000    
   575.750000       0.00000000    
   576.250000       0.00000000    
   576.750000       0.00000000    
   577.250000       0.00000000    
   577.750000       0.00000000    
   578.250000       0.00000000    
   578.750000       0.00000000    
   579.250000       0.00000000    
   579.750000       0.00000000    
   580.250000       0.00000000    
   580.750000       0.00000000    
   581.250000       0.00000000    
   581.750000       0.00000000    
   582.250000       0.00000000    
   582.750000       0.00000000    
   583.250000       0.00000000    
   583.750000       0.00000000    
   584.250000       0.00000000    
   584.750000       0.00000000    
   585.250000       0.00000000    
   585.750000       0.00000000    
   586.250000       0.00000000    
   586.750000       0.00000000    
   587.250000       0.00000000    
   587.750000       0.00000000    
   588.250000       0.00000000    
   588.750000       0.00000000    
   589.250000       0.00000000    
   589.750000       0.00000000    
   590.250000       0.00000000    
   590.750000       0.00000000    
   591.250000       0.00000000    
   591.750000       0.00000000    
   592.250000       0.00000000    
   592.750000       0.00000000    
   593.250000       0.00000000    
   593.750000       0.00000000    
   594.250000       0.00000000    
   594.750000       0.00000000    
   595.250000       0.00000000    
   595.750000       0.00000000    
   596.250000       0.00000000    
   596.750000       0.00000000    
   597.250000       0.00000000    
   597.750000       0.00000000    
   598.250000       0.00000000    
   598.750000       0.00000000    
   599.250000       0.00000000    
   599.750000       0.00000000    
   600.250000       0.00000000    
   600.750000       0.00000000    
   601.250000       0.00000000    
   601.750000       0.00000000    
   602.250000       0.00000000    
   602.750000       0.00000000    
   603.250000       0.00000000    
   603.750000       0.00000000    
   604.250000       0.00000000    
   604.750000       0.00000000    
   605.250000       0.00000000    
   605.750000       0.00000000    
   606.250000       0.00000000    
   606.750000       0.00000000    
   607.250000       0.00000000    
   607.750000       0.00000000    
   608.250000       0.00000000    
   608.750000       0.00000000    
   609.250000       0.00000000    
   609.750000       0.00000000    
   610.250000       0.00000000    
   610.750000       0.00000000    
   611.250000       0.00000000    
   611.750000       0.00000000    
   612.250000       0.00000000    
   612.750000       0.00000000    
   613.250000       0.00000000    
   613.750000       0.00000000    
   614.250000       0.00000000    
   614.750000       0.00000000    
   615.250000       0.00000000    
   615.750000       0.00000000    
   616.250000       0.00000000    
   616.750000       0.00000000    
   617.250000       0.00000000    
   617.750000       0.00000000    
   618.250000       0.00000000    
   618.750000       0.00000000    
   619.250000       0.00000000    
   619.750000       0.00000000    
   620.250000       0.00000000    
   620.750000       0.00000000    
   621.250000       0.00000000    
   621.750000       0.00000000    
   622.250000       0.00000000    
   622.750000       0.00000000    
   623.250000       0.00000000    
   623.750000       0.00000000    
   624.250000       0.00000000    
   624.750000       0.00000000    
   625.250000       0.00000000    
   625.750000       0.00000000    
   626.250000       0.00000000    
   626.750000       0.00000000    
   627.250000       0.00000000    
   627.750000       0.00000000    
   628.250000       0.00000000    
   628.750000       0.00000000    
   629.250000       0.00000000    
   629.750000       0.00000000    
   630.250000       0.00000000    
   630.750000       0.00000000    
   631.250000       0.00000000    
   631.750000       0.00000000    
   632.250000       0.00000000    
   632.750000       0.00000000    
   633.250000       0.00000000    
   633.750000       0.00000000    
   634.250000       0.00000000    
   634.750000       0.00000000    
   635.250000       0.00000000    
   635.750000       0.00000000    
   636.250000       0.00000000    
   636.750000       0.00000000    
   637.250000       0.00000000    
   637.750000       0.00000000    
   638.250000       0.00000000    
   638.750000       0.00000000    
   639.250000       0.00000000    
   639.750000       0.00000000    
   640.250000       0.00000000    
   640.750000       0.00000000    
   641.250000       0.00000000    
   641.750000       0.00000000    
   642.250000       0.00000000    
   642.750000       0.00000000    
   643.250000       0.00000000    
   643.750000       0.00000000    
   644.250000       0.00000000    
   644.750000       0.00000000    
   645.250000       0.00000000    
   645.750000       0.00000000    
   646.250000       0.00000000    
   646.750000       0.00000000    
   647.250000       0.00000000    
   647.750000       0.00000000    
   648.250000       0.00000000    
   648.750000       0.00000000    
   649.250000       0.00000000    
   649.750000       0.00000000    
   650.250000       0.00000000    
   650.750000       0.00000000    
   651.250000       0.00000000    
   651.750000       0.00000000    
   652.250000       0.00000000    
   652.750000       0.00000000    
   653.250000       0.00000000    
   653.750000       0.00000000    
   654.250000       0.00000000    
   654.750000       0.00000000    
   655.250000       0.00000000    
   655.750000       0.00000000    
   656.250000       0.00000000    
   656.750000       0.00000000    
   657.250000       0.00000000    
   657.750000       0.00000000    
   658.250000       0.00000000    
   658.750000       0.00000000    
   659.250000       0.00000000    
   659.750000       0.00000000    
   660.250000       0.00000000    
   660.750000       0.00000000    
   661.250000       0.00000000    
   661.750000       0.00000000    
   662.250000       0.00000000    
   662.750000       0.00000000    
   663.250000       0.00000000    
   663.750000       0.00000000    
   664.250000       0.00000000    
   664.750000       0.00000000    
   665.250000       0.00000000    
   665.750000       0.00000000    
   666.250000       0.00000000    
   666.750000       0.00000000    
   667.250000       0.00000000    
   667.750000       0.00000000    
   668.250000       0.00000000    
   668.750000       0.00000000    
   669.250000       0.00000000    
   669.750000       0.00000000    
   670.250000       0.00000000    
   670.750000       0.00000000    
   671.250000       0.00000000    
   671.750000       0.00000000    
   672.250000       0.00000000    
   672.750000       0.00000000    
   673.250000       0.00000000    
   673.750000       0.00000000    
   674.250000       0.00000000    
   674.750000       0.00000000    
   675.250000       0.00000000    
   675.750000       0.00000000    
   676.250000       0.00000000    
   676.750000       0.00000000    
   677.250000       0.00000000    
   677.750000       0.00000000    
   678.250000       0.00000000    
   678.750000       0.00000000    
   679.250000       0.00000000    
   679.750000       0.00000000    
   680.250000       0.00000000    
   680.750000       0.00000000    
   681.250000       0.00000000    
   681.750000       0.00000000    
   682.250000       0.00000000    
   682.750000       0.00000000    
   683.250000       0.00000000    
   683.750000       0.00000000    
   684.250000       0.00000000    
   684.750000       0.00000000    
   685.250000       0.00000000    
   685.750000       0.00000000    
   686.250000       0.00000000    
   686.750000       0.00000000    
   687.250000       0.00000000    
   687.750000       0.00000000    
   688.250000       0.00000000    
   688.750000       0.00000000    
   689.250000       0.00000000    
   689.750000       0.00000000    
   690.250000       0.00000000    
   690.750000       0.00000000    
   691.250000       0.00000000    
   691.750000       0.00000000    
   692.250000       0.00000000    
   692.750000       0.00000000    
   693.250000       0.00000000    
   693.750000       0.00000000    
   694.250000       0.00000000    
   694.750000       0.00000000    
   695.250000       0.00000000    
   695.750000       0.00000000    
   696.250000       0.00000000    
   696.750000       0.00000000    
   697.250000       0.00000000    
   697.750000       0.00000000    
   698.250000       0.00000000    
   698.750000       0.00000000    
   699.250000       0.00000000    
   699.750000       0.00000000    
   700.250000       0.00000000    
   700.750000       0.00000000    
   701.250000       0.00000000    
   701.750000       0.00000000    
   702.250000       0.00000000    
   702.750000       0.00000000    
   703.250000       0.00000000    
   703.750000       0.00000000    
   704.250000       0.00000000    
   704.750000       0.00000000    
   705.250000       0.00000000    
   705.750000       0.00000000    
   706.250000       0.00000000    
   706.750000       0.00000000    
   707.250000       0.00000000    
   707.750000       0.00000000    
   708.250000       0.00000000    
   708.750000       0.00000000    
   709.250000       0.00000000    
   709.750000       0.00000000    
   710.250000       0.00000000    
   710.750000       0.00000000    
   711.250000       0.00000000    
   711.750000       0.00000000    
   712.250000       0.00000000    
   712.750000       0.00000000    
   713.250000       0.00000000    
   713.750000       0.00000000    
   714.250000       0.00000000    
   714.750000       0.00000000    
   715.250000       0.00000000    
   715.750000       0.00000000    
   716.250000       0.00000000    
   716.750000       0.00000000    
   717.250000       0.00000000    
   717.750000       0.00000000    
   718.250000       0.00000000    
   718.750000       0.00000000    
   719.250000       0.00000000    
   719.750000       0.00000000    
   720.250000       0.00000000    
   720.750000       0.00000000    
   721.250000       0.00000000    
   721.750000       0.00000000    
   722.250000       0.00000000    
   722.750000       0.00000000    
   723.250000       0.00000000    
   723.750000       0.00000000    
   724.250000       0.00000000    
   724.750000       0.00000000    
   725.250000       0.00000000    
   725.750000       0.00000000    
   726.250000       0.00000000    
   726.750000       0.00000000    
   727.250000       0.00000000    
   727.750000       0.00000000    
   728.250000       0.00000000    
   728.750000       0.00000000    
   729.250000       0.00000000    
   729.750000       0.00000000    
   730.250000       0.00000000    
   730.750000       0.00000000    
   731.250000       0.00000000    
   731.750000       0.00000000    
   732.250000       0.00000000    
   732.750000       0.00000000    
   733.250000       0.00000000    
   733.750000       0.00000000    
   734.250000       0.00000000    
   734.750000       0.00000000    
   735.250000       0.00000000    
   735.750000       0.00000000    
   736.250000       0.00000000    
   736.750000       0.00000000    
   737.250000       0.00000000    
   737.750000       0.00000000    
   738.250000       0.00000000    
   738.750000       0.00000000    
   739.250000       0.00000000    
   739.750000       0.00000000    
   740.250000       0.00000000    
   740.750000       0.00000000    
   741.250000       0.00000000    
   741.750000       0.00000000    
   742.250000       0.00000000    
   742.750000       0.00000000    
   743.250000       0.00000000    
   743.750000       0.00000000    
   744.250000       0.00000000    
   744.750000       0.00000000    
   745.250000       0.00000000    
   745.750000       0.00000000    
   746.250000       0.00000000    
   746.750000       0.00000000    
   747.250000       0.00000000    
   747.750000       0.00000000    
   748.250000       0.00000000    
   748.750000       0.00000000    
   749.250000       0.00000000    
   749.750000       0.00000000    
   750.250000       0.00000000    
   750.750000       0.00000000    
   751.250000       0.00000000    
   751.750000       0.00000000    
   752.250000       0.00000000    
   752.750000       0.00000000    
   753.250000       0.00000000    
   753.750000       0.00000000    
   754.250000       0.00000000    
   754.750000       0.00000000    
   755.250000       0.00000000    
   755.750000       0.00000000    
   756.250000       0.00000000    
   756.750000       0.00000000    
   757.250000       0.00000000    
   757.750000       0.00000000    
   758.250000       0.00000000    
   758.750000       0.00000000    
   759.250000       0.00000000    
   759.750000       0.00000000    
   760.250000       0.00000000    
   760.750000       0.00000000    
   761.250000       0.00000000    
   761.750000       0.00000000    
   762.250000       0.00000000    
   762.750000       0.00000000    
   763.250000       0.00000000    
   763.750000       0.00000000    
   764.250000       0.00000000    
   764.750000       0.00000000    
   765.250000       0.00000000    
   765.750000       0.00000000    
   766.250000       0.00000000    
   766.750000       0.00000000    
   767.250000       0.00000000    
   767.750000       0.00000000    
   768.250000       0.00000000    
   768.750000       0.00000000    
   769.250000       0.00000000    
   769.750000       0.00000000    
   770.250000       0.00000000    
   770.750000       0.00000000    
   771.250000       0.00000000    
   771.750000       0.00000000    
   772.250000       0.00000000    
   772.750000       0.00000000    
   773.250000       0.00000000    
   773.750000       0.00000000    
   774.250000       0.00000000    
   774.750000       0.00000000    
   775.250000       0.00000000    
   775.750000       0.00000000    
   776.250000       0.00000000    
   776.750000       0.00000000    
   777.250000       0.00000000    
   777.750000       0.00000000    
   778.250000       0.00000000    
   778.750000       0.00000000    
   779.250000       0.00000000    
   779.750000       0.00000000    
   780.250000       0.00000000    
   780.750000       0.00000000    
   781.250000       0.00000000    
   781.750000       0.00000000    
   782.250000       0.00000000    
   782.750000       0.00000000    
   783.250000       0.00000000    
   783.750000       0.00000000    
   784.250000       0.00000000    
   784.750000       0.00000000    
   785.250000       0.00000000    
   785.750000       0.00000000    
   786.250000       0.00000000    
   786.750000       0.00000000    
   787.250000       0.00000000    
   787.750000       0.00000000    
   788.250000       0.00000000    
   788.750000       0.00000000    
   789.250000       0.00000000    
   789.750000       0.00000000    
   790.250000       0.00000000    
   790.750000       0.00000000    
   791.250000       0.00000000    
   791.750000       0.00000000    
   792.250000       0.00000000    
   792.750000       0.00000000    
   793.250000       0.00000000    
   793.750000       0.00000000    
   794.250000       0.00000000    
   794.750000       0.00000000    
   795.250000       0.00000000    
   795.750000       0.00000000    
   796.250000       0.00000000    
   796.750000       0.00000000    
   797.250000       0.00000000    
   797.750000       0.00000000    
   798.250000       0.00000000    
   798.750000       0.00000000    
   799.250000       0.00000000    
   799.750000       0.00000000    
   800.250000       0.00000000    
   800.750000       0.00000000    
   801.250000       0.00000000    
   801.750000       0.00000000    
   802.250000       0.00000000    
   802.750000       0.00000000    
   803.250000       0.00000000    
   803.750000       0.00000000    
   804.250000       0.00000000    
   804.750000       0.00000000    
   805.250000       0.00000000    
   805.750000       0.00000000    
   806.250000       0.00000000    
   806.750000       0.00000000    
   807.250000       0.00000000    
   807.750000       0.00000000    
   808.250000       0.00000000    
   808.750000       0.00000000    
   809.250000       0.00000000    
   809.750000       0.00000000    
   810.250000       0.00000000    
   810.750000       0.00000000    
   811.250000       0.00000000    
   811.750000       0.00000000    
   812.250000       0.00000000    
   812.750000       0.00000000    
   813.250000       0.00000000    
   813.750000       0.00000000    
   814.250000       0.00000000    
   814.750000       0.00000000    
   815.250000       0.00000000    
   815.750000       0.00000000    
   816.250000       0.00000000    
   816.750000       0.00000000    
   817.250000       0.00000000    
   817.750000       0.00000000    
   818.250000       0.00000000    
   818.750000       0.00000000    
   819.250000       0.00000000    
   819.750000       0.00000000    
   820.250000       0.00000000    
   820.750000       0.00000000    
   821.250000       0.00000000    
   821.750000       0.00000000    
   822.250000       0.00000000    
   822.750000       0.00000000    
   823.250000       0.00000000    
   823.750000       0.00000000    
   824.250000       0.00000000    
   824.750000       0.00000000    
   825.250000       0.00000000    
   825.750000       0.00000000    
   826.250000       0.00000000    
   826.750000       0.00000000    
   827.250000       0.00000000    
   827.750000       0.00000000    
   828.250000       0.00000000    
   828.750000       0.00000000    
   829.250000       0.00000000    
   829.750000       0.00000000    
   830.250000       0.00000000    
   830.750000       0.00000000    
   831.250000       0.00000000    
   831.750000       0.00000000    
   832.250000       0.00000000    
   832.750000       0.00000000    
   833.250000       0.00000000    
   833.750000       0.00000000    
   834.250000       0.00000000    
   834.750000       0.00000000    
   835.250000       0.00000000    
   835.750000       0.00000000    
   836.250000       0.00000000    
   836.750000       0.00000000    
   837.250000       0.00000000    
   837.750000       0.00000000    
   838.250000       0.00000000    
   838.750000       0.00000000    
   839.250000       0.00000000    
   839.750000       0.00000000    
   840.250000       0.00000000    
   840.750000       0.00000000    
   841.250000       0.00000000    
   841.750000       0.00000000    
   842.250000       0.00000000    
   842.750000       0.00000000    
   843.250000       0.00000000    
   843.750000       0.00000000    
   844.250000       0.00000000    
   844.750000       0.00000000    
   845.250000       0.00000000    
   845.750000       0.00000000    
   846.250000       0.00000000    
   846.750000       0.00000000    
   847.250000       0.00000000    
   847.750000       0.00000000    
   848.250000       0.00000000    
   848.750000       0.00000000    
   849.250000       0.00000000    
   849.750000       0.00000000    
   850.250000       0.00000000    
   850.750000       0.00000000    
   851.250000       0.00000000    
   851.750000       0.00000000    
   852.250000       0.00000000    
   852.750000       0.00000000    
   853.250000       0.00000000    
   853.750000       0.00000000    
   854.250000       0.00000000    
   854.750000       0.00000000    
   855.250000       0.00000000    
   855.750000       0.00000000    
   856.250000       0.00000000    
   856.750000       0.00000000    
   857.250000       0.00000000    
   857.750000       0.00000000    
   858.250000       0.00000000    
   858.750000       0.00000000    
   859.250000       0.00000000    
   859.750000       0.00000000    
   860.250000       0.00000000    
   860.750000       0.00000000    
   861.250000       0.00000000    
   861.750000       0.00000000    
   862.250000       0.00000000    
   862.750000       0.00000000    
   863.250000       0.00000000    
   863.750000       0.00000000    
   864.250000       0.00000000    
   864.750000       0.00000000    
   865.250000       0.00000000    
   865.750000       0.00000000    
   866.250000       0.00000000    
   866.750000       0.00000000    
   867.250000       0.00000000    
   867.750000       0.00000000    
   868.250000       0.00000000    
   868.750000       0.00000000    
   869.250000       0.00000000    
   869.750000       0.00000000    
   870.250000       0.00000000    
   870.750000       0.00000000    
   871.250000       0.00000000    
   871.750000       0.00000000    
   872.250000       0.00000000    
   872.750000       0.00000000    
   873.250000       0.00000000    
   873.750000       0.00000000    
   874.250000       0.00000000    
   874.750000       0.00000000    
   875.250000       0.00000000    
   875.750000       0.00000000    
   876.250000       0.00000000    
   876.750000       0.00000000    
   877.250000       0.00000000    
   877.750000       0.00000000    
   878.250000       0.00000000    
   878.750000       0.00000000    
   879.250000       0.00000000    
   879.750000       0.00000000    
   880.250000       0.00000000    
   880.750000       0.00000000    
   881.250000       0.00000000    
   881.750000       0.00000000    
   882.250000       0.00000000    
   882.750000       0.00000000    
   883.250000       0.00000000    
   883.750000       0.00000000    
   884.250000       0.00000000    
   884.750000       0.00000000    
   885.250000       0.00000000    
   885.750000       0.00000000    
   886.250000       0.00000000    
   886.750000       0.00000000    
   887.250000       0.00000000    
   887.750000       0.00000000    
   888.250000       0.00000000    
   888.750000       0.00000000    
   889.250000       0.00000000    
   889.750000       0.00000000    
   890.250000       0.00000000    
   890.750000       0.00000000    
   891.250000       0.00000000    
   891.750000       0.00000000    
   892.250000       0.00000000    
   892.750000       0.00000000    
   893.250000       0.00000000    
   893.750000       0.00000000    
   894.250000       0.00000000    
   894.750000       0.00000000    
   895.250000       0.00000000    
   895.750000       0.00000000    
   896.250000       0.00000000    
   896.750000       0.00000000    
   897.250000       0.00000000    
   897.750000       0.00000000    
   898.250000       0.00000000    
   898.750000       0.00000000    
   899.250000       0.00000000    
   899.750000       0.00000000    
   900.250000       0.00000000    
   900.750000       0.00000000    
   901.250000       0.00000000    
   901.750000       0.00000000    
   902.250000       0.00000000    
   902.750000       0.00000000    
   903.250000       0.00000000    
   903.750000       0.00000000    
   904.250000       0.00000000    
   904.750000       0.00000000    
   905.250000       0.00000000    
   905.750000       0.00000000    
   906.250000       0.00000000    
   906.750000       0.00000000    
   907.250000       0.00000000    
   907.750000       0.00000000    
   908.250000       0.00000000    
   908.750000       0.00000000    
   909.250000       0.00000000    
   909.750000       0.00000000    
   910.250000       0.00000000    
   910.750000       0.00000000    
   911.250000       0.00000000    
   911.750000       0.00000000    
   912.250000       0.00000000    
   912.750000       0.00000000    
   913.250000       0.00000000    
   913.750000       0.00000000    
   914.250000       0.00000000    
   914.750000       0.00000000    
   915.250000       0.00000000    
   915.750000       0.00000000    
   916.250000       0.00000000    
   916.750000       0.00000000    
   917.250000       0.00000000    
   917.750000       0.00000000    
   918.250000       0.00000000    
   918.750000       0.00000000    
   919.250000       0.00000000    
   919.750000       0.00000000    
   920.250000       0.00000000    
   920.750000       0.00000000    
   921.250000       0.00000000    
   921.750000       0.00000000    
   922.250000       0.00000000    
   922.750000       0.00000000    
   923.250000       0.00000000    
   923.750000       0.00000000    
   924.250000       0.00000000    
   924.750000       0.00000000    
   925.250000       0.00000000    
   925.750000       0.00000000    
   926.250000       0.00000000    
   926.750000       0.00000000    
   927.250000       0.00000000    
   927.750000       0.00000000    
   928.250000       0.00000000    
   928.750000       0.00000000    
   929.250000       0.00000000    
   929.750000       0.00000000    
   930.250000       0.00000000    
   930.750000       0.00000000    
   931.250000       0.00000000    
   931.750000       0.00000000    
   932.250000       0.00000000    
   932.750000       0.00000000    
   933.250000       0.00000000    
   933.750000       0.00000000    
   934.250000       0.00000000    
   934.750000       0.00000000    
   935.250000       0.00000000    
   935.750000       0.00000000    
   936.250000       0.00000000    
   936.750000       0.00000000    
   937.250000       0.00000000    
   937.750000       0.00000000    
   938.250000       0.00000000    
   938.750000       0.00000000    
   939.250000       0.00000000    
   939.750000       0.00000000    
   940.250000       0.00000000    
   940.750000       0.00000000    
   941.250000       0.00000000    
   941.750000       0.00000000    
   942.250000       0.00000000    
   942.750000       0.00000000    
   943.250000       0.00000000    
   943.750000       0.00000000    
   944.250000       0.00000000    
   944.750000       0.00000000    
   945.250000       0.00000000    
   945.750000       0.00000000    
   946.250000       0.00000000    
   946.750000       0.00000000    
   947.250000       0.00000000    
   947.750000       0.00000000    
   948.250000       0.00000000    
   948.750000       0.00000000    
   949.250000       0.00000000    
   949.750000       0.00000000    
   950.250000       0.00000000    
   950.750000       0.00000000    
   951.250000       0.00000000    
   951.750000       0.00000000    
   952.250000       0.00000000    
   952.750000       0.00000000    
   953.250000       0.00000000    
   953.750000       0.00000000    
   954.250000       0.00000000    
   954.750000       0.00000000    
   955.250000       0.00000000    
   955.750000       0.00000000    
   956.250000       0.00000000    
   956.750000       0.00000000    
   957.250000       0.00000000    
   957.750000       0.00000000    
   958.250000       0.00000000    
   958.750000       0.00000000    
   959.250000       0.00000000    
   959.750000       0.00000000    
   960.250000       0.00000000    
   960.750000       0.00000000    
   961.250000       0.00000000    
   961.750000       0.00000000    
   962.250000       0.00000000    
   962.750000       0.00000000    
   963.250000       0.00000000    
   963.750000       0.00000000    
   964.250000       0.00000000    
   964.750000       0.00000000    
   965.250000       0.00000000    
   965.750000       0.00000000    
   966.250000       0.00000000    
   966.750000       0.00000000    
   967.250000       0.00000000    
   967.750000       0.00000000    
   968.250000       0.00000000    
   968.750000       0.00000000    
   969.250000       0.00000000    
   969.750000       0.00000000    
   970.250000       0.00000000    
   970.750000       0.00000000    
   971.250000       0.00000000    
   971.750000       0.00000000    
   972.250000       0.00000000    
   972.750000       0.00000000    
   973.250000       0.00000000    
   973.750000       0.00000000    
   974.250000       0.00000000    
   974.750000       0.00000000    
   975.250000       0.00000000    
   975.750000       0.00000000    
   976.250000       0.00000000    
   976.750000       0.00000000    
   977.250000       0.00000000    
   977.750000       0.00000000    
   978.250000       0.00000000    
   978.750000       0.00000000    
   979.250000       0.00000000    
   979.750000       0.00000000    
   980.250000       0.00000000    
   980.750000       0.00000000    
   981.250000       0.00000000    
   981.750000       0.00000000    
   982.250000       0.00000000    
   982.750000       0.00000000    
   983.250000       0.00000000    
   983.750000       0.00000000    
   984.250000       0.00000000    
   984.750000       0.00000000    
   985.250000       0.00000000    
   985.750000       0.00000000    
   986.250000       0.00000000    
   986.750000       0.00000000    
   987.250000       0.00000000    
   987.750000       0.00000000    
   988.250000       0.00000000    
   988.750000       0.00000000    
   989.250000       0.00000000    
   989.750000       0.00000000    
   990.250000       0.00000000    
   990.750000       0.00000000    
   991.250000       0.00000000    
   991.750000       0.00000000    
   992.250000       0.00000000    
   992.750000       0.00000000    
   993.250000       0.00000000    
   993.750000       0.00000000    
   994.250000       0.00000000    
   994.750000       0.00000000    
   995.250000       0.00000000    
   995.750000       0.00000000    
   996.250000       0.00000000    
   996.750000       0.00000000    
   997.250000       0.00000000    
   997.750000       0.00000000    
   998.250000       0.00000000    
   998.750000       0.00000000    
   999.250000       0.00000000    
   999.750000       0.00000000    
   1000.25000       0.00000000    
