 -0.250000000      -1.97971094E-05
  0.250000000      -1.97971094E-05
  0.750000000       5.14226158E-05
   1.25000000      -7.15558708E-05
   1.75000000       6.37230405E-05
   2.25000000      -3.00820284E-05
   2.75000000      -2.42551068E-05
   3.25000000       6.12395233E-05
   3.75000000      -4.58770337E-05
   4.25000000      -1.76839294E-05
   4.75000000       1.29968132E-04
   5.25000000       1.71259802E-04
   5.75000000       5.10915183E-04
   6.25000000       2.29739817E-03
   6.75000000       5.64461714E-03
   7.25000000       1.03892777E-02
   7.75000000       1.59817990E-02
   8.25000000       2.23716646E-02
   8.75000000       2.92481184E-02
   9.25000000       3.66699211E-02
   9.75000000       4.43941653E-02
   10.2500000       5.24815544E-02
   10.7500000       6.07598759E-02
   11.2500000       6.92478865E-02
   11.7500000       7.78653994E-02
   12.2500000       8.65446031E-02
   12.7500000       9.53208581E-02
   13.2500000      0.104011118    
   13.7500000      0.112769425    
   14.2500000      0.121305384    
   14.7500000      0.129849017    
   15.2500000      0.138064131    
   15.7500000      0.146159947    
   16.2500000      0.153859288    
   16.7500000      0.161220670    
   17.2500000      0.168137521    
   17.7500000      0.174405262    
   18.2500000      0.180127844    
   18.7500000      0.184814095    
   19.2500000      0.188671529    
   19.7500000      0.191017121    
   20.2500000      0.191850588    
   20.7500000      0.190427184    
   21.2500000      0.186023191    
   21.7500000      0.177399725    
   22.2500000      0.162568629    
   22.7500000      0.135892481    
   23.2500000       9.49762017E-02
   23.7500000       5.45748360E-02
   24.2500000       2.69029625E-02
   24.7500000       1.11218402E-02
   25.2500000       3.39797931E-03
   25.7500000       5.58264961E-04
   26.2500000      -5.15211359E-05
   26.7500000      -4.76334571E-05
   27.2500000      -5.51845915E-06
   27.7500000       2.00397494E-06
   28.2500000       4.79444225E-07
   28.7500000      -7.69005410E-08
   29.2500000      -2.52798991E-08
   29.7500000       3.61179775E-09
   30.2500000       1.04145770E-09
   30.7500000      -1.98478123E-10
   31.2500000      -3.11004798E-11
   31.7500000       1.01708607E-11
   32.2500000       3.11005345E-13
   32.7500000      -4.09100786E-13
   33.2500000       3.32755335E-14
   33.7500000       1.04568081E-14
   34.2500000      -2.46534974E-15
   34.7500000      -1.86230914E-17
   35.2500000       8.32637159E-17
   35.7500000      -1.17124209E-17
   36.2500000      -8.10256601E-19
   36.7500000       4.89094681E-19
   37.2500000      -5.58292565E-20
   37.7500000      -5.08107404E-21
   38.2500000       2.50731570E-21
   38.7500000      -2.98158145E-22
   39.2500000      -1.69419870E-23
   39.7500000       1.14217956E-23
   40.2500000      -1.67617422E-24
   40.7500000       1.00258305E-26
   41.2500000       4.28586466E-26
   41.7500000      -8.66428735E-27
   42.2500000       6.02222357E-28
   42.7500000       1.02348190E-28
   43.2500000      -3.61293233E-29
   43.7500000       4.83169556E-30
   44.2500000      -9.94625502E-32
   44.7500000      -9.85289608E-32
   45.2500000       2.31973848E-32
   45.7500000      -2.54110397E-33
   46.2500000      -1.29276713E-35
   46.7500000       6.32330209E-35
   47.2500000      -1.34131769E-35
   47.7500000       1.44936520E-36
   48.2500000      -7.13629740E-39
   48.7500000      -3.17791370E-38
   49.2500000       7.21780533E-39
   49.7500000      -8.90033318E-40
   50.2500000       3.71049820E-41
   50.7500000       1.15298838E-41
   51.2500000      -3.43037864E-42
   51.7500000       5.26888223E-43
   52.2500000      -4.48415509E-44
   52.7500000       0.00000000    
   53.2500000       1.40129846E-45
   53.7500000       0.00000000    
   54.2500000       0.00000000    
   54.7500000       0.00000000    
   55.2500000       0.00000000    
   55.7500000       0.00000000    
   56.2500000       0.00000000    
   56.7500000       0.00000000    
   57.2500000       0.00000000    
   57.7500000       0.00000000    
   58.2500000       0.00000000    
   58.7500000       0.00000000    
   59.2500000       0.00000000    
   59.7500000       0.00000000    
   60.2500000       0.00000000    
   60.7500000       0.00000000    
   61.2500000       0.00000000    
   61.7500000       0.00000000    
   62.2500000       0.00000000    
   62.7500000       0.00000000    
   63.2500000       0.00000000    
   63.7500000       0.00000000    
   64.2500000       0.00000000    
   64.7500000       0.00000000    
   65.2500000       0.00000000    
   65.7500000       0.00000000    
   66.2500000       0.00000000    
   66.7500000       0.00000000    
   67.2500000       0.00000000    
   67.7500000       0.00000000    
   68.2500000       0.00000000    
   68.7500000       0.00000000    
   69.2500000       0.00000000    
   69.7500000       0.00000000    
   70.2500000       0.00000000    
   70.7500000       0.00000000    
   71.2500000       0.00000000    
   71.7500000       0.00000000    
   72.2500000       0.00000000    
   72.7500000       0.00000000    
   73.2500000       0.00000000    
   73.7500000       0.00000000    
   74.2500000       0.00000000    
   74.7500000       0.00000000    
   75.2500000       0.00000000    
   75.7500000       0.00000000    
   76.2500000       0.00000000    
   76.7500000       0.00000000    
   77.2500000       0.00000000    
   77.7500000       0.00000000    
   78.2500000       0.00000000    
   78.7500000       0.00000000    
   79.2500000       0.00000000    
   79.7500000       0.00000000    
   80.2500000       0.00000000    
   80.7500000       0.00000000    
   81.2500000       0.00000000    
   81.7500000       0.00000000    
   82.2500000       0.00000000    
   82.7500000       0.00000000    
   83.2500000       0.00000000    
   83.7500000       0.00000000    
   84.2500000       0.00000000    
   84.7500000       0.00000000    
   85.2500000       0.00000000    
   85.7500000       0.00000000    
   86.2500000       0.00000000    
   86.7500000       0.00000000    
   87.2500000       0.00000000    
   87.7500000       0.00000000    
   88.2500000       0.00000000    
   88.7500000       0.00000000    
   89.2500000       0.00000000    
   89.7500000       0.00000000    
   90.2500000       0.00000000    
   90.7500000       0.00000000    
   91.2500000       0.00000000    
   91.7500000       0.00000000    
   92.2500000       0.00000000    
   92.7500000       0.00000000    
   93.2500000       0.00000000    
   93.7500000       0.00000000    
   94.2500000       0.00000000    
   94.7500000       0.00000000    
   95.2500000       0.00000000    
   95.7500000       0.00000000    
   96.2500000       0.00000000    
   96.7500000       0.00000000    
   97.2500000       0.00000000    
   97.7500000       0.00000000    
   98.2500000       0.00000000    
   98.7500000       0.00000000    
   99.2500000       0.00000000    
   99.7500000       0.00000000    
   100.250000       0.00000000    
