 -0.250000000      -6.75592219E-06
  0.250000000      -6.75592219E-06
  0.750000000       9.62912691E-06
   1.25000000       1.81965981E-06
   1.75000000      -2.65657036E-05
   2.25000000       3.37249003E-05
   2.75000000       1.55604118E-06
   3.25000000      -6.64083345E-05
   3.75000000       1.65584453E-04
   4.25000000       1.41738361E-04
   4.75000000       5.51705947E-04
   5.25000000       2.27838987E-03
   5.75000000       5.74543653E-03
   6.25000000       1.05257882E-02
   6.75000000       1.63039286E-02
   7.25000000       2.27989275E-02
   7.75000000       2.99142189E-02
   8.25000000       3.74917500E-02
   8.75000000       4.54901941E-02
   9.25000000       5.37638739E-02
   9.75000000       6.23310879E-02
   10.2500000       7.10216686E-02
   10.7500000       7.99208954E-02
   11.2500000       8.88079777E-02
   11.7500000       9.78354588E-02
   12.2500000      0.106727228    
   12.7500000      0.115683839    
   13.2500000      0.124396779    
   13.7500000      0.133065775    
   14.2500000      0.141404912    
   14.7500000      0.149534255    
   15.2500000      0.157262862    
   15.7500000      0.164542332    
   16.2500000      0.171339244    
   16.7500000      0.177367479    
   17.2500000      0.182750970    
   17.7500000      0.186962157    
   18.2500000      0.190165088    
   18.7500000      0.191655427    
   19.2500000      0.191354558    
   19.7500000      0.188442975    
   20.2500000      0.182048991    
   20.7500000      0.170944080    
   21.2500000      0.152434200    
   21.7500000      0.122971073    
   22.2500000       8.45892429E-02
   22.7500000       4.95013408E-02
   23.2500000       2.52718441E-02
   23.7500000       1.07534789E-02
   24.2500000       3.33894347E-03
   24.7500000       5.52373473E-04
   25.2500000      -4.91042483E-05
   25.7500000      -4.50942898E-05
   26.2500000      -4.77205322E-06
   26.7500000       1.92389416E-06
   27.2500000       3.99952057E-07
   27.7500000      -7.81017846E-08
   28.2500000      -1.98580707E-08
   28.7500000       3.73918496E-09
   29.2500000       7.26925520E-10
   29.7500000      -1.91924365E-10
   30.2500000      -1.56808386E-11
   30.7500000       8.64295267E-12
   31.2500000      -2.44178213E-13
   31.7500000      -2.84315621E-13
   32.2500000       4.17218716E-14
   32.7500000       4.40637127E-15
   33.2500000      -1.97217053E-15
   33.7500000       1.36482485E-16
   34.2500000       4.21198879E-17
   34.7500000      -1.07259278E-17
   35.2500000       4.39031177E-19
   35.7500000       2.46584970E-19
   36.2500000      -5.47487325E-20
   36.7500000       2.46985448E-21
   37.2500000       1.10525709E-21
   37.7500000      -2.70174586E-22
   38.2500000       1.99490554E-23
   38.7500000       3.51848530E-24
   39.2500000      -1.20728328E-24
   39.7500000       1.43099516E-25
   40.2500000       3.00790352E-27
   40.7500000      -4.26800867E-27
   41.2500000       7.88723586E-28
   41.7500000      -5.47575587E-29
   42.2500000      -8.19271790E-30
   42.7500000       3.05283068E-30
   43.2500000      -4.44826434E-31
   43.7500000       2.12503914E-32
   44.2500000       6.02558514E-33
   44.7500000      -1.80068212E-33
   45.2500000       2.50485862E-34
   45.7500000      -1.30868151E-35
   46.2500000      -2.87065654E-36
   46.7500000       9.33083797E-37
   47.2500000      -1.42730230E-37
   47.7500000       1.10005237E-38
   48.2500000       7.03628393E-40
   48.7500000      -4.01788703E-40
   49.2500000       7.56659132E-41
   49.7500000      -8.47365181E-42
   50.2500000       3.01279170E-43
   50.7500000       1.14906474E-43
   51.2500000      -3.22298647E-44
   51.7500000       5.60519386E-45
   52.2500000       0.00000000    
   52.7500000       0.00000000    
   53.2500000       0.00000000    
   53.7500000       0.00000000    
   54.2500000       0.00000000    
   54.7500000       0.00000000    
   55.2500000       0.00000000    
   55.7500000       0.00000000    
   56.2500000       0.00000000    
   56.7500000       0.00000000    
   57.2500000       0.00000000    
   57.7500000       0.00000000    
   58.2500000       0.00000000    
   58.7500000       0.00000000    
   59.2500000       0.00000000    
   59.7500000       0.00000000    
   60.2500000       0.00000000    
   60.7500000       0.00000000    
   61.2500000       0.00000000    
   61.7500000       0.00000000    
   62.2500000       0.00000000    
   62.7500000       0.00000000    
   63.2500000       0.00000000    
   63.7500000       0.00000000    
   64.2500000       0.00000000    
   64.7500000       0.00000000    
   65.2500000       0.00000000    
   65.7500000       0.00000000    
   66.2500000       0.00000000    
   66.7500000       0.00000000    
   67.2500000       0.00000000    
   67.7500000       0.00000000    
   68.2500000       0.00000000    
   68.7500000       0.00000000    
   69.2500000       0.00000000    
   69.7500000       0.00000000    
   70.2500000       0.00000000    
   70.7500000       0.00000000    
   71.2500000       0.00000000    
   71.7500000       0.00000000    
   72.2500000       0.00000000    
   72.7500000       0.00000000    
   73.2500000       0.00000000    
   73.7500000       0.00000000    
   74.2500000       0.00000000    
   74.7500000       0.00000000    
   75.2500000       0.00000000    
   75.7500000       0.00000000    
   76.2500000       0.00000000    
   76.7500000       0.00000000    
   77.2500000       0.00000000    
   77.7500000       0.00000000    
   78.2500000       0.00000000    
   78.7500000       0.00000000    
   79.2500000       0.00000000    
   79.7500000       0.00000000    
   80.2500000       0.00000000    
   80.7500000       0.00000000    
   81.2500000       0.00000000    
   81.7500000       0.00000000    
   82.2500000       0.00000000    
   82.7500000       0.00000000    
   83.2500000       0.00000000    
   83.7500000       0.00000000    
   84.2500000       0.00000000    
   84.7500000       0.00000000    
   85.2500000       0.00000000    
   85.7500000       0.00000000    
   86.2500000       0.00000000    
   86.7500000       0.00000000    
   87.2500000       0.00000000    
   87.7500000       0.00000000    
   88.2500000       0.00000000    
   88.7500000       0.00000000    
   89.2500000       0.00000000    
   89.7500000       0.00000000    
   90.2500000       0.00000000    
   90.7500000       0.00000000    
   91.2500000       0.00000000    
   91.7500000       0.00000000    
   92.2500000       0.00000000    
   92.7500000       0.00000000    
   93.2500000       0.00000000    
   93.7500000       0.00000000    
   94.2500000       0.00000000    
   94.7500000       0.00000000    
   95.2500000       0.00000000    
   95.7500000       0.00000000    
   96.2500000       0.00000000    
   96.7500000       0.00000000    
   97.2500000       0.00000000    
   97.7500000       0.00000000    
   98.2500000       0.00000000    
   98.7500000       0.00000000    
   99.2500000       0.00000000    
   99.7500000       0.00000000    
   100.250000       0.00000000    
