 -0.250000000      -6.39100790E-06
  0.250000000      -6.39100790E-06
  0.750000000       1.18496519E-05
   1.25000000      -2.11191473E-05
   1.75000000       1.99468395E-05
   2.25000000      -2.09896389E-05
   2.75000000       1.11950603E-05
   3.25000000      -5.74759270E-06
   3.75000000      -6.07216225E-06
   4.25000000       7.17371222E-06
   4.75000000      -8.41321889E-06
   5.25000000      -5.87781869E-06
   5.75000000       1.93609831E-05
   6.25000000      -4.07186199E-05
   6.75000000       4.74423905E-05
   7.25000000      -4.69186270E-05
   7.75000000       2.33254123E-05
   8.25000000      -6.86052246E-08
   8.75000000      -2.20787515E-05
   9.25000000       1.17231957E-05
   9.75000000       1.58989133E-05
   10.2500000      -5.61094967E-05
   10.7500000       5.69777658E-05
   11.2500000      -1.83281263E-05
   11.7500000      -4.84226257E-05
   12.2500000       5.91114076E-05
   12.7500000       1.01650153E-06
   13.2500000      -7.58856913E-05
   13.7500000       3.61889397E-05
   14.2500000       1.75297013E-04
   14.7500000       5.46390584E-05
   15.2500000       5.23889903E-04
   15.7500000       2.13241950E-03
   16.2500000       5.09014213E-03
   16.7500000       9.06684622E-03
   17.2500000       1.36811677E-02
   17.7500000       1.89003572E-02
   18.2500000       2.43974868E-02
   18.7500000       3.03061884E-02
   19.2500000       3.64398137E-02
   19.7500000       4.27496396E-02
   20.2500000       4.93474193E-02
   20.7500000       5.59415221E-02
   21.2500000       6.27913401E-02
   21.7500000       6.96657449E-02
   22.2500000       7.65811577E-02
   22.7500000       8.36859941E-02
   23.2500000       9.06237215E-02
   23.7500000       9.77754891E-02
   24.2500000      0.104808003    
   24.7500000      0.111793943    
   25.2500000      0.118929885    
   25.7500000      0.125680625    
   26.2500000      0.132705376    
   26.7500000      0.139409840    
   27.2500000      0.145806566    
   27.7500000      0.152784362    
   28.2500000      0.158328786    
   28.7500000      0.164588049    
   29.2500000      0.171354383    
   29.7500000      0.173586279    
   30.2500000      0.182415858    
   30.7500000      0.185883656    
   31.2500000      0.181116015    
   31.7500000      0.202582598    
   32.2500000      0.186741829    
   32.7500000      0.173035830    
   33.2500000      0.231033072    
   33.7500000      0.152577698    
   34.2500000       3.20467427E-02
   34.7500000       2.63089966E-03
   35.2500000       4.23127756E-04
   35.7500000      -5.05803982E-05
   36.2500000      -7.12081819E-05
   36.7500000      -1.33326103E-05
   37.2500000       2.29734724E-06
   37.7500000       1.31015099E-06
   38.2500000       3.90916739E-08
   38.7500000      -7.83814613E-08
   39.2500000      -8.98460328E-09
   39.7500000       4.01175360E-09
   40.2500000       6.49575782E-10
   40.7500000      -2.02941441E-10
   41.2500000      -3.36592039E-11
   41.7500000       1.06102314E-11
   42.2500000       1.32015937E-12
   42.7500000      -5.51266064E-13
   43.2500000      -3.08893400E-14
   43.7500000       2.63588217E-14
   44.2500000      -5.96023204E-16
   44.7500000      -1.06027201E-15
   45.2500000       1.20293396E-16
   45.7500000       3.08337661E-17
   46.2500000      -7.97463405E-18
   46.7500000      -2.97914371E-19
   47.2500000       3.36676520E-19
   47.7500000      -3.05846930E-20
   48.2500000      -8.32481596E-21
   48.7500000       2.21291998E-21
   49.2500000      -1.41120526E-23
   49.7500000      -7.47321005E-23
   50.2500000       1.15201634E-23
   50.7500000       7.67365727E-25
   51.2500000      -5.01535084E-25
   51.7500000       5.46796718E-26
   52.2500000       7.30879860E-27
   52.7500000      -2.95412000E-27
   53.2500000       2.68556246E-28
   53.7500000       4.57593973E-29
   54.2500000      -1.62389207E-29
   54.7500000       1.48582712E-30
   55.2500000       2.21129037E-31
   55.7500000      -8.44393974E-32
   56.2500000       9.06045552E-33
   56.7500000       7.69342410E-34
   57.2500000      -4.06483605E-34
   57.7500000       5.55283557E-35
   58.2500000       8.09518778E-37
   58.7500000      -1.71478682E-36
   59.2500000       3.13984351E-37
   59.7500000      -1.48875448E-38
   60.2500000      -5.60969203E-39
   60.7500000       1.53181400E-39
   61.2500000      -1.59575665E-40
   61.7500000      -8.29848951E-42
   62.2500000       5.93029510E-42
   62.7500000      -1.00893489E-42
   63.2500000       5.46506401E-44
   63.7500000       1.54142831E-44
   64.2500000      -4.20389539E-45
   64.7500000       0.00000000    
   65.2500000       0.00000000    
   65.7500000       0.00000000    
   66.2500000       0.00000000    
   66.7500000       0.00000000    
   67.2500000       0.00000000    
   67.7500000       0.00000000    
   68.2500000       0.00000000    
   68.7500000       0.00000000    
   69.2500000       0.00000000    
   69.7500000       0.00000000    
   70.2500000       0.00000000    
   70.7500000       0.00000000    
   71.2500000       0.00000000    
   71.7500000       0.00000000    
   72.2500000       0.00000000    
   72.7500000       0.00000000    
   73.2500000       0.00000000    
   73.7500000       0.00000000    
   74.2500000       0.00000000    
   74.7500000       0.00000000    
   75.2500000       0.00000000    
   75.7500000       0.00000000    
   76.2500000       0.00000000    
   76.7500000       0.00000000    
   77.2500000       0.00000000    
   77.7500000       0.00000000    
   78.2500000       0.00000000    
   78.7500000       0.00000000    
   79.2500000       0.00000000    
   79.7500000       0.00000000    
   80.2500000       0.00000000    
   80.7500000       0.00000000    
   81.2500000       0.00000000    
   81.7500000       0.00000000    
   82.2500000       0.00000000    
   82.7500000       0.00000000    
   83.2500000       0.00000000    
   83.7500000       0.00000000    
   84.2500000       0.00000000    
   84.7500000       0.00000000    
   85.2500000       0.00000000    
   85.7500000       0.00000000    
   86.2500000       0.00000000    
   86.7500000       0.00000000    
   87.2500000       0.00000000    
   87.7500000       0.00000000    
   88.2500000       0.00000000    
   88.7500000       0.00000000    
   89.2500000       0.00000000    
   89.7500000       0.00000000    
   90.2500000       0.00000000    
   90.7500000       0.00000000    
   91.2500000       0.00000000    
   91.7500000       0.00000000    
   92.2500000       0.00000000    
   92.7500000       0.00000000    
   93.2500000       0.00000000    
   93.7500000       0.00000000    
   94.2500000       0.00000000    
   94.7500000       0.00000000    
   95.2500000       0.00000000    
   95.7500000       0.00000000    
   96.2500000       0.00000000    
   96.7500000       0.00000000    
   97.2500000       0.00000000    
   97.7500000       0.00000000    
   98.2500000       0.00000000    
   98.7500000       0.00000000    
   99.2500000       0.00000000    
   99.7500000       0.00000000    
   100.250000       0.00000000    
