   0.00000000       0.00000000    
  0.500000000      -1.50639326E-05
   1.00000000       2.90335865E-05
   1.50000000      -3.95277893E-05
   2.00000000       4.65313497E-05
   2.50000000      -4.68941180E-05
   3.00000000       4.18997588E-05
   3.50000000      -2.94611673E-05
   4.00000000       1.46752436E-05
   4.50000000       2.20735910E-06
   5.00000000      -1.20415370E-05
   5.50000000       1.42207227E-05
   6.00000000      -1.76041067E-06
   6.50000000      -1.75986388E-05
   7.00000000       4.14899368E-05
   7.50000000      -5.15345455E-05
   8.00000000       4.59296971E-05
   8.50000000      -1.69635368E-05
   9.00000000      -1.24216476E-05
   9.50000000       2.78906955E-05
   10.0000000      -2.75310231E-06
   10.5000000      -4.31042899E-05
   11.0000000       8.21750509E-05
   11.5000000      -6.00665298E-05
   12.0000000      -7.35828507E-06
   12.5000000       6.38770434E-05
   13.0000000      -1.69989471E-05
   13.5000000      -7.98878973E-05
   14.0000000       1.06844062E-04
   14.5000000       1.58462150E-04
   15.0000000       5.99897758E-05
   15.5000000       7.78104586E-04
   16.0000000       2.70034326E-03
   16.5000000       5.97994961E-03
   17.0000000       1.00988578E-02
   17.5000000       1.48502961E-02
   18.0000000       2.01069545E-02
   18.5000000       2.56031659E-02
   19.0000000       3.15193050E-02
   19.5000000       3.75419483E-02
   20.0000000       4.38029282E-02
   20.5000000       5.02447039E-02
   21.0000000       5.66755347E-02
   21.5000000       6.33726716E-02
   22.0000000       6.99665472E-02
   22.5000000       7.66965896E-02
   23.0000000       8.34825039E-02
   23.5000000       9.01179537E-02
   24.0000000       9.69844162E-02
   24.5000000      0.103580244    
   25.0000000      0.110279694    
   25.5000000      0.116947874    
   26.0000000      0.123279013    
   26.5000000      0.129954353    
   27.0000000      0.136025265    
   27.5000000      0.142143488    
   28.0000000      0.148591712    
   28.5000000      0.153347641    
   29.0000000      0.159852192    
   29.5000000      0.165261179    
   30.0000000      0.167070627    
   30.5000000      0.177421466    
   31.0000000      0.176038936    
   31.5000000      0.175165042    
   32.0000000      0.197822884    
   32.5000000      0.168700933    
   33.0000000      0.174558461    
   33.5000000      0.225989312    
   34.0000000      0.115930110    
   34.5000000       1.59987006E-02
   35.0000000       9.84919257E-04
   35.5000000       2.39722140E-04
   36.0000000      -9.40276077E-05
   36.5000000      -5.43856040E-05
   37.0000000      -4.79874461E-06
   37.5000000       2.85845044E-06
   38.0000000       8.07462641E-07
   38.5000000      -7.86798680E-08
   39.0000000      -5.94714606E-08
   39.5000000       2.24019470E-10
   40.0000000       3.46836826E-09
   40.5000000       9.52496970E-11
   41.0000000      -1.84898666E-10
   41.5000000      -4.12678919E-12
   42.0000000       9.32688649E-12
   42.5000000      -1.07018181E-13
   43.0000000      -4.33470588E-13
   43.5000000       2.93670931E-14
   44.0000000       1.73067720E-14
   44.5000000      -2.59156951E-15
   45.0000000      -5.11469728E-16
   45.5000000       1.54617513E-16
   46.0000000       5.12072031E-18
   46.5000000      -6.66505576E-18
   47.0000000       5.60992806E-19
   47.5000000       1.86012421E-19
   48.0000000      -4.43033380E-20
   48.5000000      -1.01445362E-21
   49.0000000       1.73385740E-21
   49.5000000      -2.07911246E-22
   50.0000000      -3.03064740E-23
   50.5000000       1.16631412E-23
   51.0000000      -7.60885728E-25
   51.5000000      -2.69707082E-25
   52.0000000       6.83042056E-26
   52.5000000      -2.42956679E-27
   53.0000000      -1.78366670E-27
   53.5000000       3.80076858E-28
   54.0000000      -9.91211744E-30
   54.5000000      -1.00073306E-29
   55.0000000       2.08604995E-30
   55.5000000      -7.44345416E-32
   56.0000000      -4.87490614E-32
   56.5000000       1.12362463E-32
   57.0000000      -6.78612062E-34
   57.5000000      -1.97264276E-34
   58.0000000       5.72780400E-35
   58.5000000      -5.46585071E-36
   59.0000000      -5.48037381E-37
   59.5000000       2.60753753E-37
   60.0000000      -3.66233333E-38
   60.5000000       1.70836500E-40
   61.0000000       9.63604290E-40
   61.5000000      -2.00565047E-40
   62.0000000       1.52209039E-41
   62.5000000       2.20143989E-42
   63.0000000      -8.58995959E-43
   63.5000000       1.19110369E-43
   64.0000000      -2.80259693E-45
   64.5000000      -2.80259693E-45
   65.0000000       0.00000000    
   65.5000000       0.00000000    
   66.0000000       0.00000000    
   66.5000000       0.00000000    
   67.0000000       0.00000000    
   67.5000000       0.00000000    
   68.0000000       0.00000000    
   68.5000000       0.00000000    
   69.0000000       0.00000000    
   69.5000000       0.00000000    
   70.0000000       0.00000000    
   70.5000000       0.00000000    
   71.0000000       0.00000000    
   71.5000000       0.00000000    
   72.0000000       0.00000000    
   72.5000000       0.00000000    
   73.0000000       0.00000000    
   73.5000000       0.00000000    
   74.0000000       0.00000000    
   74.5000000       0.00000000    
   75.0000000       0.00000000    
   75.5000000       0.00000000    
   76.0000000       0.00000000    
   76.5000000       0.00000000    
   77.0000000       0.00000000    
   77.5000000       0.00000000    
   78.0000000       0.00000000    
   78.5000000       0.00000000    
   79.0000000       0.00000000    
   79.5000000       0.00000000    
   80.0000000       0.00000000    
   80.5000000       0.00000000    
   81.0000000       0.00000000    
   81.5000000       0.00000000    
   82.0000000       0.00000000    
   82.5000000       0.00000000    
   83.0000000       0.00000000    
   83.5000000       0.00000000    
   84.0000000       0.00000000    
   84.5000000       0.00000000    
   85.0000000       0.00000000    
   85.5000000       0.00000000    
   86.0000000       0.00000000    
   86.5000000       0.00000000    
   87.0000000       0.00000000    
   87.5000000       0.00000000    
   88.0000000       0.00000000    
   88.5000000       0.00000000    
   89.0000000       0.00000000    
   89.5000000       0.00000000    
   90.0000000       0.00000000    
   90.5000000       0.00000000    
   91.0000000       0.00000000    
   91.5000000       0.00000000    
   92.0000000       0.00000000    
   92.5000000       0.00000000    
   93.0000000       0.00000000    
   93.5000000       0.00000000    
   94.0000000       0.00000000    
   94.5000000       0.00000000    
   95.0000000       0.00000000    
   95.5000000       0.00000000    
   96.0000000       0.00000000    
   96.5000000       0.00000000    
   97.0000000       0.00000000    
   97.5000000       0.00000000    
   98.0000000       0.00000000    
   98.5000000       0.00000000    
   99.0000000       0.00000000    
   99.5000000       0.00000000    
   100.000000       0.00000000    
