 -0.250000000       1.23836435E-04
  0.250000000       1.23836435E-04
  0.750000000      -1.10678280E-04
   1.25000000      -1.49024243E-04
   1.75000000       9.99808544E-05
   2.25000000       1.84929057E-04
   2.75000000      -7.82647985E-05
   3.25000000      -2.13926789E-04
   3.75000000       3.66113090E-05
   4.25000000       2.00665600E-04
   4.75000000       2.23146781E-05
   5.25000000      -1.07846892E-04
   5.75000000      -8.38763008E-05
   6.25000000      -5.93991354E-05
   6.75000000       1.26924919E-04
   7.25000000       1.93536500E-04
   7.75000000      -9.15142009E-05
   8.25000000      -1.51674161E-04
   8.75000000      -1.17983043E-04
   9.25000000       5.63092326E-05
   9.75000000       2.25348311E-04
   10.2500000       8.72700402E-05
   10.7500000      -7.20847456E-05
   11.2500000      -2.16368571E-04
   11.7500000      -1.57586037E-04
   12.2500000       1.35900977E-04
   12.7500000       1.73219669E-04
   13.2500000       1.90626757E-04
   13.7500000      -3.19862738E-06
   14.2500000      -2.99434294E-04
   14.7500000      -2.09148900E-04
   15.2500000       3.00858301E-05
   15.7500000       1.36053699E-04
   16.2500000       2.45389558E-04
   16.7500000       2.29333673E-04
   17.2500000      -9.66286025E-05
   17.7500000      -3.84578656E-04
   18.2500000      -2.67528230E-04
   18.7500000       4.75903362E-05
   19.2500000       2.10604514E-04
   19.7500000       2.34423002E-04
   20.2500000       2.32244638E-04
   20.7500000       9.76159718E-05
   21.2500000      -2.31026686E-04
   21.7500000      -4.82872885E-04
   22.2500000      -3.42647952E-04
   22.7500000       1.04676263E-04
   23.2500000       4.47039172E-04
   23.7500000       4.24462778E-04
   24.2500000       1.59595918E-04
   24.7500000      -8.69037322E-05
   25.2500000      -2.25750802E-04
   25.7500000      -3.23506363E-04
   26.2500000      -3.77189222E-04
   26.7500000      -2.54683109E-04
   27.2500000       1.10297406E-04
   27.7500000       5.38179302E-04
   28.2500000       7.01585028E-04
   28.7500000       4.22131910E-04
   29.2500000      -1.44980280E-04
   29.7500000      -6.26413908E-04
   30.2500000      -7.32210814E-04
   30.7500000      -4.57226881E-04
   31.2500000      -2.92161712E-05
   31.7500000       3.09150433E-04
   32.2500000       4.66802478E-04
   32.7500000       4.94315987E-04
   33.2500000       4.54567373E-04
   33.7500000       3.27929592E-04
   34.2500000       4.78393194E-05
   34.7500000      -3.81672056E-04
   35.2500000      -8.09023739E-04
   35.7500000      -9.91680892E-04
   36.2500000      -7.51786574E-04
   36.7500000      -1.18783035E-04
   37.2500000       6.52928487E-04
   37.7500000       1.21227384E-03
   38.2500000       1.30033749E-03
   38.7500000       8.84587760E-04
   39.2500000       1.60358701E-04
   39.7500000      -5.67955023E-04
   40.2500000      -1.04500621E-03
   40.7500000      -1.16756326E-03
   41.2500000      -9.89128835E-04
   41.7500000      -6.42111816E-04
   42.2500000      -2.42952767E-04
   42.7500000       1.59379124E-04
   43.2500000       5.68670745E-04
   43.7500000       9.81708756E-04
   44.2500000       1.33498828E-03
   44.7500000       1.49860850E-03
   45.2500000       1.32753048E-03
   45.7500000       7.43840938E-04
   46.2500000      -1.94647931E-04
   46.7500000      -1.28163816E-03
   47.2500000      -2.21514120E-03
   47.7500000      -2.69813766E-03
   48.2500000      -2.54453602E-03
   48.7500000      -1.74779422E-03
   49.2500000      -4.84792981E-04
   49.7500000       9.42081329E-04
   50.2500000       2.20087729E-03
   50.7500000       3.02702235E-03
   51.2500000       3.28577310E-03
   51.7500000       2.98687839E-03
   52.2500000       2.25074240E-03
   52.7500000       1.24910742E-03
   53.2500000       1.44311518E-04
   53.7500000      -9.48779518E-04
   54.2500000      -1.96981989E-03
   54.7500000      -2.89178314E-03
   55.2500000      -3.68420035E-03
   55.7500000      -4.28302353E-03
   56.2500000      -4.57882322E-03
   56.7500000      -4.43145353E-03
   57.2500000      -3.70776863E-03
   57.7500000      -2.32952717E-03
   58.2500000      -3.16380523E-04
   58.7500000       2.18980713E-03
   59.2500000       4.93044453E-03
   59.7500000       7.56160822E-03
   60.2500000       9.70770232E-03
   60.7500000       1.10247862E-02
   61.2500000       1.12564676E-02
   61.7500000       1.02753295E-02
   62.2500000       8.09778366E-03
   62.7500000       4.87450371E-03
   63.2500000       8.60122032E-04
   63.7500000      -3.63010773E-03
   64.2500000      -8.26576725E-03
   64.7500000      -1.27403680E-02
   65.2500000      -1.67966001E-02
   65.7500000      -2.02354081E-02
   66.2500000      -2.29100324E-02
   66.7500000      -2.47091614E-02
   67.2500000      -2.55347807E-02
   67.7500000      -2.52818055E-02
   68.2500000      -2.38237511E-02
   68.7500000      -2.10096929E-02
   69.2500000      -1.66718345E-02
   69.7500000      -1.06439395E-02
   70.2500000      -2.78585730E-03
   70.7500000       6.98902272E-03
   71.2500000       1.86871886E-02
   71.7500000       3.22163701E-02
   72.2500000       4.73744199E-02
   72.7500000       6.38501644E-02
   73.2500000       8.12342092E-02
   73.7500000       9.90402624E-02
   74.2500000      0.116732135    
   74.7500000      0.133757576    
   75.2500000      0.149579823    
   75.7500000      0.163709998    
   76.2500000      0.175732866    
   76.7500000      0.185327053    
   77.2500000      0.192277461    
   77.7500000      0.196480155    
   78.2500000      0.197939247    
   78.7500000      0.196758300    
   79.2500000      0.193127245    
   79.7500000      0.187304035    
   80.2500000      0.179596752    
   80.7500000      0.170344159    
   81.2500000      0.159897745    
   81.7500000      0.148605257    
   82.2500000      0.136797637    
   82.7500000      0.124777570    
   83.2500000      0.112812743    
   83.7500000      0.101130538    
   84.2500000       8.99163634E-02
   84.7500000       7.93137178E-02
   85.2500000       6.94264174E-02
   85.7500000       6.03218414E-02
   86.2500000       5.20352796E-02
   86.7500000       4.45747972E-02
   87.2500000       3.79261039E-02
   87.7500000       3.20574567E-02
   88.2500000       2.69241221E-02
   88.7500000       2.24725418E-02
   89.2500000       1.86437350E-02
   89.7500000       1.53763397E-02
   90.2500000       1.26089258E-02
   90.7500000       1.02818515E-02
   91.2500000       8.33861809E-03
   91.7500000       6.72675762E-03
   92.2500000       5.39840758E-03
   92.7500000       4.31056647E-03
   93.2500000       3.42512596E-03
   93.7500000       2.70873844E-03
   94.2500000       2.13254872E-03
   94.7500000       1.67186162E-03
   95.2500000       1.30575756E-03
   95.7500000       1.01669470E-03
   96.2500000       7.90113350E-04
   96.7500000       6.14063232E-04
   97.2500000       4.78858012E-04
   97.7500000       3.76769050E-04
   98.2500000       3.01760359E-04
   98.7500000       2.49267527E-04
   99.2500000       2.16020751E-04
   99.7500000       1.99913149E-04
   100.250000       1.99913149E-04
