   0.00000000       0.00000000    
  0.500000000      -5.80836568E-05
   1.00000000      -1.94328095E-05
   1.50000000       3.96219002E-05
   2.00000000       3.13402088E-05
   2.50000000      -2.93647827E-06
   3.00000000      -2.71066383E-05
   3.50000000      -4.68038706E-05
   4.00000000       1.57633622E-07
   4.50000000       9.43318155E-05
   5.00000000       4.39600553E-05
   5.50000000      -1.10048983E-04
   6.00000000      -8.13917650E-05
   6.50000000       5.98617080E-05
   7.00000000       8.38501146E-05
   7.50000000       5.69548574E-05
   8.00000000      -5.45572184E-05
   8.50000000      -1.37887109E-04
   9.00000000      -1.41982346E-05
   9.50000000       7.11221292E-05
   10.0000000       1.45469356E-04
   10.5000000       1.03331295E-05
   11.0000000      -8.22419679E-05
   11.5000000      -1.61633623E-04
   12.0000000      -2.82181136E-05
   12.5000000       1.07679778E-04
   13.0000000       1.37951371E-04
   13.5000000       1.00088975E-04
   14.0000000      -9.17727157E-05
   14.5000000      -2.04450203E-04
   15.0000000      -9.28911031E-05
   15.5000000       4.53664288E-05
   16.0000000       1.38058036E-04
   16.5000000       1.94764871E-04
   17.0000000       8.59412175E-05
   17.5000000      -1.59656731E-04
   18.0000000      -2.65329290E-04
   18.5000000      -1.23368169E-04
   19.0000000       7.41292970E-05
   19.5000000       1.72342989E-04
   20.0000000       1.96428009E-04
   20.5000000       1.53340443E-04
   21.0000000      -2.06253389E-05
   21.5000000      -2.61794863E-04
   22.0000000      -3.45006556E-04
   22.5000000      -1.46708902E-04
   23.0000000       1.74347748E-04
   23.5000000       3.47195659E-04
   24.0000000       2.74340418E-04
   24.5000000       7.58741226E-05
   25.0000000      -1.01254162E-04
   25.5000000      -2.21036084E-04
   26.0000000      -2.97104882E-04
   26.5000000      -2.82203226E-04
   27.0000000      -9.87548119E-05
   27.5000000       2.22664676E-04
   28.0000000       4.92872496E-04
   28.5000000       4.96352150E-04
   29.0000000       1.88343285E-04
   29.5000000      -2.48316501E-04
   30.0000000      -5.41642483E-04
   30.5000000      -5.35299361E-04
   31.0000000      -2.79419677E-04
   31.5000000       4.90191087E-05
   32.0000000       2.96306273E-04
   32.5000000       4.15700575E-04
   33.0000000       4.34684567E-04
   33.5000000       3.71745264E-04
   34.0000000       2.01237825E-04
   34.5000000      -9.84365470E-05
   35.0000000      -4.69762133E-04
   35.5000000      -7.56950816E-04
   36.0000000      -7.80387316E-04
   36.5000000      -4.56790789E-04
   37.0000000       1.22611003E-04
   37.5000000       7.19223986E-04
   38.0000000       1.06643059E-03
   38.5000000       1.00892805E-03
   39.0000000       5.76853694E-04
   39.5000000      -4.24274767E-05
   40.0000000      -6.09171577E-04
   40.5000000      -9.45174310E-04
   41.0000000      -9.95008508E-04
   41.5000000      -8.11960199E-04
   42.0000000      -4.94906213E-04
   42.5000000      -1.24012076E-04
   43.0000000       2.64489645E-04
   43.5000000       6.57614903E-04
   44.0000000       1.02241884E-03
   44.5000000       1.27819483E-03
   45.0000000       1.30886096E-03
   45.5000000       1.01387780E-03
   46.0000000       3.72139039E-04
   46.5000000      -5.17661392E-04
   47.0000000      -1.44511799E-03
   47.5000000      -2.14705919E-03
   48.0000000      -2.39462079E-03
   48.5000000      -2.07412406E-03
   49.0000000      -1.22855837E-03
   49.5000000      -4.58579743E-05
   50.0000000       1.20061834E-03
   50.5000000       2.23426754E-03
   51.0000000       2.85046943E-03
   51.5000000       2.95988726E-03
   52.0000000       2.59046303E-03
   52.5000000       1.85435638E-03
   53.0000000       8.97438615E-04
   53.5000000      -1.46216364E-04
   54.0000000      -1.18104531E-03
   54.5000000      -2.14924384E-03
   55.0000000      -3.01116938E-03
   55.5000000      -3.71748814E-03
   56.0000000      -4.18883422E-03
   56.5000000      -4.31415811E-03
   57.0000000      -3.96995666E-03
   57.5000000      -3.05599836E-03
   58.0000000      -1.53592799E-03
   58.5000000       5.30304620E-04
   59.0000000       2.97366502E-03
   59.5000000       5.52772172E-03
   60.0000000       7.86373205E-03
   60.5000000       9.64154582E-03
   61.0000000       1.05645284E-02
   61.5000000       1.04276277E-02
   62.0000000       9.14777070E-03
   62.5000000       6.77222200E-03
   63.0000000       3.46567365E-03
   63.5000000      -5.20561822E-04
   64.0000000      -4.88781556E-03
   64.5000000      -9.32958350E-03
   65.0000000      -1.35644572E-02
   65.5000000      -1.73552558E-02
   66.0000000      -2.05151029E-02
   66.5000000      -2.28999872E-02
   67.0000000      -2.43930407E-02
   67.5000000      -2.48860084E-02
   68.0000000      -2.42621619E-02
   68.5000000      -2.23875791E-02
   69.0000000      -1.91103369E-02
   69.5000000      -1.42711960E-02
   70.0000000      -7.72164902E-03
   70.5000000       6.52537216E-04
   71.0000000       1.09056830E-02
   71.5000000       2.30105035E-02
   72.0000000       3.68420333E-02
   72.5000000       5.21708578E-02
   73.0000000       6.86662421E-02
   73.5000000       8.59094039E-02
   74.0000000      0.103414945    
   74.5000000      0.120658591    
   75.0000000      0.137108043    
   75.5000000      0.152254328    
   76.0000000      0.165640429    
   76.5000000      0.176885083    
   77.0000000      0.185700312    
   77.5000000      0.191901922    
   78.0000000      0.195412159    
   78.5000000      0.196256340    
   79.0000000      0.194553211    
   79.5000000      0.190501198    
   80.0000000      0.184361517    
   80.5000000      0.176440328    
   81.0000000      0.167070225    
   81.5000000      0.156593323    
   82.0000000      0.145345896    
   82.5000000      0.133645967    
   83.0000000      0.121783309    
   83.5000000      0.110012643    
   84.0000000       9.85495150E-02
   84.5000000       8.75686482E-02
   85.0000000       7.72044510E-02
   85.5000000       6.75531253E-02
   86.0000000       5.86761050E-02
   86.5000000       5.06042801E-02
   87.0000000       4.33426350E-02
   87.5000000       3.68750095E-02
   88.0000000       3.11688092E-02
   88.5000000       2.61792578E-02
   89.0000000       2.18533259E-02
   89.5000000       1.81330610E-02
   90.0000000       1.49583882E-02
   90.5000000       1.22693572E-02
   91.0000000       1.00078797E-02
   91.5000000       8.11898522E-03
   92.0000000       6.55168062E-03
   92.5000000       5.25946822E-03
   93.0000000       4.20057122E-03
   93.5000000       3.33795464E-03
   94.0000000       2.63917493E-03
   94.5000000       2.07611313E-03
   95.0000000       1.62463449E-03
   95.5000000       1.26420008E-03
   96.0000000       9.77460295E-04
   96.5000000       7.49847270E-04
   97.0000000       5.69178723E-04
   97.5000000       4.25283011E-04
   98.0000000       3.09647730E-04
   98.5000000       2.15094755E-04
   99.0000000       1.35479873E-04
   99.5000000       6.54136529E-05
   100.000000       0.00000000    
