 -0.250000000      -2.59476769E-06
  0.250000000      -2.59476769E-06
  0.750000000      -1.86712396E-06
   1.25000000      -4.49884010E-06
   1.75000000       1.68222505E-06
   2.25000000      -1.03498705E-05
   2.75000000       9.46629098E-06
   3.25000000      -1.91609943E-05
   3.75000000       1.73954595E-05
   4.25000000      -2.43904051E-05
   4.75000000       1.71577358E-05
   5.25000000      -1.71790562E-05
   5.75000000       2.54740689E-06
   6.25000000       2.96181224E-06
   6.75000000      -1.96410801E-05
   7.25000000       2.09977588E-05
   7.75000000      -2.80105487E-05
   8.25000000       1.42558456E-05
   8.75000000      -6.41290990E-06
   9.25000000      -1.75628520E-05
   9.75000000       2.42322476E-05
   10.2500000      -3.51227536E-05
   10.7500000       1.83210796E-05
   11.2500000      -7.93281470E-06
   11.7500000      -1.73959925E-05
   12.2500000       1.27212443E-05
   12.7500000      -5.33524826E-06
   13.2500000      -3.36363373E-05
   13.7500000       4.83877739E-05
   14.2500000      -5.58109859E-05
   14.7500000       1.10725423E-05
   15.2500000       2.15507225E-05
   15.7500000      -4.84406810E-05
   16.2500000       5.48787602E-06
   16.7500000       2.81112752E-05
   17.2500000      -4.11060209E-05
   17.7500000      -4.11728397E-05
   18.2500000       8.93578908E-05
   18.7500000      -5.83930596E-05
   19.2500000      -8.32036603E-05
   19.7500000       1.01762111E-04
   20.2500000       1.08579792E-04
   20.7500000       6.66839624E-05
   21.2500000       4.66367026E-04
   21.7500000       2.06624088E-03
   22.2500000       4.80388012E-03
   22.7500000       8.36059265E-03
   23.2500000       1.26278903E-02
   23.7500000       1.72001328E-02
   24.2500000       2.21539512E-02
   24.7500000       2.74097919E-02
   25.2500000       3.27491350E-02
   25.7500000       3.84244733E-02
   26.2500000       4.41545844E-02
   26.7500000       4.99758273E-02
   27.2500000       5.60606085E-02
   27.7500000       6.20258935E-02
   28.2500000       6.81949109E-02
   28.7500000       7.44555891E-02
   29.2500000       8.05596858E-02
   29.7500000       8.69401917E-02
   30.2500000       9.32466835E-02
   30.7500000       9.93770510E-02
   31.2500000      0.105854571    
   31.7500000      0.112237275    
   32.2500000      0.117873609    
   32.7500000      0.124965779    
   33.2500000      0.131024286    
   33.7500000      0.135048568    
   34.2500000      0.145385221    
   34.7500000      0.147756651    
   35.2500000      0.150195718    
   35.7500000      0.169708550    
   36.2500000      0.157312080    
   36.7500000      0.164469257    
   37.2500000      0.201083243    
   37.7500000      0.151309788    
   38.2500000      0.179262638    
   38.7500000      0.242326707    
   39.2500000      0.123998456    
   39.7500000      0.180898130    
   40.2500000      0.297061056    
   40.7500000       8.73110220E-02
   41.2500000      -5.46724908E-03
   41.7500000      -1.06719881E-03
   42.2500000       1.84142555E-04
   42.7500000      -2.97025508E-05
   43.2500000      -2.23873644E-06
   43.7500000       2.61325317E-06
   44.2500000       1.85564730E-07
   44.7500000      -1.13862171E-07
   45.2500000      -2.39916034E-08
   45.7500000       3.90804811E-09
   46.2500000       1.88287674E-09
   46.7500000      -1.17769086E-10
   47.2500000      -1.16094717E-10
   47.7500000       4.02806347E-12
   48.2500000       6.35366239E-12
   48.7500000      -2.49134074E-13
   49.2500000      -3.20373719E-13
   49.7500000       2.17465291E-14
   50.2500000       1.46617287E-14
   50.7500000      -1.75199204E-15
   51.2500000      -5.74477121E-16
   51.7500000       1.17469666E-16
   52.2500000       1.65918600E-17
   52.7500000      -6.44161608E-18
   53.2500000      -1.30519950E-19
   53.7500000       2.80320653E-19
   54.2500000      -2.31079366E-20
   54.7500000      -8.76618791E-21
   55.2500000       1.89758605E-21
   55.7500000       1.16733390E-22
   56.2500000      -8.67197128E-23
   56.7500000       6.62690808E-24
   57.2500000       2.34093843E-24
   57.7500000      -5.58977519E-25
   58.2500000      -6.37203012E-27
   58.7500000       2.07645616E-26
   59.2500000      -2.82114532E-27
   59.7500000      -2.95572950E-28
   60.2500000       1.41747698E-28
   60.7500000      -1.21704870E-29
   61.2500000      -2.79548844E-30
   61.7500000       8.54962056E-31
   62.2500000      -4.95771913E-32
   62.7500000      -1.93291297E-32
   63.2500000       4.86846561E-33
   63.7500000      -2.26606773E-34
   64.2500000      -1.13058071E-34
   64.7500000       2.70145362E-35
   65.2500000      -1.35394399E-36
   65.7500000      -5.78378161E-37
   66.2500000       1.46634943E-37
   66.7500000      -9.76780279E-39
   67.2500000      -2.53109255E-39
   67.7500000       7.64108434E-40
   68.2500000      -7.12448165E-41
   68.7500000      -8.48766480E-42
   69.2500000       3.68541496E-42
   69.7500000      -4.75040179E-43
   70.2500000      -1.12103877E-44
   70.7500000       1.54142831E-44
   71.2500000      -2.80259693E-45
   71.7500000       0.00000000    
   72.2500000       0.00000000    
   72.7500000       0.00000000    
   73.2500000       0.00000000    
   73.7500000       0.00000000    
   74.2500000       0.00000000    
   74.7500000       0.00000000    
   75.2500000       0.00000000    
   75.7500000       0.00000000    
   76.2500000       0.00000000    
   76.7500000       0.00000000    
   77.2500000       0.00000000    
   77.7500000       0.00000000    
   78.2500000       0.00000000    
   78.7500000       0.00000000    
   79.2500000       0.00000000    
   79.7500000       0.00000000    
   80.2500000       0.00000000    
   80.7500000       0.00000000    
   81.2500000       0.00000000    
   81.7500000       0.00000000    
   82.2500000       0.00000000    
   82.7500000       0.00000000    
   83.2500000       0.00000000    
   83.7500000       0.00000000    
   84.2500000       0.00000000    
   84.7500000       0.00000000    
   85.2500000       0.00000000    
   85.7500000       0.00000000    
   86.2500000       0.00000000    
   86.7500000       0.00000000    
   87.2500000       0.00000000    
   87.7500000       0.00000000    
   88.2500000       0.00000000    
   88.7500000       0.00000000    
   89.2500000       0.00000000    
   89.7500000       0.00000000    
   90.2500000       0.00000000    
   90.7500000       0.00000000    
   91.2500000       0.00000000    
   91.7500000       0.00000000    
   92.2500000       0.00000000    
   92.7500000       0.00000000    
   93.2500000       0.00000000    
   93.7500000       0.00000000    
   94.2500000       0.00000000    
   94.7500000       0.00000000    
   95.2500000       0.00000000    
   95.7500000       0.00000000    
   96.2500000       0.00000000    
   96.7500000       0.00000000    
   97.2500000       0.00000000    
   97.7500000       0.00000000    
   98.2500000       0.00000000    
   98.7500000       0.00000000    
   99.2500000       0.00000000    
   99.7500000       0.00000000    
   100.250000       0.00000000    
