   0.00000000       0.00000000    
  0.500000000       8.33060494E-06
   1.00000000      -1.53666042E-05
   1.50000000       2.14053398E-05
   2.00000000      -2.38580960E-05
   2.50000000       2.48687720E-05
   3.00000000      -2.08169768E-05
   3.50000000       1.64379981E-05
   4.00000000      -7.39419193E-06
   4.50000000       1.43448597E-06
   5.00000000       6.46027365E-06
   5.50000000      -6.66895176E-06
   6.00000000       6.23366986E-06
   6.50000000       4.79774280E-06
   7.00000000      -1.45436716E-05
   7.50000000       3.17252452E-05
   8.00000000      -3.89303386E-05
   8.50000000       4.54158362E-05
   9.00000000      -3.38674217E-05
   9.50000000       2.09533810E-05
   10.0000000       4.93734842E-06
   10.5000000      -1.64414887E-05
   11.0000000       2.49399272E-05
   11.5000000      -6.38698612E-06
   12.0000000      -1.01681435E-05
   12.5000000       3.42888670E-05
   13.0000000      -2.40125537E-05
   13.5000000       2.75412458E-06
   14.0000000       4.56808557E-05
   14.5000000      -6.09514464E-05
   15.0000000       5.47090458E-05
   15.5000000       2.37667700E-06
   16.0000000      -3.08704111E-05
   16.5000000       2.99903495E-05
   17.0000000       3.75231029E-05
   17.5000000      -5.59756991E-05
   18.0000000       1.27776948E-05
   18.5000000       1.02929953E-04
   19.0000000      -9.44496787E-05
   19.5000000      -1.98849302E-05
   20.0000000       1.45948725E-04
   20.5000000       1.11139605E-04
   21.0000000       9.24253982E-05
   21.5000000       7.15801900E-04
   22.0000000       2.65318807E-03
   22.5000000       5.59809385E-03
   23.0000000       9.34655778E-03
   23.5000000       1.36996135E-02
   24.0000000       1.82889905E-02
   24.5000000       2.33022720E-02
   25.0000000       2.84940153E-02
   25.5000000       3.38023379E-02
   26.0000000       3.94328013E-02
   26.5000000       4.50060628E-02
   27.0000000       5.07656224E-02
   27.5000000       5.66795394E-02
   28.0000000       6.24473803E-02
   28.5000000       6.84959739E-02
   29.0000000       7.44706094E-02
   29.5000000       8.03649053E-02
   30.0000000       8.65318403E-02
   30.5000000       9.24835727E-02
   31.0000000       9.83434767E-02
   31.5000000      0.104606085    
   32.0000000      0.110465229    
   32.5000000      0.115786776    
   33.0000000      0.122967385    
   33.5000000      0.127614841    
   34.0000000      0.132160604    
   34.5000000      0.142745614    
   35.0000000      0.141268358    
   35.5000000      0.148330614    
   36.0000000      0.165395275    
   36.5000000      0.145735785    
   37.0000000      0.168147609    
   37.5000000      0.191146672    
   38.0000000      0.133050352    
   38.5000000      0.195399880    
   39.0000000      0.220449507    
   39.5000000       9.67179686E-02
   40.0000000      0.215969414    
   40.5000000      0.263218164    
   41.0000000       4.12485749E-02
   41.5000000      -8.03506374E-03
   42.0000000       1.49668194E-05
   42.5000000       1.11469140E-04
   43.0000000      -3.34033139E-05
   43.5000000       2.62900312E-06
   44.0000000       1.87489854E-06
   44.5000000      -6.87835211E-08
   45.0000000      -9.51219334E-08
   45.5000000      -8.84586626E-09
   46.0000000       4.82158002E-09
   46.5000000       1.00078235E-09
   47.0000000      -2.41523024E-10
   47.5000000      -6.76428497E-11
   48.0000000       1.25092549E-11
   48.5000000       3.72288225E-12
   49.0000000      -6.96962995E-13
   49.5000000      -1.75568707E-13
   50.0000000       4.04862775E-14
   50.5000000       6.79258294E-15
   51.0000000      -2.27552437E-15
   51.5000000      -1.75061196E-16
   52.0000000       1.15195409E-16
   52.5000000      -1.14168295E-18
   53.0000000      -4.90271686E-18
   53.5000000       4.95608004E-19
   54.0000000       1.56296617E-19
   54.5000000      -3.64799058E-20
   55.0000000      -2.31325481E-21
   55.5000000       1.70839393E-21
   56.0000000      -1.13872640E-22
   56.5000000      -5.13352433E-23
   57.0000000       1.08989906E-23
   57.5000000       4.60852196E-25
   58.0000000      -4.62594937E-25
   58.5000000       4.84505734E-26
   59.0000000       9.50262925E-27
   59.5000000      -3.11122504E-27
   60.0000000       1.40187213E-28
   60.5000000       8.51900504E-29
   61.0000000      -1.81705231E-29
   61.5000000       5.64632254E-32
   62.0000000       5.93426835E-31
   62.5000000      -1.00247792E-31
   63.0000000      -2.38221571E-33
   63.5000000       3.62693309E-33
   64.0000000      -5.52314653E-34
   64.5000000      -1.73034261E-35
   65.0000000       2.02960608E-35
   65.5000000      -3.11235626E-36
   66.0000000      -5.57720152E-38
   66.5000000       1.04663139E-37
   67.0000000      -1.77368372E-38
   67.5000000       2.01007857E-40
   68.0000000       4.86492992E-40
   68.5000000      -9.86640236E-41
   69.0000000       4.81626282E-42
   69.5000000       1.91697630E-42
   70.0000000      -5.12875238E-43
   70.5000000       4.76441478E-44
   71.0000000       4.20389539E-45
   71.5000000      -2.80259693E-45
   72.0000000       0.00000000    
   72.5000000       0.00000000    
   73.0000000       0.00000000    
   73.5000000       0.00000000    
   74.0000000       0.00000000    
   74.5000000       0.00000000    
   75.0000000       0.00000000    
   75.5000000       0.00000000    
   76.0000000       0.00000000    
   76.5000000       0.00000000    
   77.0000000       0.00000000    
   77.5000000       0.00000000    
   78.0000000       0.00000000    
   78.5000000       0.00000000    
   79.0000000       0.00000000    
   79.5000000       0.00000000    
   80.0000000       0.00000000    
   80.5000000       0.00000000    
   81.0000000       0.00000000    
   81.5000000       0.00000000    
   82.0000000       0.00000000    
   82.5000000       0.00000000    
   83.0000000       0.00000000    
   83.5000000       0.00000000    
   84.0000000       0.00000000    
   84.5000000       0.00000000    
   85.0000000       0.00000000    
   85.5000000       0.00000000    
   86.0000000       0.00000000    
   86.5000000       0.00000000    
   87.0000000       0.00000000    
   87.5000000       0.00000000    
   88.0000000       0.00000000    
   88.5000000       0.00000000    
   89.0000000       0.00000000    
   89.5000000       0.00000000    
   90.0000000       0.00000000    
   90.5000000       0.00000000    
   91.0000000       0.00000000    
   91.5000000       0.00000000    
   92.0000000       0.00000000    
   92.5000000       0.00000000    
   93.0000000       0.00000000    
   93.5000000       0.00000000    
   94.0000000       0.00000000    
   94.5000000       0.00000000    
   95.0000000       0.00000000    
   95.5000000       0.00000000    
   96.0000000       0.00000000    
   96.5000000       0.00000000    
   97.0000000       0.00000000    
   97.5000000       0.00000000    
   98.0000000       0.00000000    
   98.5000000       0.00000000    
   99.0000000       0.00000000    
   99.5000000       0.00000000    
   100.000000       0.00000000    
