   0.00000000       0.00000000    
  0.500000000      -3.13296846E-06
   1.00000000      -2.31633385E-06
   1.50000000       1.60619629E-06
   2.00000000       3.66283552E-06
   2.50000000       1.23838015E-06
   3.00000000      -2.30865817E-06
   3.50000000      -2.55342366E-06
   4.00000000       9.45221984E-07
   4.50000000       3.99086775E-06
   5.00000000       2.68633221E-06
   5.50000000      -1.30577223E-06
   6.00000000      -2.95902009E-06
   6.50000000      -3.76397224E-09
   7.00000000       4.02399246E-06
   7.50000000       4.12031250E-06
   8.00000000       6.23011033E-07
   8.50000000      -2.18068408E-06
   9.00000000      -8.67635265E-07
   9.50000000       2.57027386E-06
   10.0000000       4.16949297E-06
   10.5000000       2.46182913E-06
   11.0000000       1.62248227E-07
   11.5000000      -4.22000653E-07
   12.0000000       7.42937175E-07
   12.5000000       2.17098841E-06
   13.0000000       3.09170446E-06
   13.5000000       3.34412744E-06
   14.0000000       2.35799916E-06
   14.5000000       1.52087978E-07
   15.0000000      -8.23634423E-07
   15.5000000       1.45747549E-06
   16.0000000       5.17095032E-06
   16.5000000       5.60959097E-06
   17.0000000       2.00528029E-06
   17.5000000      -1.33493984E-06
   18.0000000      -2.75634761E-07
   18.5000000       3.20471599E-06
   19.0000000       5.25518590E-06
   19.5000000       4.73376940E-06
   20.0000000       3.18442767E-06
   20.5000000       1.50137680E-06
   21.0000000       1.46245611E-07
   21.5000000       7.27669544E-07
   22.0000000       4.37878134E-06
   22.5000000       7.16456407E-06
   23.0000000       5.37499864E-06
   23.5000000       1.29245552E-06
   24.0000000      -2.08608554E-07
   24.5000000       1.48129516E-06
   25.0000000       3.76236335E-06
   25.5000000       5.84960890E-06
   26.0000000       6.97188989E-06
   26.5000000       5.19927153E-06
   27.0000000       1.13968315E-06
   27.5000000      -2.19268841E-07
   28.0000000       2.26216389E-06
   28.5000000       5.47257605E-06
   29.0000000       7.30869306E-06
   29.5000000       7.31107275E-06
   30.0000000       5.01007025E-06
   30.5000000       1.28067609E-06
   31.0000000       2.50347938E-07
   31.5000000       2.86460818E-06
   32.0000000       6.17706519E-06
   32.5000000       8.17994896E-06
   33.0000000       8.38667347E-06
   33.5000000       5.29667614E-06
   34.0000000       1.38105315E-06
   34.5000000       5.80700828E-07
   35.0000000       2.97551014E-06
   35.5000000       6.14331748E-06
   36.0000000       9.31021350E-06
   36.5000000       9.36713514E-06
   37.0000000       6.13814927E-06
   37.5000000       2.66286861E-06
   38.0000000       7.88948057E-07
   38.5000000       2.13131580E-06
   39.0000000       6.36012237E-06
   39.5000000       9.68001405E-06
   40.0000000       1.05349709E-05
   40.5000000       8.52110225E-06
   41.0000000       4.41664497E-06
   41.5000000       1.44121350E-06
   42.0000000       1.44319324E-06
   42.5000000       4.53545908E-06
   43.0000000       8.96005531E-06
   43.5000000       1.17470518E-05
   44.0000000       1.11280751E-05
   44.5000000       7.67662095E-06
   45.0000000       3.43275042E-06
   45.5000000       1.28045497E-06
   46.0000000       2.53026610E-06
   46.5000000       6.46685521E-06
   47.0000000       1.09258581E-05
   47.5000000       1.30138351E-05
   48.0000000       1.17029267E-05
   48.5000000       7.42967586E-06
   49.0000000       3.13842088E-06
   49.5000000       1.36452422E-06
   50.0000000       3.25420046E-06
   50.5000000       7.63622756E-06
   51.0000000       1.20929426E-05
   51.5000000       1.40885159E-05
   52.0000000       1.28481288E-05
   52.5000000       8.28677730E-06
   53.0000000       3.91192316E-06
   53.5000000       1.71257295E-06
   54.0000000       2.84712269E-06
   54.5000000       7.41875192E-06
   55.0000000       1.23776690E-05
   55.5000000       1.53266628E-05
   56.0000000       1.49078032E-05
   56.5000000       1.04751434E-05
   57.0000000       5.32600916E-06
   57.5000000       2.32089656E-06
   58.0000000       2.12105260E-06
   58.5000000       5.95933943E-06
   59.0000000       1.16043921E-05
   59.5000000       1.54610007E-05
   60.0000000       1.65621277E-05
   60.5000000       1.45266204E-05
   61.0000000       8.93587276E-06
   61.5000000       3.72220552E-06
   62.0000000       2.06756226E-06
   62.5000000       3.50304458E-06
   63.0000000       7.83944779E-06
   63.5000000       1.42714971E-05
   64.0000000       1.82474178E-05
   64.5000000       1.75908062E-05
   65.0000000       1.42198478E-05
   65.5000000       9.05572051E-06
   66.0000000       3.69497616E-06
   66.5000000       1.23202733E-06
   67.0000000       4.27309669E-06
   67.5000000       9.73967781E-06
   68.0000000       1.48695672E-05
   68.5000000       1.92541575E-05
   69.0000000       2.03423097E-05
   69.5000000       1.62800698E-05
   70.0000000       9.31701106E-06
   70.5000000       4.38925872E-06
   71.0000000       2.39431392E-06
   71.5000000       3.16692558E-06
   72.0000000       7.60203375E-06
   72.5000000       1.50499181E-05
   73.0000000       2.09139453E-05
   73.5000000       2.17100223E-05
   74.0000000       1.85605604E-05
   74.5000000       1.36902654E-05
   75.0000000       7.79290076E-06
   75.5000000       2.15897717E-06
   76.0000000       8.25060056E-07
   76.5000000       5.35600884E-06
   77.0000000       1.28302636E-05
   77.5000000       1.87472506E-05
   78.0000000       2.22944236E-05
   78.5000000       2.34519739E-05
   79.0000000       2.02484989E-05
   79.5000000       1.28676884E-05
   80.0000000       4.82354608E-06
   80.5000000       9.72568614E-07
   81.0000000       2.28985550E-06
   81.5000000       6.50264383E-06
   82.0000000       1.23714008E-05
   82.5000000       1.95508637E-05
   83.0000000       2.56111853E-05
   83.5000000       2.66101051E-05
   84.0000000       2.13333860E-05
   84.5000000       1.30408353E-05
   85.0000000       5.98003089E-06
   85.5000000       2.21458049E-06
   86.0000000       1.16195315E-06
   86.5000000       3.57429781E-06
   87.0000000       1.02465256E-05
   87.5000000       1.98088583E-05
   88.0000000       2.73599508E-05
   88.5000000       2.88320389E-05
   89.0000000       2.47596763E-05
   89.5000000       1.80761253E-05
   90.0000000       1.11527406E-05
   90.5000000       4.71482235E-06
   91.0000000      -3.55549503E-07
   91.5000000      -8.33835770E-07
   92.0000000       5.00998613E-06
   92.5000000       1.54080426E-05
   93.0000000       2.49835812E-05
   93.5000000       2.96586823E-05
   94.0000000       2.95006521E-05
   94.5000000       2.62011763E-05
   95.0000000       2.04576718E-05
   95.5000000       1.21645753E-05
   96.0000000       3.00214379E-06
   96.5000000      -3.34485071E-06
   97.0000000      -2.68722943E-06
   97.5000000       4.96856137E-06
   98.0000000       1.55251764E-05
   98.5000000       2.45590745E-05
   99.0000000       2.99315197E-05
   99.5000000       3.23378408E-05
   100.000000       3.14567151E-05
   100.500000       2.62322992E-05
   101.000000       1.65992715E-05
   101.500000       4.69365114E-06
   102.000000      -4.03644663E-06
   102.500000      -5.63257026E-06
   103.000000      -2.62455160E-08
   103.500000       9.30503847E-06
   104.000000       1.89126586E-05
   104.500000       2.69019620E-05
   105.000000       3.32793425E-05
   105.500000       3.69837544E-05
   106.000000       3.58908801E-05
   106.500000       2.81093380E-05
   107.000000       1.49864336E-05
   107.500000       1.70376097E-06
   108.000000      -6.47220168E-06
   108.500000      -7.21602555E-06
   109.000000      -1.85813087E-06
   109.500000       6.59251782E-06
   110.000000       1.58890434E-05
   110.500000       2.55534324E-05
   111.000000       3.52031602E-05
   111.500000       4.21637451E-05
   112.000000       4.28822714E-05
   112.500000       3.53676915E-05
   113.000000       2.16217522E-05
   113.500000       6.57358714E-06
   114.000000      -4.77233971E-06
   114.500000      -9.58039800E-06
   115.000000      -8.22081984E-06
   115.500000      -2.96266148E-06
   116.000000       5.03587262E-06
   116.500000       1.57711438E-05
   117.000000       2.85646929E-05
   117.500000       4.11440415E-05
   118.000000       4.94509986E-05
   118.500000       4.92525760E-05
   119.000000       4.00902354E-05
   119.500000       2.46785239E-05
   120.000000       8.51516415E-06
   120.500000      -4.04328512E-06
   121.000000      -1.11291183E-05
   121.500000      -1.30865174E-05
   122.000000      -1.10548581E-05
   122.500000      -5.00421584E-06
   123.000000       5.99757732E-06
   123.500000       2.13570820E-05
   124.000000       3.85945677E-05
   124.500000       5.26377007E-05
   125.000000       5.86993046E-05
   125.500000       5.45557778E-05
   126.000000       4.20664001E-05
   126.500000       2.50578632E-05
   127.000000       8.56648512E-06
   127.500000      -4.66594020E-06
   128.000000      -1.40243092E-05
   128.500000      -1.97562913E-05
   129.000000      -2.11833612E-05
   129.500000      -1.67558155E-05
   130.000000      -4.94856113E-06
   130.500000       1.34373713E-05
   131.000000       3.50642149E-05
   131.500000       5.45274488E-05
   132.000000       6.63020837E-05
   132.500000       6.75935808E-05
   133.000000       5.91024254E-05
   133.500000       4.44038524E-05
   134.000000       2.72693433E-05
   134.500000       1.03388411E-05
   135.000000      -5.29517683E-06
   135.500000      -1.94062541E-05
   136.000000      -3.08105955E-05
   136.500000      -3.65827473E-05
   137.000000      -3.35136283E-05
   137.500000      -2.04754615E-05
   138.000000       1.45729064E-06
   138.500000       2.79749001E-05
   139.000000       5.28016390E-05
   139.500000       7.06681312E-05
   140.000000       7.90132472E-05
   140.500000       7.77946480E-05
   141.000000       6.93828188E-05
   141.500000       5.61025699E-05
   142.000000       3.90578025E-05
   142.500000       1.91097424E-05
   143.000000      -3.30079274E-06
   143.500000      -2.66039460E-05
   144.000000      -4.68790204E-05
   144.500000      -5.91371027E-05
   145.000000      -5.97556282E-05
   145.500000      -4.73163091E-05
   146.000000      -2.37821223E-05
   146.500000       5.91447952E-06
   147.000000       3.62845094E-05
   147.500000       6.24566164E-05
   148.000000       8.19086126E-05
   148.500000       9.39838646E-05
   149.000000       9.92223722E-05
   149.500000       9.80396653E-05
   150.000000       8.97222053E-05
   150.500000       7.28756786E-05
   151.000000       4.72749380E-05
   151.500000       1.39271269E-05
   152.000000      -2.25794611E-05
   152.500000      -5.67854622E-05
   153.000000      -8.22542934E-05
   153.500000      -9.48157758E-05
   154.000000      -9.29601447E-05
   154.500000      -7.78568065E-05
   155.000000      -5.32359227E-05
   155.500000      -2.31428730E-05
   156.000000       9.19517333E-06
   156.500000       4.20437682E-05
   157.000000       7.44013960E-05
   157.500000       1.05124200E-04
   158.000000       1.32107874E-04
   158.500000       1.51539105E-04
   159.000000       1.59633491E-04
   159.500000       1.52698864E-04
   160.000000       1.29126493E-04
   160.500000       9.14207412E-05
   161.000000       4.40779404E-05
   161.500000      -6.75595948E-06
   162.000000      -5.47837117E-05
   162.500000      -9.52721748E-05
   163.000000      -1.25349659E-04
   163.500000      -1.44871607E-04
   164.000000      -1.53814559E-04
   164.500000      -1.52554436E-04
   165.000000      -1.41040815E-04
   165.500000      -1.17851705E-04
   166.000000      -8.19441120E-05
   166.500000      -3.36428457E-05
   167.000000       2.49856403E-05
   167.500000       8.90684023E-05
   168.000000       1.52019362E-04
   168.500000       2.07032252E-04
   169.000000       2.47698801E-04
   169.500000       2.70256918E-04
   170.000000       2.73690413E-04
   170.500000       2.59252964E-04
   171.000000       2.29727899E-04
   171.500000       1.88645034E-04
   172.000000       1.37773750E-04
   172.500000       7.87114550E-05
   173.000000       1.26328923E-05
   173.500000      -5.98099759E-05
   174.000000      -1.35385126E-04
   174.500000      -2.10202154E-04
   175.000000      -2.78383435E-04
   175.500000      -3.33264645E-04
   176.000000      -3.68727982E-04
   176.500000      -3.80610494E-04
   177.000000      -3.67391796E-04
   177.500000      -3.30256531E-04
   178.000000      -2.72029196E-04
   178.500000      -1.98184061E-04
   179.000000      -1.12852846E-04
   179.500000      -2.02218180E-05
   180.000000       7.73111242E-05
   180.500000       1.77706068E-04
   181.000000       2.79258005E-04
   181.500000       3.79571808E-04
   182.000000       4.74888104E-04
   182.500000       5.59824228E-04
   183.000000       6.27996516E-04
   183.500000       6.73371833E-04
   184.000000       6.90514571E-04
   184.500000       6.76465919E-04
   185.000000       6.31007948E-04
   185.500000       5.56266052E-04
   186.000000       4.56647918E-04
   186.500000       3.37366073E-04
   187.000000       2.03412710E-04
   187.500000       5.88508556E-05
   188.000000      -9.32517360E-05
   188.500000      -2.51212157E-04
   189.000000      -4.13425849E-04
   189.500000      -5.78514999E-04
   190.000000      -7.43476267E-04
   190.500000      -9.03934415E-04
   191.000000      -1.05465215E-03
   191.500000      -1.18911662E-03
   192.000000      -1.30095461E-03
   192.500000      -1.38485746E-03
   193.000000      -1.43703772E-03
   193.500000      -1.45624275E-03
   194.000000      -1.44246803E-03
   194.500000      -1.39787316E-03
   195.000000      -1.32488389E-03
   195.500000      -1.22558663E-03
   196.000000      -1.10130443E-03
   196.500000      -9.51599795E-04
   197.000000      -7.75179535E-04
   197.500000      -5.69732976E-04
   198.000000      -3.32617143E-04
   198.500000      -6.18617632E-05
   199.000000       2.42897877E-04
   199.500000       5.80861117E-04
   200.000000       9.49215959E-04
   200.500000       1.34405354E-03
   201.000000       1.76081411E-03
   201.500000       2.19575944E-03
   202.000000       2.64573819E-03
   202.500000       3.10955616E-03
   203.000000       3.58689600E-03
   203.500000       4.08031512E-03
   204.000000       4.59146965E-03
   204.500000       5.12357708E-03
   205.000000       5.67823462E-03
   205.500000       6.25560852E-03
   206.000000       6.85436511E-03
   206.500000       7.47155445E-03
   207.000000       8.10337905E-03
   207.500000       8.74513388E-03
   208.000000       9.39331017E-03
   208.500000       1.00445552E-02
   209.000000       1.06984545E-02
   209.500000       1.13556692E-02
   210.000000       1.20189395E-02
   210.500000       1.26914605E-02
   211.000000       1.33769019E-02
   211.500000       1.40780443E-02
   212.000000       1.47961732E-02
   212.500000       1.55309550E-02
   213.000000       1.62792541E-02
   213.500000       1.70374904E-02
   214.000000       1.78010650E-02
   214.500000       1.85651705E-02
   215.000000       1.93267949E-02
   215.500000       2.00838856E-02
   216.000000       2.08372604E-02
   216.500000       2.15894114E-02
   217.000000       2.23444384E-02
   217.500000       2.31070500E-02
   218.000000       2.38816552E-02
   218.500000       2.46711150E-02
   219.000000       2.54763979E-02
   219.500000       2.62965038E-02
   220.000000       2.71274075E-02
   220.500000       2.79640425E-02
   221.000000       2.88009085E-02
   221.500000       2.96326596E-02
   222.000000       3.04556377E-02
   222.500000       3.12693268E-02
   223.000000       3.20746675E-02
   223.500000       3.28753702E-02
   224.000000       3.36776562E-02
   224.500000       3.44868749E-02
   225.000000       3.53092365E-02
   225.500000       3.61483954E-02
   226.000000       3.70051377E-02
   226.500000       3.78775224E-02
   227.000000       3.87611240E-02
   227.500000       3.96492817E-02
   228.000000       4.05346453E-02
   228.500000       4.14102860E-02
   229.000000       4.22718823E-02
   229.500000       4.31179628E-02
   230.000000       4.39501852E-02
   230.500000       4.47742604E-02
   231.000000       4.55972590E-02
   231.500000       4.64280359E-02
   232.000000       4.72742282E-02
   232.500000       4.81409319E-02
   233.000000       4.90303934E-02
   233.500000       4.99399267E-02
   234.000000       5.08637838E-02
   234.500000       5.17926253E-02
   235.000000       5.27164303E-02
   235.500000       5.36252074E-02
   236.000000       5.45123182E-02
   236.500000       5.53750247E-02
   237.000000       5.62159456E-02
   237.500000       5.70422225E-02
   238.000000       5.78650460E-02
   238.500000       5.86970747E-02
   239.000000       5.95503114E-02
   239.500000       6.04336858E-02
   240.000000       6.13504425E-02
   240.500000       6.22975975E-02
   241.000000       6.32658154E-02
   241.500000       6.42408431E-02
   242.000000       6.52056336E-02
   242.500000       6.61436468E-02
   243.000000       6.70427755E-02
   243.500000       6.78981915E-02
   244.000000       6.87133744E-02
   244.500000       6.95011839E-02
   245.000000       7.02814162E-02
   245.500000       7.10785091E-02
   246.000000       7.19161034E-02
   246.500000       7.28122741E-02
   247.000000       7.37757310E-02
   247.500000       7.48023912E-02
   248.000000       7.58744478E-02
   248.500000       7.69621283E-02
   249.000000       7.80282542E-02
   249.500000       7.90344328E-02
   250.000000       7.99496174E-02
   250.500000       8.07557553E-02
   251.000000       8.14551339E-02
   251.500000       8.20714235E-02
   252.000000       8.26496184E-02
   252.500000       8.32480565E-02
   253.000000       8.39313045E-02
   253.500000       8.47572014E-02
   254.000000       8.57651383E-02
   254.500000       8.69661942E-02
   255.000000       8.83355364E-02
   255.500000       8.98120180E-02
   256.000000       9.13026258E-02
   256.500000       9.26961079E-02
   257.000000       9.38802138E-02
   257.500000       9.47646573E-02
   258.000000       9.53013822E-02
   258.500000       9.55012739E-02
   259.000000       9.54396501E-02
   259.500000       9.52514261E-02
   260.000000       9.51143503E-02
   260.500000       9.52232406E-02
   261.000000       9.57592726E-02
   261.500000       9.68570411E-02
   262.000000       9.85764489E-02
   262.500000      0.100878865    
   263.000000      0.103615068    
   263.500000      0.106529519    
   264.000000      0.109286733    
   264.500000      0.111519143    
   265.000000      0.112896338    
   265.500000      0.113196962    
   266.000000      0.112370797    
   266.500000      0.110566735    
   267.000000      0.108121760    
   267.500000      0.105513133    
   268.000000      0.103288047    
   268.500000      0.101987116    
   269.000000      0.102073170    
   269.500000      0.103867136    
   270.000000      0.107488871    
   270.500000      0.112799451    
   271.000000      0.119355015    
   271.500000      0.126394615    
   272.000000      0.132896274    
   272.500000      0.137732983    
   273.000000      0.139917269    
   273.500000      0.138870463    
   274.000000      0.134611160    
   274.500000      0.127775460    
   275.000000      0.119464234    
   275.500000      0.110996276    
   276.000000      0.103674270    
   276.500000       9.86318663E-02
   277.000000       9.67689082E-02
   277.500000       9.87293050E-02
   278.000000      0.104865029    
   278.500000      0.115134053    
   279.000000      0.128919646    
   279.500000      0.144816637    
   280.000000      0.160533234    
   280.500000      0.173122257    
   281.000000      0.179681093    
   281.500000      0.178352192    
   282.000000      0.169095159    
   282.500000      0.153712705    
   283.000000      0.135117695    
   283.500000      0.116347030    
   284.000000       9.98697653E-02
   284.500000       8.73796791E-02
   285.000000       7.99409151E-02
   285.500000       7.82576799E-02
   286.000000       8.28926638E-02
   286.500000       9.43195522E-02
   287.000000      0.112734862    
   287.500000      0.137568548    
   288.000000      0.166747048    
   288.500000      0.196046427    
   289.000000      0.219294876    
   289.500000      0.230154559    
   290.000000      0.225053832    
   290.500000      0.205198035    
   291.000000      0.175843269    
   291.500000      0.143510669    
   292.000000      0.113455184    
   292.500000       8.87313709E-02
   293.000000       7.05598444E-02
   293.500000       5.91497459E-02
   294.000000       5.44264875E-02
   294.500000       5.65005019E-02
   295.000000       6.58879429E-02
   295.500000       8.34848285E-02
   296.000000      0.110212415    
   296.500000      0.146153837    
   297.000000      0.189084604    
   297.500000      0.232855394    
   298.000000      0.267247558    
   298.500000      0.281383663    
   299.000000      0.269947976    
   299.500000      0.236903936    
   300.000000      0.192644060    
   300.500000      0.147720098    
   301.000000      0.108833417    
   301.500000       7.85531700E-02
   302.000000       5.68490662E-02
   302.500000       4.26447503E-02
   303.000000       3.47991250E-02
   303.500000       3.25950459E-02
   304.000000       3.59533615E-02
   304.500000       4.55228984E-02
   305.000000       6.26827702E-02
   305.500000       8.93598869E-02
   306.000000      0.127396718    
   306.500000      0.177047312    
   307.000000      0.234390855    
   307.500000      0.288794994    
   308.000000      0.324050695    
   308.500000      0.326440573    
   309.000000      0.294848502    
   309.500000      0.241665572    
   310.000000      0.183341458    
   310.500000      0.131446287    
   311.000000       9.06247869E-02
   311.500000       6.08675517E-02
   312.000000       4.01867405E-02
   312.500000       2.62403954E-02
   313.000000       1.70131661E-02
   313.500000       1.09815057E-02
   314.000000       7.06871366E-03
   314.500000       4.54259478E-03
   315.000000       2.91656540E-03
   315.500000       1.87179470E-03
   316.000000       1.20119459E-03
   316.500000       7.70987826E-04
   317.000000       4.95049695E-04
   317.500000       3.18049162E-04
   318.000000       2.04483353E-04
   318.500000       1.31588051E-04
   319.000000       8.47721385E-05
   319.500000       5.46842130E-05
   320.000000       3.53305259E-05
   320.500000       2.28686604E-05
   321.000000       1.48345689E-05
   321.500000       9.64747414E-06
   322.000000       6.29271972E-06
   322.500000       4.11862084E-06
   323.000000       2.70630085E-06
   323.500000       1.78628397E-06
   324.000000       1.18502351E-06
   324.500000       7.90611239E-07
   325.000000       5.30778323E-07
   325.500000       3.58771842E-07
   326.000000       2.44283228E-07
   326.500000       1.67616349E-07
   327.000000       1.15934959E-07
   327.500000       8.08457941E-08
   328.000000       5.68396175E-08
   328.500000       4.02843412E-08
   329.000000       2.87733855E-08
   329.500000       2.07032578E-08
   330.000000       1.49988484E-08
   330.500000       1.09343796E-08
   331.000000       8.01627120E-09
   331.500000       5.90620974E-09
   332.000000       4.37039960E-09
   332.500000       3.24590976E-09
   333.000000       2.41822917E-09
   333.500000       1.80620296E-09
   334.000000       1.35184774E-09
   334.500000       1.01341580E-09
   335.000000       7.60632446E-10
   335.500000       5.71398873E-10
   336.000000       4.29487473E-10
   336.500000       3.22920440E-10
   337.000000       2.42816212E-10
   337.500000       1.82563617E-10
   338.000000       1.37225481E-10
   338.500000       1.03104969E-10
   339.000000       7.74280362E-11
   339.500000       5.81096352E-11
   340.000000       4.35806391E-11
   340.500000       3.26591150E-11
   341.000000       2.44543257E-11
   341.500000       1.82947425E-11
   342.000000       1.36741044E-11
   342.500000       1.02107845E-11
   343.000000       7.61719333E-12
   343.500000       5.67670997E-12
   344.000000       4.22626257E-12
   344.500000       3.14316975E-12
   345.000000       2.33520798E-12
   345.500000       1.73310845E-12
   346.000000       1.28488810E-12
   346.500000       9.51572371E-13
   347.000000       7.03969381E-13
   347.500000       5.20235547E-13
   348.000000       3.84043166E-13
   348.500000       2.83200194E-13
   349.000000       2.08612749E-13
   349.500000       1.53504921E-13
   350.000000       1.12833652E-13
   350.500000       8.28496885E-14
   351.000000       6.07687051E-14
   351.500000       4.45253440E-14
   352.000000       3.25892369E-14
   352.500000       2.38277009E-14
   353.000000       1.74033456E-14
   353.500000       1.26977777E-14
   354.000000       9.25483614E-15
   354.500000       6.73841306E-15
   355.000000       4.90112914E-15
   355.500000       3.56111752E-15
   356.000000       2.58481739E-15
   356.500000       1.87425585E-15
   357.000000       1.35764177E-15
   357.500000       9.82428093E-16
   358.000000       7.10195198E-16
   358.500000       5.12882473E-16
   359.000000       3.70018376E-16
   359.500000       2.66683400E-16
   360.000000       1.92016228E-16
   360.500000       1.38118251E-16
   361.000000       9.92515885E-17
   361.500000       7.12523321E-17
   362.000000       5.11020073E-17
   362.500000       3.66147395E-17
   363.000000       2.62092822E-17
   363.500000       1.87429267E-17
   364.000000       1.33907455E-17
   364.500000       9.55782713E-18
   365.000000       6.81557492E-18
   365.500000       4.85553034E-18
   366.000000       3.45591965E-18
   366.500000       2.45745392E-18
   367.000000       1.74583665E-18
   367.500000       1.23913993E-18
   368.000000       8.78693595E-19
   368.500000       6.22524859E-19
   369.000000       4.40636062E-19
   369.500000       3.11608501E-19
   370.000000       2.20163943E-19
   370.500000       1.55414894E-19
   371.000000       1.09610039E-19
   371.500000       7.72362578E-20
   372.000000       5.43759583E-20
   372.500000       3.82480496E-20
   373.000000       2.68800450E-20
   373.500000       1.88743019E-20
   374.000000       1.32413909E-20
   374.500000       9.28153678E-21
   375.000000       6.50027040E-21
   375.500000       4.54851796E-21
   376.000000       3.18007244E-21
   376.500000       2.22143938E-21
   377.000000       1.55047170E-21
   377.500000       1.08125168E-21
   378.000000       7.53398869E-22
   378.500000       5.24517529E-22
   379.000000       3.64866066E-22
   379.500000       2.53598687E-22
   380.000000       1.76117362E-22
   380.500000       1.22208249E-22
   381.000000       8.47312469E-23
   381.500000       5.86993167E-23
   382.000000       4.06321931E-23
   382.500000       2.81032770E-23
   383.000000       1.94220253E-23
   383.500000       1.34117193E-23
   384.000000       9.25397503E-24
   384.500000       6.38010071E-24
   385.000000       4.39525055E-24
   385.500000       3.02550640E-24
   386.000000       2.08100087E-24
   386.500000       1.43023598E-24
   387.000000       9.82213080E-25
   387.500000       6.74012372E-25
   388.000000       4.62163332E-25
   388.500000       3.16657642E-25
   389.000000       2.16796775E-25
   389.500000       1.48315070E-25
   390.000000       1.01388520E-25
   390.500000       6.92571680E-26
   391.000000       4.72731307E-26
   391.500000       3.22432782E-26
   392.000000       2.19755848E-26
   392.500000       1.49664709E-26
   393.000000       1.01853868E-26
   393.500000       6.92653463E-27
   394.000000       4.70691270E-27
   394.500000       3.19623944E-27
   395.000000       2.16883613E-27
   395.500000       1.47061738E-27
   396.000000       9.96459012E-28
   396.500000       6.74694619E-28
   397.000000       4.56503752E-28
   397.500000       3.08654059E-28
   398.000000       2.08540994E-28
   398.500000       1.40800393E-28
   399.000000       9.49971385E-29
   399.500000       6.40490272E-29
   400.000000       4.31530243E-29
   400.500000       2.90541187E-29
   401.000000       1.95480385E-29
   401.500000       1.31431297E-29
   402.000000       8.83071229E-30
   402.500000       5.92918673E-30
   403.000000       3.97830584E-30
   403.500000       2.66750983E-30
   404.000000       1.78739182E-30
   404.500000       1.19685224E-30
   405.000000       8.00883767E-31
   405.500000       5.35559458E-31
   406.000000       3.57895547E-31
   406.500000       2.39010163E-31
   407.000000       1.59510410E-31
   407.500000       1.06383767E-31
   408.000000       7.09049200E-32
   408.500000       4.72273134E-32
   409.000000       3.14359751E-32
   409.500000       2.09111849E-32
   410.000000       1.39011023E-32
   410.500000       9.23506419E-33
   411.000000       6.13128743E-33
   411.500000       4.06804248E-33
   412.000000       2.69738191E-33
   412.500000       1.78740730E-33
   413.000000       1.18366762E-33
   413.500000       7.83361374E-34
   414.000000       5.18109696E-34
   414.500000       3.42459662E-34
   415.000000       2.26217505E-34
   415.500000       1.49338981E-34
   416.000000       9.85260794E-35
   416.500000       6.49622833E-35
   417.000000       4.28059769E-35
   417.500000       2.81891179E-35
   418.000000       1.85521191E-35
   418.500000       1.22022929E-35
   419.000000       8.02095672E-36
   419.500000       5.26924813E-36
   420.000000       3.45947184E-36
   420.500000       2.26992020E-36
   421.000000       1.48851035E-36
   421.500000       9.75516459E-37
   422.000000       6.38939321E-37
   422.500000       4.18242302E-37
   423.000000       2.73615296E-37
   423.500000       1.78894829E-37
   424.000000       1.16896408E-37
   424.500000       7.63398537E-38
   425.000000       4.98252072E-38
   425.500000       3.25009066E-38
   426.000000       2.11880630E-38
   426.500000       1.38050249E-38
   427.000000       8.98947118E-39
   427.500000       5.85036644E-39
   428.000000       3.80526522E-39
   428.500000       2.47366594E-39
   429.000000       1.60712679E-39
   429.500000       1.04355397E-39
   430.000000       6.77233535E-40
   430.500000       4.39248214E-40
   431.000000       2.84739644E-40
   431.500000       1.84476739E-40
   432.000000       1.19452286E-40
   432.500000       7.73068337E-41
   433.000000       4.99997305E-41
   433.500000       3.23209491E-41
   434.000000       2.08793471E-41
   434.500000       1.34832938E-41
   435.000000       8.69926087E-42
   435.500000       5.61360165E-42
   436.000000       3.61815263E-42
   436.500000       2.32615545E-42
   437.000000       1.49658676E-42
   437.500000       9.62692045E-43
   438.000000       6.16571324E-43
   438.500000       3.96567465E-43
   439.000000       2.52233724E-43
   439.500000       1.61149323E-43
   440.000000       1.02294788E-43
   440.500000       6.16571324E-44
   441.000000       3.92363570E-44
   441.500000       2.24207754E-44
   442.000000       1.26116862E-44
   442.500000       7.00649232E-45
   443.000000       1.40129846E-45
   443.500000       0.00000000    
   444.000000       0.00000000    
   444.500000       0.00000000    
   445.000000       0.00000000    
   445.500000       0.00000000    
   446.000000       0.00000000    
   446.500000       0.00000000    
   447.000000       0.00000000    
   447.500000       0.00000000    
   448.000000       0.00000000    
   448.500000       0.00000000    
   449.000000       0.00000000    
   449.500000       0.00000000    
   450.000000       0.00000000    
   450.500000       0.00000000    
   451.000000       0.00000000    
   451.500000       0.00000000    
   452.000000       0.00000000    
   452.500000       0.00000000    
   453.000000       0.00000000    
   453.500000       0.00000000    
   454.000000       0.00000000    
   454.500000       0.00000000    
   455.000000       0.00000000    
   455.500000       0.00000000    
   456.000000       0.00000000    
   456.500000       0.00000000    
   457.000000       0.00000000    
   457.500000       0.00000000    
   458.000000       0.00000000    
   458.500000       0.00000000    
   459.000000       0.00000000    
   459.500000       0.00000000    
   460.000000       0.00000000    
   460.500000       0.00000000    
   461.000000       0.00000000    
   461.500000       0.00000000    
   462.000000       0.00000000    
   462.500000       0.00000000    
   463.000000       0.00000000    
   463.500000       0.00000000    
   464.000000       0.00000000    
   464.500000       0.00000000    
   465.000000       0.00000000    
   465.500000       0.00000000    
   466.000000       0.00000000    
   466.500000       0.00000000    
   467.000000       0.00000000    
   467.500000       0.00000000    
   468.000000       0.00000000    
   468.500000       0.00000000    
   469.000000       0.00000000    
   469.500000       0.00000000    
   470.000000       0.00000000    
   470.500000       0.00000000    
   471.000000       0.00000000    
   471.500000       0.00000000    
   472.000000       0.00000000    
   472.500000       0.00000000    
   473.000000       0.00000000    
   473.500000       0.00000000    
   474.000000       0.00000000    
   474.500000       0.00000000    
   475.000000       0.00000000    
   475.500000       0.00000000    
   476.000000       0.00000000    
   476.500000       0.00000000    
   477.000000       0.00000000    
   477.500000       0.00000000    
   478.000000       0.00000000    
   478.500000       0.00000000    
   479.000000       0.00000000    
   479.500000       0.00000000    
   480.000000       0.00000000    
   480.500000       0.00000000    
   481.000000       0.00000000    
   481.500000       0.00000000    
   482.000000       0.00000000    
   482.500000       0.00000000    
   483.000000       0.00000000    
   483.500000       0.00000000    
   484.000000       0.00000000    
   484.500000       0.00000000    
   485.000000       0.00000000    
   485.500000       0.00000000    
   486.000000       0.00000000    
   486.500000       0.00000000    
   487.000000       0.00000000    
   487.500000       0.00000000    
   488.000000       0.00000000    
   488.500000       0.00000000    
   489.000000       0.00000000    
   489.500000       0.00000000    
   490.000000       0.00000000    
   490.500000       0.00000000    
   491.000000       0.00000000    
   491.500000       0.00000000    
   492.000000       0.00000000    
   492.500000       0.00000000    
   493.000000       0.00000000    
   493.500000       0.00000000    
   494.000000       0.00000000    
   494.500000       0.00000000    
   495.000000       0.00000000    
   495.500000       0.00000000    
   496.000000       0.00000000    
   496.500000       0.00000000    
   497.000000       0.00000000    
   497.500000       0.00000000    
   498.000000       0.00000000    
   498.500000       0.00000000    
   499.000000       0.00000000    
   499.500000       0.00000000    
   500.000000       0.00000000    
   500.500000       0.00000000    
   501.000000       0.00000000    
   501.500000       0.00000000    
   502.000000       0.00000000    
   502.500000       0.00000000    
   503.000000       0.00000000    
   503.500000       0.00000000    
   504.000000       0.00000000    
   504.500000       0.00000000    
   505.000000       0.00000000    
   505.500000       0.00000000    
   506.000000       0.00000000    
   506.500000       0.00000000    
   507.000000       0.00000000    
   507.500000       0.00000000    
   508.000000       0.00000000    
   508.500000       0.00000000    
   509.000000       0.00000000    
   509.500000       0.00000000    
   510.000000       0.00000000    
   510.500000       0.00000000    
   511.000000       0.00000000    
   511.500000       0.00000000    
   512.000000       0.00000000    
   512.500000       0.00000000    
   513.000000       0.00000000    
   513.500000       0.00000000    
   514.000000       0.00000000    
   514.500000       0.00000000    
   515.000000       0.00000000    
   515.500000       0.00000000    
   516.000000       0.00000000    
   516.500000       0.00000000    
   517.000000       0.00000000    
   517.500000       0.00000000    
   518.000000       0.00000000    
   518.500000       0.00000000    
   519.000000       0.00000000    
   519.500000       0.00000000    
   520.000000       0.00000000    
   520.500000       0.00000000    
   521.000000       0.00000000    
   521.500000       0.00000000    
   522.000000       0.00000000    
   522.500000       0.00000000    
   523.000000       0.00000000    
   523.500000       0.00000000    
   524.000000       0.00000000    
   524.500000       0.00000000    
   525.000000       0.00000000    
   525.500000       0.00000000    
   526.000000       0.00000000    
   526.500000       0.00000000    
   527.000000       0.00000000    
   527.500000       0.00000000    
   528.000000       0.00000000    
   528.500000       0.00000000    
   529.000000       0.00000000    
   529.500000       0.00000000    
   530.000000       0.00000000    
   530.500000       0.00000000    
   531.000000       0.00000000    
   531.500000       0.00000000    
   532.000000       0.00000000    
   532.500000       0.00000000    
   533.000000       0.00000000    
   533.500000       0.00000000    
   534.000000       0.00000000    
   534.500000       0.00000000    
   535.000000       0.00000000    
   535.500000       0.00000000    
   536.000000       0.00000000    
   536.500000       0.00000000    
   537.000000       0.00000000    
   537.500000       0.00000000    
   538.000000       0.00000000    
   538.500000       0.00000000    
   539.000000       0.00000000    
   539.500000       0.00000000    
   540.000000       0.00000000    
   540.500000       0.00000000    
   541.000000       0.00000000    
   541.500000       0.00000000    
   542.000000       0.00000000    
   542.500000       0.00000000    
   543.000000       0.00000000    
   543.500000       0.00000000    
   544.000000       0.00000000    
   544.500000       0.00000000    
   545.000000       0.00000000    
   545.500000       0.00000000    
   546.000000       0.00000000    
   546.500000       0.00000000    
   547.000000       0.00000000    
   547.500000       0.00000000    
   548.000000       0.00000000    
   548.500000       0.00000000    
   549.000000       0.00000000    
   549.500000       0.00000000    
   550.000000       0.00000000    
   550.500000       0.00000000    
   551.000000       0.00000000    
   551.500000       0.00000000    
   552.000000       0.00000000    
   552.500000       0.00000000    
   553.000000       0.00000000    
   553.500000       0.00000000    
   554.000000       0.00000000    
   554.500000       0.00000000    
   555.000000       0.00000000    
   555.500000       0.00000000    
   556.000000       0.00000000    
   556.500000       0.00000000    
   557.000000       0.00000000    
   557.500000       0.00000000    
   558.000000       0.00000000    
   558.500000       0.00000000    
   559.000000       0.00000000    
   559.500000       0.00000000    
   560.000000       0.00000000    
   560.500000       0.00000000    
   561.000000       0.00000000    
   561.500000       0.00000000    
   562.000000       0.00000000    
   562.500000       0.00000000    
   563.000000       0.00000000    
   563.500000       0.00000000    
   564.000000       0.00000000    
   564.500000       0.00000000    
   565.000000       0.00000000    
   565.500000       0.00000000    
   566.000000       0.00000000    
   566.500000       0.00000000    
   567.000000       0.00000000    
   567.500000       0.00000000    
   568.000000       0.00000000    
   568.500000       0.00000000    
   569.000000       0.00000000    
   569.500000       0.00000000    
   570.000000       0.00000000    
   570.500000       0.00000000    
   571.000000       0.00000000    
   571.500000       0.00000000    
   572.000000       0.00000000    
   572.500000       0.00000000    
   573.000000       0.00000000    
   573.500000       0.00000000    
   574.000000       0.00000000    
   574.500000       0.00000000    
   575.000000       0.00000000    
   575.500000       0.00000000    
   576.000000       0.00000000    
   576.500000       0.00000000    
   577.000000       0.00000000    
   577.500000       0.00000000    
   578.000000       0.00000000    
   578.500000       0.00000000    
   579.000000       0.00000000    
   579.500000       0.00000000    
   580.000000       0.00000000    
   580.500000       0.00000000    
   581.000000       0.00000000    
   581.500000       0.00000000    
   582.000000       0.00000000    
   582.500000       0.00000000    
   583.000000       0.00000000    
   583.500000       0.00000000    
   584.000000       0.00000000    
   584.500000       0.00000000    
   585.000000       0.00000000    
   585.500000       0.00000000    
   586.000000       0.00000000    
   586.500000       0.00000000    
   587.000000       0.00000000    
   587.500000       0.00000000    
   588.000000       0.00000000    
   588.500000       0.00000000    
   589.000000       0.00000000    
   589.500000       0.00000000    
   590.000000       0.00000000    
   590.500000       0.00000000    
   591.000000       0.00000000    
   591.500000       0.00000000    
   592.000000       0.00000000    
   592.500000       0.00000000    
   593.000000       0.00000000    
   593.500000       0.00000000    
   594.000000       0.00000000    
   594.500000       0.00000000    
   595.000000       0.00000000    
   595.500000       0.00000000    
   596.000000       0.00000000    
   596.500000       0.00000000    
   597.000000       0.00000000    
   597.500000       0.00000000    
   598.000000       0.00000000    
   598.500000       0.00000000    
   599.000000       0.00000000    
   599.500000       0.00000000    
   600.000000       0.00000000    
   600.500000       0.00000000    
   601.000000       0.00000000    
   601.500000       0.00000000    
   602.000000       0.00000000    
   602.500000       0.00000000    
   603.000000       0.00000000    
   603.500000       0.00000000    
   604.000000       0.00000000    
   604.500000       0.00000000    
   605.000000       0.00000000    
   605.500000       0.00000000    
   606.000000       0.00000000    
   606.500000       0.00000000    
   607.000000       0.00000000    
   607.500000       0.00000000    
   608.000000       0.00000000    
   608.500000       0.00000000    
   609.000000       0.00000000    
   609.500000       0.00000000    
   610.000000       0.00000000    
   610.500000       0.00000000    
   611.000000       0.00000000    
   611.500000       0.00000000    
   612.000000       0.00000000    
   612.500000       0.00000000    
   613.000000       0.00000000    
   613.500000       0.00000000    
   614.000000       0.00000000    
   614.500000       0.00000000    
   615.000000       0.00000000    
   615.500000       0.00000000    
   616.000000       0.00000000    
   616.500000       0.00000000    
   617.000000       0.00000000    
   617.500000       0.00000000    
   618.000000       0.00000000    
   618.500000       0.00000000    
   619.000000       0.00000000    
   619.500000       0.00000000    
   620.000000       0.00000000    
   620.500000       0.00000000    
   621.000000       0.00000000    
   621.500000       0.00000000    
   622.000000       0.00000000    
   622.500000       0.00000000    
   623.000000       0.00000000    
   623.500000       0.00000000    
   624.000000       0.00000000    
   624.500000       0.00000000    
   625.000000       0.00000000    
   625.500000       0.00000000    
   626.000000       0.00000000    
   626.500000       0.00000000    
   627.000000       0.00000000    
   627.500000       0.00000000    
   628.000000       0.00000000    
   628.500000       0.00000000    
   629.000000       0.00000000    
   629.500000       0.00000000    
   630.000000       0.00000000    
   630.500000       0.00000000    
   631.000000       0.00000000    
   631.500000       0.00000000    
   632.000000       0.00000000    
   632.500000       0.00000000    
   633.000000       0.00000000    
   633.500000       0.00000000    
   634.000000       0.00000000    
   634.500000       0.00000000    
   635.000000       0.00000000    
   635.500000       0.00000000    
   636.000000       0.00000000    
   636.500000       0.00000000    
   637.000000       0.00000000    
   637.500000       0.00000000    
   638.000000       0.00000000    
   638.500000       0.00000000    
   639.000000       0.00000000    
   639.500000       0.00000000    
   640.000000       0.00000000    
   640.500000       0.00000000    
   641.000000       0.00000000    
   641.500000       0.00000000    
   642.000000       0.00000000    
   642.500000       0.00000000    
   643.000000       0.00000000    
   643.500000       0.00000000    
   644.000000       0.00000000    
   644.500000       0.00000000    
   645.000000       0.00000000    
   645.500000       0.00000000    
   646.000000       0.00000000    
   646.500000       0.00000000    
   647.000000       0.00000000    
   647.500000       0.00000000    
   648.000000       0.00000000    
   648.500000       0.00000000    
   649.000000       0.00000000    
   649.500000       0.00000000    
   650.000000       0.00000000    
   650.500000       0.00000000    
   651.000000       0.00000000    
   651.500000       0.00000000    
   652.000000       0.00000000    
   652.500000       0.00000000    
   653.000000       0.00000000    
   653.500000       0.00000000    
   654.000000       0.00000000    
   654.500000       0.00000000    
   655.000000       0.00000000    
   655.500000       0.00000000    
   656.000000       0.00000000    
   656.500000       0.00000000    
   657.000000       0.00000000    
   657.500000       0.00000000    
   658.000000       0.00000000    
   658.500000       0.00000000    
   659.000000       0.00000000    
   659.500000       0.00000000    
   660.000000       0.00000000    
   660.500000       0.00000000    
   661.000000       0.00000000    
   661.500000       0.00000000    
   662.000000       0.00000000    
   662.500000       0.00000000    
   663.000000       0.00000000    
   663.500000       0.00000000    
   664.000000       0.00000000    
   664.500000       0.00000000    
   665.000000       0.00000000    
   665.500000       0.00000000    
   666.000000       0.00000000    
   666.500000       0.00000000    
   667.000000       0.00000000    
   667.500000       0.00000000    
   668.000000       0.00000000    
   668.500000       0.00000000    
   669.000000       0.00000000    
   669.500000       0.00000000    
   670.000000       0.00000000    
   670.500000       0.00000000    
   671.000000       0.00000000    
   671.500000       0.00000000    
   672.000000       0.00000000    
   672.500000       0.00000000    
   673.000000       0.00000000    
   673.500000       0.00000000    
   674.000000       0.00000000    
   674.500000       0.00000000    
   675.000000       0.00000000    
   675.500000       0.00000000    
   676.000000       0.00000000    
   676.500000       0.00000000    
   677.000000       0.00000000    
   677.500000       0.00000000    
   678.000000       0.00000000    
   678.500000       0.00000000    
   679.000000       0.00000000    
   679.500000       0.00000000    
   680.000000       0.00000000    
   680.500000       0.00000000    
   681.000000       0.00000000    
   681.500000       0.00000000    
   682.000000       0.00000000    
   682.500000       0.00000000    
   683.000000       0.00000000    
   683.500000       0.00000000    
   684.000000       0.00000000    
   684.500000       0.00000000    
   685.000000       0.00000000    
   685.500000       0.00000000    
   686.000000       0.00000000    
   686.500000       0.00000000    
   687.000000       0.00000000    
   687.500000       0.00000000    
   688.000000       0.00000000    
   688.500000       0.00000000    
   689.000000       0.00000000    
   689.500000       0.00000000    
   690.000000       0.00000000    
   690.500000       0.00000000    
   691.000000       0.00000000    
   691.500000       0.00000000    
   692.000000       0.00000000    
   692.500000       0.00000000    
   693.000000       0.00000000    
   693.500000       0.00000000    
   694.000000       0.00000000    
   694.500000       0.00000000    
   695.000000       0.00000000    
   695.500000       0.00000000    
   696.000000       0.00000000    
   696.500000       0.00000000    
   697.000000       0.00000000    
   697.500000       0.00000000    
   698.000000       0.00000000    
   698.500000       0.00000000    
   699.000000       0.00000000    
   699.500000       0.00000000    
   700.000000       0.00000000    
   700.500000       0.00000000    
   701.000000       0.00000000    
   701.500000       0.00000000    
   702.000000       0.00000000    
   702.500000       0.00000000    
   703.000000       0.00000000    
   703.500000       0.00000000    
   704.000000       0.00000000    
   704.500000       0.00000000    
   705.000000       0.00000000    
   705.500000       0.00000000    
   706.000000       0.00000000    
   706.500000       0.00000000    
   707.000000       0.00000000    
   707.500000       0.00000000    
   708.000000       0.00000000    
   708.500000       0.00000000    
   709.000000       0.00000000    
   709.500000       0.00000000    
   710.000000       0.00000000    
   710.500000       0.00000000    
   711.000000       0.00000000    
   711.500000       0.00000000    
   712.000000       0.00000000    
   712.500000       0.00000000    
   713.000000       0.00000000    
   713.500000       0.00000000    
   714.000000       0.00000000    
   714.500000       0.00000000    
   715.000000       0.00000000    
   715.500000       0.00000000    
   716.000000       0.00000000    
   716.500000       0.00000000    
   717.000000       0.00000000    
   717.500000       0.00000000    
   718.000000       0.00000000    
   718.500000       0.00000000    
   719.000000       0.00000000    
   719.500000       0.00000000    
   720.000000       0.00000000    
   720.500000       0.00000000    
   721.000000       0.00000000    
   721.500000       0.00000000    
   722.000000       0.00000000    
   722.500000       0.00000000    
   723.000000       0.00000000    
   723.500000       0.00000000    
   724.000000       0.00000000    
   724.500000       0.00000000    
   725.000000       0.00000000    
   725.500000       0.00000000    
   726.000000       0.00000000    
   726.500000       0.00000000    
   727.000000       0.00000000    
   727.500000       0.00000000    
   728.000000       0.00000000    
   728.500000       0.00000000    
   729.000000       0.00000000    
   729.500000       0.00000000    
   730.000000       0.00000000    
   730.500000       0.00000000    
   731.000000       0.00000000    
   731.500000       0.00000000    
   732.000000       0.00000000    
   732.500000       0.00000000    
   733.000000       0.00000000    
   733.500000       0.00000000    
   734.000000       0.00000000    
   734.500000       0.00000000    
   735.000000       0.00000000    
   735.500000       0.00000000    
   736.000000       0.00000000    
   736.500000       0.00000000    
   737.000000       0.00000000    
   737.500000       0.00000000    
   738.000000       0.00000000    
   738.500000       0.00000000    
   739.000000       0.00000000    
   739.500000       0.00000000    
   740.000000       0.00000000    
   740.500000       0.00000000    
   741.000000       0.00000000    
   741.500000       0.00000000    
   742.000000       0.00000000    
   742.500000       0.00000000    
   743.000000       0.00000000    
   743.500000       0.00000000    
   744.000000       0.00000000    
   744.500000       0.00000000    
   745.000000       0.00000000    
   745.500000       0.00000000    
   746.000000       0.00000000    
   746.500000       0.00000000    
   747.000000       0.00000000    
   747.500000       0.00000000    
   748.000000       0.00000000    
   748.500000       0.00000000    
   749.000000       0.00000000    
   749.500000       0.00000000    
   750.000000       0.00000000    
   750.500000       0.00000000    
   751.000000       0.00000000    
   751.500000       0.00000000    
   752.000000       0.00000000    
   752.500000       0.00000000    
   753.000000       0.00000000    
   753.500000       0.00000000    
   754.000000       0.00000000    
   754.500000       0.00000000    
   755.000000       0.00000000    
   755.500000       0.00000000    
   756.000000       0.00000000    
   756.500000       0.00000000    
   757.000000       0.00000000    
   757.500000       0.00000000    
   758.000000       0.00000000    
   758.500000       0.00000000    
   759.000000       0.00000000    
   759.500000       0.00000000    
   760.000000       0.00000000    
   760.500000       0.00000000    
   761.000000       0.00000000    
   761.500000       0.00000000    
   762.000000       0.00000000    
   762.500000       0.00000000    
   763.000000       0.00000000    
   763.500000       0.00000000    
   764.000000       0.00000000    
   764.500000       0.00000000    
   765.000000       0.00000000    
   765.500000       0.00000000    
   766.000000       0.00000000    
   766.500000       0.00000000    
   767.000000       0.00000000    
   767.500000       0.00000000    
   768.000000       0.00000000    
   768.500000       0.00000000    
   769.000000       0.00000000    
   769.500000       0.00000000    
   770.000000       0.00000000    
   770.500000       0.00000000    
   771.000000       0.00000000    
   771.500000       0.00000000    
   772.000000       0.00000000    
   772.500000       0.00000000    
   773.000000       0.00000000    
   773.500000       0.00000000    
   774.000000       0.00000000    
   774.500000       0.00000000    
   775.000000       0.00000000    
   775.500000       0.00000000    
   776.000000       0.00000000    
   776.500000       0.00000000    
   777.000000       0.00000000    
   777.500000       0.00000000    
   778.000000       0.00000000    
   778.500000       0.00000000    
   779.000000       0.00000000    
   779.500000       0.00000000    
   780.000000       0.00000000    
   780.500000       0.00000000    
   781.000000       0.00000000    
   781.500000       0.00000000    
   782.000000       0.00000000    
   782.500000       0.00000000    
   783.000000       0.00000000    
   783.500000       0.00000000    
   784.000000       0.00000000    
   784.500000       0.00000000    
   785.000000       0.00000000    
   785.500000       0.00000000    
   786.000000       0.00000000    
   786.500000       0.00000000    
   787.000000       0.00000000    
   787.500000       0.00000000    
   788.000000       0.00000000    
   788.500000       0.00000000    
   789.000000       0.00000000    
   789.500000       0.00000000    
   790.000000       0.00000000    
   790.500000       0.00000000    
   791.000000       0.00000000    
   791.500000       0.00000000    
   792.000000       0.00000000    
   792.500000       0.00000000    
   793.000000       0.00000000    
   793.500000       0.00000000    
   794.000000       0.00000000    
   794.500000       0.00000000    
   795.000000       0.00000000    
   795.500000       0.00000000    
   796.000000       0.00000000    
   796.500000       0.00000000    
   797.000000       0.00000000    
   797.500000       0.00000000    
   798.000000       0.00000000    
   798.500000       0.00000000    
   799.000000       0.00000000    
   799.500000       0.00000000    
   800.000000       0.00000000    
   800.500000       0.00000000    
   801.000000       0.00000000    
   801.500000       0.00000000    
   802.000000       0.00000000    
   802.500000       0.00000000    
   803.000000       0.00000000    
   803.500000       0.00000000    
   804.000000       0.00000000    
   804.500000       0.00000000    
   805.000000       0.00000000    
   805.500000       0.00000000    
   806.000000       0.00000000    
   806.500000       0.00000000    
   807.000000       0.00000000    
   807.500000       0.00000000    
   808.000000       0.00000000    
   808.500000       0.00000000    
   809.000000       0.00000000    
   809.500000       0.00000000    
   810.000000       0.00000000    
   810.500000       0.00000000    
   811.000000       0.00000000    
   811.500000       0.00000000    
   812.000000       0.00000000    
   812.500000       0.00000000    
   813.000000       0.00000000    
   813.500000       0.00000000    
   814.000000       0.00000000    
   814.500000       0.00000000    
   815.000000       0.00000000    
   815.500000       0.00000000    
   816.000000       0.00000000    
   816.500000       0.00000000    
   817.000000       0.00000000    
   817.500000       0.00000000    
   818.000000       0.00000000    
   818.500000       0.00000000    
   819.000000       0.00000000    
   819.500000       0.00000000    
   820.000000       0.00000000    
   820.500000       0.00000000    
   821.000000       0.00000000    
   821.500000       0.00000000    
   822.000000       0.00000000    
   822.500000       0.00000000    
   823.000000       0.00000000    
   823.500000       0.00000000    
   824.000000       0.00000000    
   824.500000       0.00000000    
   825.000000       0.00000000    
   825.500000       0.00000000    
   826.000000       0.00000000    
   826.500000       0.00000000    
   827.000000       0.00000000    
   827.500000       0.00000000    
   828.000000       0.00000000    
   828.500000       0.00000000    
   829.000000       0.00000000    
   829.500000       0.00000000    
   830.000000       0.00000000    
   830.500000       0.00000000    
   831.000000       0.00000000    
   831.500000       0.00000000    
   832.000000       0.00000000    
   832.500000       0.00000000    
   833.000000       0.00000000    
   833.500000       0.00000000    
   834.000000       0.00000000    
   834.500000       0.00000000    
   835.000000       0.00000000    
   835.500000       0.00000000    
   836.000000       0.00000000    
   836.500000       0.00000000    
   837.000000       0.00000000    
   837.500000       0.00000000    
   838.000000       0.00000000    
   838.500000       0.00000000    
   839.000000       0.00000000    
   839.500000       0.00000000    
   840.000000       0.00000000    
   840.500000       0.00000000    
   841.000000       0.00000000    
   841.500000       0.00000000    
   842.000000       0.00000000    
   842.500000       0.00000000    
   843.000000       0.00000000    
   843.500000       0.00000000    
   844.000000       0.00000000    
   844.500000       0.00000000    
   845.000000       0.00000000    
   845.500000       0.00000000    
   846.000000       0.00000000    
   846.500000       0.00000000    
   847.000000       0.00000000    
   847.500000       0.00000000    
   848.000000       0.00000000    
   848.500000       0.00000000    
   849.000000       0.00000000    
   849.500000       0.00000000    
   850.000000       0.00000000    
   850.500000       0.00000000    
   851.000000       0.00000000    
   851.500000       0.00000000    
   852.000000       0.00000000    
   852.500000       0.00000000    
   853.000000       0.00000000    
   853.500000       0.00000000    
   854.000000       0.00000000    
   854.500000       0.00000000    
   855.000000       0.00000000    
   855.500000       0.00000000    
   856.000000       0.00000000    
   856.500000       0.00000000    
   857.000000       0.00000000    
   857.500000       0.00000000    
   858.000000       0.00000000    
   858.500000       0.00000000    
   859.000000       0.00000000    
   859.500000       0.00000000    
   860.000000       0.00000000    
   860.500000       0.00000000    
   861.000000       0.00000000    
   861.500000       0.00000000    
   862.000000       0.00000000    
   862.500000       0.00000000    
   863.000000       0.00000000    
   863.500000       0.00000000    
   864.000000       0.00000000    
   864.500000       0.00000000    
   865.000000       0.00000000    
   865.500000       0.00000000    
   866.000000       0.00000000    
   866.500000       0.00000000    
   867.000000       0.00000000    
   867.500000       0.00000000    
   868.000000       0.00000000    
   868.500000       0.00000000    
   869.000000       0.00000000    
   869.500000       0.00000000    
   870.000000       0.00000000    
   870.500000       0.00000000    
   871.000000       0.00000000    
   871.500000       0.00000000    
   872.000000       0.00000000    
   872.500000       0.00000000    
   873.000000       0.00000000    
   873.500000       0.00000000    
   874.000000       0.00000000    
   874.500000       0.00000000    
   875.000000       0.00000000    
   875.500000       0.00000000    
   876.000000       0.00000000    
   876.500000       0.00000000    
   877.000000       0.00000000    
   877.500000       0.00000000    
   878.000000       0.00000000    
   878.500000       0.00000000    
   879.000000       0.00000000    
   879.500000       0.00000000    
   880.000000       0.00000000    
   880.500000       0.00000000    
   881.000000       0.00000000    
   881.500000       0.00000000    
   882.000000       0.00000000    
   882.500000       0.00000000    
   883.000000       0.00000000    
   883.500000       0.00000000    
   884.000000       0.00000000    
   884.500000       0.00000000    
   885.000000       0.00000000    
   885.500000       0.00000000    
   886.000000       0.00000000    
   886.500000       0.00000000    
   887.000000       0.00000000    
   887.500000       0.00000000    
   888.000000       0.00000000    
   888.500000       0.00000000    
   889.000000       0.00000000    
   889.500000       0.00000000    
   890.000000       0.00000000    
   890.500000       0.00000000    
   891.000000       0.00000000    
   891.500000       0.00000000    
   892.000000       0.00000000    
   892.500000       0.00000000    
   893.000000       0.00000000    
   893.500000       0.00000000    
   894.000000       0.00000000    
   894.500000       0.00000000    
   895.000000       0.00000000    
   895.500000       0.00000000    
   896.000000       0.00000000    
   896.500000       0.00000000    
   897.000000       0.00000000    
   897.500000       0.00000000    
   898.000000       0.00000000    
   898.500000       0.00000000    
   899.000000       0.00000000    
   899.500000       0.00000000    
   900.000000       0.00000000    
   900.500000       0.00000000    
   901.000000       0.00000000    
   901.500000       0.00000000    
   902.000000       0.00000000    
   902.500000       0.00000000    
   903.000000       0.00000000    
   903.500000       0.00000000    
   904.000000       0.00000000    
   904.500000       0.00000000    
   905.000000       0.00000000    
   905.500000       0.00000000    
   906.000000       0.00000000    
   906.500000       0.00000000    
   907.000000       0.00000000    
   907.500000       0.00000000    
   908.000000       0.00000000    
   908.500000       0.00000000    
   909.000000       0.00000000    
   909.500000       0.00000000    
   910.000000       0.00000000    
   910.500000       0.00000000    
   911.000000       0.00000000    
   911.500000       0.00000000    
   912.000000       0.00000000    
   912.500000       0.00000000    
   913.000000       0.00000000    
   913.500000       0.00000000    
   914.000000       0.00000000    
   914.500000       0.00000000    
   915.000000       0.00000000    
   915.500000       0.00000000    
   916.000000       0.00000000    
   916.500000       0.00000000    
   917.000000       0.00000000    
   917.500000       0.00000000    
   918.000000       0.00000000    
   918.500000       0.00000000    
   919.000000       0.00000000    
   919.500000       0.00000000    
   920.000000       0.00000000    
   920.500000       0.00000000    
   921.000000       0.00000000    
   921.500000       0.00000000    
   922.000000       0.00000000    
   922.500000       0.00000000    
   923.000000       0.00000000    
   923.500000       0.00000000    
   924.000000       0.00000000    
   924.500000       0.00000000    
   925.000000       0.00000000    
   925.500000       0.00000000    
   926.000000       0.00000000    
   926.500000       0.00000000    
   927.000000       0.00000000    
   927.500000       0.00000000    
   928.000000       0.00000000    
   928.500000       0.00000000    
   929.000000       0.00000000    
   929.500000       0.00000000    
   930.000000       0.00000000    
   930.500000       0.00000000    
   931.000000       0.00000000    
   931.500000       0.00000000    
   932.000000       0.00000000    
   932.500000       0.00000000    
   933.000000       0.00000000    
   933.500000       0.00000000    
   934.000000       0.00000000    
   934.500000       0.00000000    
   935.000000       0.00000000    
   935.500000       0.00000000    
   936.000000       0.00000000    
   936.500000       0.00000000    
   937.000000       0.00000000    
   937.500000       0.00000000    
   938.000000       0.00000000    
   938.500000       0.00000000    
   939.000000       0.00000000    
   939.500000       0.00000000    
   940.000000       0.00000000    
   940.500000       0.00000000    
   941.000000       0.00000000    
   941.500000       0.00000000    
   942.000000       0.00000000    
   942.500000       0.00000000    
   943.000000       0.00000000    
   943.500000       0.00000000    
   944.000000       0.00000000    
   944.500000       0.00000000    
   945.000000       0.00000000    
   945.500000       0.00000000    
   946.000000       0.00000000    
   946.500000       0.00000000    
   947.000000       0.00000000    
   947.500000       0.00000000    
   948.000000       0.00000000    
   948.500000       0.00000000    
   949.000000       0.00000000    
   949.500000       0.00000000    
   950.000000       0.00000000    
   950.500000       0.00000000    
   951.000000       0.00000000    
   951.500000       0.00000000    
   952.000000       0.00000000    
   952.500000       0.00000000    
   953.000000       0.00000000    
   953.500000       0.00000000    
   954.000000       0.00000000    
   954.500000       0.00000000    
   955.000000       0.00000000    
   955.500000       0.00000000    
   956.000000       0.00000000    
   956.500000       0.00000000    
   957.000000       0.00000000    
   957.500000       0.00000000    
   958.000000       0.00000000    
   958.500000       0.00000000    
   959.000000       0.00000000    
   959.500000       0.00000000    
   960.000000       0.00000000    
   960.500000       0.00000000    
   961.000000       0.00000000    
   961.500000       0.00000000    
   962.000000       0.00000000    
   962.500000       0.00000000    
   963.000000       0.00000000    
   963.500000       0.00000000    
   964.000000       0.00000000    
   964.500000       0.00000000    
   965.000000       0.00000000    
   965.500000       0.00000000    
   966.000000       0.00000000    
   966.500000       0.00000000    
   967.000000       0.00000000    
   967.500000       0.00000000    
   968.000000       0.00000000    
   968.500000       0.00000000    
   969.000000       0.00000000    
   969.500000       0.00000000    
   970.000000       0.00000000    
   970.500000       0.00000000    
   971.000000       0.00000000    
   971.500000       0.00000000    
   972.000000       0.00000000    
   972.500000       0.00000000    
   973.000000       0.00000000    
   973.500000       0.00000000    
   974.000000       0.00000000    
   974.500000       0.00000000    
   975.000000       0.00000000    
   975.500000       0.00000000    
   976.000000       0.00000000    
   976.500000       0.00000000    
   977.000000       0.00000000    
   977.500000       0.00000000    
   978.000000       0.00000000    
   978.500000       0.00000000    
   979.000000       0.00000000    
   979.500000       0.00000000    
   980.000000       0.00000000    
   980.500000       0.00000000    
   981.000000       0.00000000    
   981.500000       0.00000000    
   982.000000       0.00000000    
   982.500000       0.00000000    
   983.000000       0.00000000    
   983.500000       0.00000000    
   984.000000       0.00000000    
   984.500000       0.00000000    
   985.000000       0.00000000    
   985.500000       0.00000000    
   986.000000       0.00000000    
   986.500000       0.00000000    
   987.000000       0.00000000    
   987.500000       0.00000000    
   988.000000       0.00000000    
   988.500000       0.00000000    
   989.000000       0.00000000    
   989.500000       0.00000000    
   990.000000       0.00000000    
   990.500000       0.00000000    
   991.000000       0.00000000    
   991.500000       0.00000000    
   992.000000       0.00000000    
   992.500000       0.00000000    
   993.000000       0.00000000    
   993.500000       0.00000000    
   994.000000       0.00000000    
   994.500000       0.00000000    
   995.000000       0.00000000    
   995.500000       0.00000000    
   996.000000       0.00000000    
   996.500000       0.00000000    
   997.000000       0.00000000    
   997.500000       0.00000000    
   998.000000       0.00000000    
   998.500000       0.00000000    
   999.000000       0.00000000    
   999.500000       0.00000000    
   1000.00000       0.00000000    
