 -0.250000000       1.50578251E-06
  0.250000000       1.50578251E-06
  0.750000000      -1.50907272E-05
   1.25000000       1.68940824E-05
   1.75000000      -2.81250104E-05
   2.25000000       2.62130579E-05
   2.75000000      -3.30276926E-05
   3.25000000       2.55559808E-05
   3.75000000      -2.69068460E-05
   4.25000000       1.44469141E-05
   4.75000000      -1.24430353E-05
   5.25000000      -1.12940950E-06
   5.75000000       3.48536361E-07
   6.25000000      -8.03566581E-06
   6.75000000      -2.10229405E-06
   7.25000000       4.23406709E-06
   7.75000000      -2.28617009E-05
   8.25000000       2.79526466E-05
   8.75000000      -4.27258783E-05
   9.25000000       3.48919966E-05
   9.75000000      -3.28412789E-05
   10.2500000       7.98611018E-06
   10.7500000       1.50794551E-06
   11.2500000      -2.05891683E-05
   11.7500000       8.64930644E-06
   12.2500000      -2.32212733E-06
   12.7500000      -2.72270263E-05
   13.2500000       2.66478401E-05
   13.7500000      -2.53827820E-05
   14.2500000      -1.74457291E-05
   14.7500000       3.94735980E-05
   15.2500000      -6.19845741E-05
   15.7500000       2.40644276E-05
   16.2500000       5.34679339E-06
   16.7500000      -4.04328457E-05
   17.2500000      -1.63468280E-06
   17.7500000       3.52104362E-05
   18.2500000      -5.71316086E-05
   18.7500000      -3.12232078E-05
   19.2500000       8.91605450E-05
   19.7500000      -7.55072979E-05
   20.2500000      -7.03211772E-05
   20.7500000       9.29930611E-05
   21.2500000       1.11373207E-04
   21.7500000       5.83252258E-05
   22.2500000       4.56117530E-04
   22.7500000       2.06276914E-03
   23.2500000       4.74476861E-03
   23.7500000       8.26440286E-03
   24.2500000       1.24629820E-02
   24.7500000       1.69436298E-02
   25.2500000       2.18294598E-02
   25.7500000       2.69738510E-02
   26.2500000       3.22130136E-02
   26.7500000       3.77917476E-02
   27.2500000       4.33932133E-02
   27.7500000       4.91115078E-02
   28.2500000       5.50776236E-02
   28.7500000       6.09171316E-02
   29.2500000       6.69739097E-02
   29.7500000       7.31116012E-02
   30.2500000       7.91015178E-02
   30.7500000       8.53438377E-02
   31.2500000       9.15717557E-02
   31.7500000       9.75726545E-02
   32.2500000      0.103859141    
   32.7500000      0.110361367    
   33.2500000      0.115658283    
   33.7500000      0.122544892    
   34.2500000      0.129364461    
   34.7500000      0.131973192    
   35.2500000      0.142688721    
   35.7500000      0.147400767    
   36.2500000      0.144515246    
   36.7500000      0.167807400    
   37.2500000      0.160550565    
   37.7500000      0.151411042    
   38.2500000      0.203258201    
   38.7500000      0.162587598    
   39.2500000      0.149445564    
   39.7500000      0.252991498    
   40.2500000      0.152915418    
   40.7500000      0.125353739    
   41.2500000      0.308672637    
   41.7500000      0.153888643    
   42.2500000      -6.71840215E-04
   42.7500000      -2.80041131E-03
   43.2500000       3.24557186E-04
   43.7500000      -9.20783441E-06
   44.2500000      -8.57595296E-06
   44.7500000       3.07978121E-06
   45.2500000       3.01093252E-07
   45.7500000      -1.35214606E-07
   46.2500000      -2.64463011E-08
   46.7500000       3.91670696E-09
   47.2500000       2.06776529E-09
   47.7500000      -7.68995839E-11
   48.2500000      -1.30150474E-10
   48.7500000       6.55571951E-13
   49.2500000       7.26265142E-12
   49.7500000      -4.09620796E-14
   50.2500000      -3.77384539E-13
   50.7500000       1.11450122E-14
   51.2500000       1.82137444E-14
   51.7500000      -1.34200110E-15
   52.2500000      -7.83627131E-16
   52.7500000       1.10137034E-16
   53.2500000       2.75026039E-17
   53.7500000      -6.97244518E-18
   54.2500000      -5.97932159E-19
   54.7500000       3.49249355E-19
   55.2500000      -9.06430493E-21
   55.7500000      -1.33124388E-20
   56.2500000       1.80540852E-21
   56.7500000       3.20042712E-22
   57.2500000      -1.07956195E-22
   57.7500000       1.05332495E-24
   58.2500000       3.92996895E-24
   58.7500000      -5.56415644E-25
   59.2500000      -6.83432049E-26
   59.7500000       2.96141712E-26
   60.2500000      -1.80070386E-27
   60.7500000      -7.77979112E-28
   61.2500000       1.79082909E-28
   61.7500000      -6.77271321E-31
   62.2500000      -5.97086807E-30
   62.7500000       9.70963412E-31
   63.2500000       4.12282779E-32
   63.7500000      -3.86419141E-32
   64.2500000       5.10474805E-33
   64.7500000       3.78727520E-34
   65.2500000      -2.27475468E-34
   65.7500000       2.75935360E-35
   66.2500000       2.24882763E-36
   66.7500000      -1.25423127E-36
   67.2500000       1.56864063E-37
   67.7500000       9.57788621E-39
   68.2500000      -6.48823750E-39
   68.7500000       9.18291903E-40
   69.2500000       2.02403550E-41
   69.7500000      -3.08285662E-41
   70.2500000       5.28850040E-42
   70.7500000      -1.26116862E-43
   71.2500000      -1.26116862E-43
   71.7500000       2.94272678E-44
   72.2500000      -2.80259693E-45
   72.7500000       0.00000000    
   73.2500000       0.00000000    
   73.7500000       0.00000000    
   74.2500000       0.00000000    
   74.7500000       0.00000000    
   75.2500000       0.00000000    
   75.7500000       0.00000000    
   76.2500000       0.00000000    
   76.7500000       0.00000000    
   77.2500000       0.00000000    
   77.7500000       0.00000000    
   78.2500000       0.00000000    
   78.7500000       0.00000000    
   79.2500000       0.00000000    
   79.7500000       0.00000000    
   80.2500000       0.00000000    
   80.7500000       0.00000000    
   81.2500000       0.00000000    
   81.7500000       0.00000000    
   82.2500000       0.00000000    
   82.7500000       0.00000000    
   83.2500000       0.00000000    
   83.7500000       0.00000000    
   84.2500000       0.00000000    
   84.7500000       0.00000000    
   85.2500000       0.00000000    
   85.7500000       0.00000000    
   86.2500000       0.00000000    
   86.7500000       0.00000000    
   87.2500000       0.00000000    
   87.7500000       0.00000000    
   88.2500000       0.00000000    
   88.7500000       0.00000000    
   89.2500000       0.00000000    
   89.7500000       0.00000000    
   90.2500000       0.00000000    
   90.7500000       0.00000000    
   91.2500000       0.00000000    
   91.7500000       0.00000000    
   92.2500000       0.00000000    
   92.7500000       0.00000000    
   93.2500000       0.00000000    
   93.7500000       0.00000000    
   94.2500000       0.00000000    
   94.7500000       0.00000000    
   95.2500000       0.00000000    
   95.7500000       0.00000000    
   96.2500000       0.00000000    
   96.7500000       0.00000000    
   97.2500000       0.00000000    
   97.7500000       0.00000000    
   98.2500000       0.00000000    
   98.7500000       0.00000000    
   99.2500000       0.00000000    
   99.7500000       0.00000000    
   100.250000       0.00000000    
