   0.00000000       0.00000000    
  0.500000000       7.12575775E-06
   1.00000000      -1.36844455E-05
   1.50000000       2.11042625E-05
   2.00000000      -2.67034993E-05
   2.50000000       3.31454357E-05
   3.00000000      -3.58109974E-05
   3.50000000       3.88325570E-05
   4.00000000      -3.56374912E-05
   4.50000000       3.24088905E-05
   5.00000000      -2.18650966E-05
   5.50000000       1.33478779E-05
   6.00000000       6.10121788E-07
   6.50000000      -6.94076971E-06
   7.00000000       1.47631517E-05
   7.50000000      -9.00109626E-06
   8.00000000       3.18780803E-06
   8.50000000       1.60968557E-05
   9.00000000      -2.79972373E-05
   9.50000000       4.45422957E-05
   10.0000000      -4.12541158E-05
   10.5000000       3.66516688E-05
   11.0000000      -1.16459851E-05
   11.5000000      -1.36430026E-06
   12.0000000       1.71403135E-05
   12.5000000      -1.37809911E-06
   13.0000000      -1.43248199E-05
   13.5000000       4.71207459E-05
   14.0000000      -4.44389007E-05
   14.5000000       3.10012947E-05
   15.0000000       2.27811834E-05
   15.5000000      -4.73376858E-05
   16.0000000       5.69204785E-05
   16.5000000      -4.20461765E-06
   17.0000000      -2.28516583E-05
   17.5000000       2.84327089E-05
   18.0000000       4.57268361E-05
   18.5000000      -7.05609564E-05
   19.0000000       3.61852362E-05
   19.5000000       9.30976748E-05
   20.0000000      -9.74975774E-05
   20.5000000      -4.52636596E-06
   21.0000000       1.39788317E-04
   21.5000000       1.22637197E-04
   22.0000000       8.21250287E-05
   22.5000000       7.18807103E-04
   23.0000000       2.64641922E-03
   23.5000000       5.53260930E-03
   24.0000000       9.24906228E-03
   24.5000000       1.35179199E-02
   25.0000000       1.80265773E-02
   25.5000000       2.29686927E-02
   26.0000000       2.80440431E-02
   26.5000000       3.32659036E-02
   27.0000000       3.87929678E-02
   27.5000000       4.42448892E-02
   28.0000000       4.99110408E-02
   28.5000000       5.57042733E-02
   29.0000000       6.13597855E-02
   29.5000000       6.73004836E-02
   30.0000000       7.31629953E-02
   30.5000000       7.89484829E-02
   31.0000000       8.49867016E-02
   31.5000000       9.08901244E-02
   32.0000000       9.65819433E-02
   32.5000000      0.102720417    
   33.0000000      0.108730331    
   33.5000000      0.113537706    
   34.0000000      0.120850936    
   34.5000000      0.126102254    
   35.0000000      0.128773957    
   35.5000000      0.141033411    
   36.0000000      0.140653968    
   36.5000000      0.141749531    
   37.0000000      0.166441619    
   37.5000000      0.146878436    
   38.0000000      0.153389737    
   38.5000000      0.200760916    
   39.0000000      0.137448102    
   39.5000000      0.162737131    
   40.0000000      0.246947065    
   40.5000000      0.111474976    
   41.0000000      0.152627438    
   41.5000000      0.303937197    
   42.0000000       9.34605449E-02
   42.5000000      -1.00320056E-02
   43.0000000      -9.79892444E-04
   43.5000000       3.08388058E-04
   44.0000000      -3.89098568E-05
   44.5000000      -1.21846278E-06
   45.0000000       2.60125330E-06
   45.5000000      -5.58798234E-08
   46.0000000      -1.12861315E-07
   46.5000000      -9.36159772E-09
   47.0000000       4.95000929E-09
   47.5000000       1.16189669E-09
   48.0000000      -2.30903879E-10
   48.5000000      -8.15219628E-11
   49.0000000       1.15692603E-11
   49.5000000       4.63373567E-12
   50.0000000      -6.45310682E-13
   50.5000000      -2.30651978E-13
   51.0000000       3.90597724E-14
   51.5000000       9.91900823E-15
   52.0000000      -2.35237440E-15
   52.5000000      -3.34709622E-16
   53.0000000       1.29951980E-16
   53.5000000       5.66670749E-18
   54.0000000      -6.18744457E-18
   54.5000000       2.90713428E-19
   55.0000000       2.35564107E-19
   55.5000000      -3.54541631E-20
   56.0000000      -5.92753265E-21
   56.5000000       2.07971422E-21
   57.0000000      -5.08285169E-24
   57.5000000      -8.04082071E-23
   58.0000000       1.02176877E-23
   58.5000000       1.72112035E-24
   59.0000000      -6.09755657E-25
   59.5000000       2.03225638E-26
   60.0000000       1.92406010E-26
   60.5000000      -3.50399958E-27
   61.0000000      -1.61986501E-28
   61.5000000       1.46707449E-28
   62.0000000      -1.70203322E-29
   62.5000000      -2.32584817E-30
   63.0000000       9.45294471E-31
   63.5000000      -7.62240260E-32
   64.0000000      -1.85662618E-32
   64.5000000       5.60077691E-33
   65.0000000      -3.53437999E-34
   65.5000000      -1.18108874E-34
   66.0000000       3.18224401E-35
   66.5000000      -1.92249307E-36
   67.0000000      -6.45030284E-37
   67.5000000       1.75872352E-37
   68.0000000      -1.24541088E-38
   68.5000000      -3.02372743E-39
   69.0000000       9.37395805E-40
   69.5000000      -8.63269919E-41
   70.0000000      -1.13014721E-41
   70.5000000       4.69294856E-42
   71.0000000      -5.77334967E-43
   71.5000000      -2.10194770E-44
   72.0000000       2.10194770E-44
   72.5000000      -2.80259693E-45
   73.0000000       0.00000000    
   73.5000000       0.00000000    
   74.0000000       0.00000000    
   74.5000000       0.00000000    
   75.0000000       0.00000000    
   75.5000000       0.00000000    
   76.0000000       0.00000000    
   76.5000000       0.00000000    
   77.0000000       0.00000000    
   77.5000000       0.00000000    
   78.0000000       0.00000000    
   78.5000000       0.00000000    
   79.0000000       0.00000000    
   79.5000000       0.00000000    
   80.0000000       0.00000000    
   80.5000000       0.00000000    
   81.0000000       0.00000000    
   81.5000000       0.00000000    
   82.0000000       0.00000000    
   82.5000000       0.00000000    
   83.0000000       0.00000000    
   83.5000000       0.00000000    
   84.0000000       0.00000000    
   84.5000000       0.00000000    
   85.0000000       0.00000000    
   85.5000000       0.00000000    
   86.0000000       0.00000000    
   86.5000000       0.00000000    
   87.0000000       0.00000000    
   87.5000000       0.00000000    
   88.0000000       0.00000000    
   88.5000000       0.00000000    
   89.0000000       0.00000000    
   89.5000000       0.00000000    
   90.0000000       0.00000000    
   90.5000000       0.00000000    
   91.0000000       0.00000000    
   91.5000000       0.00000000    
   92.0000000       0.00000000    
   92.5000000       0.00000000    
   93.0000000       0.00000000    
   93.5000000       0.00000000    
   94.0000000       0.00000000    
   94.5000000       0.00000000    
   95.0000000       0.00000000    
   95.5000000       0.00000000    
   96.0000000       0.00000000    
   96.5000000       0.00000000    
   97.0000000       0.00000000    
   97.5000000       0.00000000    
   98.0000000       0.00000000    
   98.5000000       0.00000000    
   99.0000000       0.00000000    
   99.5000000       0.00000000    
   100.000000       0.00000000    
