 -0.250000000      -5.80535561E-06
  0.250000000      -5.80535561E-06
  0.750000000       3.26278678E-06
   1.25000000      -1.48478503E-05
   1.75000000       1.25518527E-05
   2.25000000      -2.42379410E-05
   2.75000000       2.13056392E-05
   3.25000000      -3.18660059E-05
   3.75000000       2.63935672E-05
   4.25000000      -3.37016900E-05
   4.75000000       2.36334436E-05
   5.25000000      -2.63161837E-05
   5.75000000       1.10864912E-05
   6.25000000      -1.08172999E-05
   6.75000000      -5.85221505E-06
   7.25000000       3.33736193E-06
   7.75000000      -1.45177437E-05
   8.25000000       2.33500418E-06
   8.75000000      -3.78531581E-06
   9.25000000      -1.81524174E-05
   9.75000000       2.05986635E-05
   10.2500000      -4.05760620E-05
   10.7500000       3.16757250E-05
   11.2500000      -3.65972592E-05
   11.7500000       1.05139261E-05
   12.2500000      -7.26399048E-06
   12.7500000      -1.68572424E-05
   13.2500000       2.40627719E-06
   13.7500000      -4.48113360E-06
   14.2500000      -2.93345711E-05
   14.7500000       2.50029552E-05
   15.2500000      -3.66929125E-05
   15.7500000      -6.76994068E-06
   16.2500000       2.08299080E-05
   16.7500000      -6.11180367E-05
   17.2500000       3.07627306E-05
   17.7500000      -1.92939333E-05
   18.2500000      -3.59602091E-05
   18.7500000       9.60488978E-06
   19.2500000      -7.16445697E-07
   19.7500000      -5.76693383E-05
   20.2500000       6.33549507E-06
   20.7500000       3.11041986E-05
   21.2500000      -1.04644576E-04
   21.7500000       1.52338753E-05
   22.2500000       4.90403327E-05
   22.7500000      -9.27268338E-05
   23.2500000      -6.08914270E-05
   23.7500000       7.24355486E-05
   24.2500000       1.23430538E-04
   24.7500000       8.71195425E-06
   25.2500000       4.47831553E-04
   25.7500000       2.03258242E-03
   26.2500000       4.57130792E-03
   26.7500000       8.00005626E-03
   27.2500000       1.19750882E-02
   27.7500000       1.62269883E-02
   28.2500000       2.09135916E-02
   28.7500000       2.57382486E-02
   29.2500000       3.07181645E-02
   29.7500000       3.60128321E-02
   30.2500000       4.12626639E-02
   30.7500000       4.67000455E-02
   31.2500000       5.23247570E-02
   31.7500000       5.78299873E-02
   32.2500000       6.35614321E-02
   32.7500000       6.93485364E-02
   33.2500000       7.50668123E-02
   33.7500000       8.08450803E-02
   34.2500000       8.68639946E-02
   34.7500000       9.26877409E-02
   35.2500000       9.80367884E-02
   35.7500000      0.105083793    
   36.2500000      0.110098191    
   36.7500000      0.114568904    
   37.2500000      0.125003695    
   37.7500000      0.125635520    
   38.2500000      0.130176485    
   38.7500000      0.148697570    
   39.2500000      0.135748103    
   39.7500000      0.145166084    
   40.2500000      0.179322422    
   40.7500000      0.135427788    
   41.2500000      0.158638731    
   41.7500000      0.220793918    
   42.2500000      0.122501560    
   42.7500000      0.162184849    
   43.2500000      0.275653422    
   43.7500000      0.107441075    
   44.2500000      0.134829581    
   44.7500000      0.332116514    
   45.2500000      0.119057111    
   45.7500000      -8.02279729E-03
   46.2500000      -1.41739589E-03
   46.7500000       4.01194353E-04
   47.2500000      -2.86238519E-05
   47.7500000      -3.87031105E-06
   48.2500000       1.93791038E-06
   48.7500000      -1.92729644E-07
   49.2500000      -6.39426432E-08
   49.7500000       7.66088881E-09
   50.2500000       2.66779399E-09
   50.7500000       2.96235313E-13
   51.2500000      -1.56823637E-10
   51.7500000      -1.34326066E-11
   52.2500000       9.34248165E-12
   52.7500000       9.34594958E-13
   53.2500000      -5.21657478E-13
   53.7500000      -4.39233170E-14
   54.2500000       2.79060832E-14
   54.7500000       1.36799484E-15
   55.2500000      -1.42599797E-15
   55.7500000       2.11108404E-18
   56.2500000       6.70627020E-17
   56.7500000      -4.35987297E-18
   57.2500000      -2.72539096E-18
   57.7500000       4.05262691E-19
   58.2500000       8.46196073E-20
   58.7500000      -2.49736005E-20
   59.2500000      -1.16172973E-21
   59.7500000       1.15043011E-21
   60.2500000      -7.52740163E-23
   60.7500000      -3.76960307E-23
   61.2500000       7.34348408E-24
   61.7500000       5.81315743E-25
   62.2500000      -3.53951214E-25
   62.7500000       2.35453780E-26
   63.2500000       1.00878354E-26
   63.7500000      -2.23996207E-27
   64.2500000      -5.42856818E-29
   64.7500000       8.82386230E-29
   65.2500000      -1.09633389E-29
   65.7500000      -1.46183067E-30
   66.2500000       6.02808549E-31
   66.7500000      -4.31920882E-32
   67.2500000      -1.36664443E-32
   67.7500000       3.64114481E-33
   68.2500000      -1.37677595E-34
   68.7500000      -9.72300165E-35
   69.2500000       2.07702146E-35
   69.7500000      -3.80769249E-37
   70.2500000      -5.99799239E-37
   70.7500000       1.16370741E-37
   71.2500000      -1.59426287E-39
   71.7500000      -3.34655577E-39
   72.2500000       6.50548608E-40
   72.7500000      -1.53820532E-41
   73.2500000      -1.69837374E-41
   73.7500000       3.60834355E-42
   74.2500000      -1.61149323E-43
   74.7500000      -7.70714155E-44
   75.2500000       1.82168800E-44
   75.7500000       0.00000000    
   76.2500000       0.00000000    
   76.7500000       0.00000000    
   77.2500000       0.00000000    
   77.7500000       0.00000000    
   78.2500000       0.00000000    
   78.7500000       0.00000000    
   79.2500000       0.00000000    
   79.7500000       0.00000000    
   80.2500000       0.00000000    
   80.7500000       0.00000000    
   81.2500000       0.00000000    
   81.7500000       0.00000000    
   82.2500000       0.00000000    
   82.7500000       0.00000000    
   83.2500000       0.00000000    
   83.7500000       0.00000000    
   84.2500000       0.00000000    
   84.7500000       0.00000000    
   85.2500000       0.00000000    
   85.7500000       0.00000000    
   86.2500000       0.00000000    
   86.7500000       0.00000000    
   87.2500000       0.00000000    
   87.7500000       0.00000000    
   88.2500000       0.00000000    
   88.7500000       0.00000000    
   89.2500000       0.00000000    
   89.7500000       0.00000000    
   90.2500000       0.00000000    
   90.7500000       0.00000000    
   91.2500000       0.00000000    
   91.7500000       0.00000000    
   92.2500000       0.00000000    
   92.7500000       0.00000000    
   93.2500000       0.00000000    
   93.7500000       0.00000000    
   94.2500000       0.00000000    
   94.7500000       0.00000000    
   95.2500000       0.00000000    
   95.7500000       0.00000000    
   96.2500000       0.00000000    
   96.7500000       0.00000000    
   97.2500000       0.00000000    
   97.7500000       0.00000000    
   98.2500000       0.00000000    
   98.7500000       0.00000000    
   99.2500000       0.00000000    
   99.7500000       0.00000000    
   100.250000       0.00000000    
