   0.00000000       0.00000000    
  0.500000000       2.58841555E-06
   1.00000000      -4.06942036E-06
   1.50000000       5.59267573E-06
   2.00000000      -4.06169602E-06
   2.50000000       3.29617433E-06
   3.00000000       1.80318966E-06
   3.50000000      -4.29115244E-06
   4.00000000       1.15739185E-05
   4.50000000      -1.33231915E-05
   5.00000000       1.90165701E-05
   5.50000000      -1.59298943E-05
   6.00000000       1.63435161E-05
   6.50000000      -5.58170177E-06
   7.00000000       5.91171556E-07
   7.50000000       1.48070249E-05
   8.00000000      -1.86144935E-05
   8.50000000       2.92021850E-05
   9.00000000      -2.12626564E-05
   9.50000000       1.89901602E-05
   10.0000000       3.17056401E-06
   10.5000000      -1.23218997E-05
   11.0000000       3.45217850E-05
   11.5000000      -3.05917092E-05
   12.0000000       3.42796484E-05
   12.5000000      -8.91881518E-06
   13.0000000       2.83898771E-06
   13.5000000       1.86158250E-05
   14.0000000      -4.61423042E-07
   14.5000000      -6.11884025E-06
   15.0000000       4.50847074E-05
   15.5000000      -4.19556454E-05
   16.0000000       4.60731972E-05
   16.5000000       7.24688653E-06
   17.0000000      -2.69885240E-05
   17.5000000       6.21701911E-05
   18.0000000      -1.89895618E-05
   18.5000000       2.19147842E-06
   19.0000000       4.02051264E-05
   19.5000000       1.43107936E-05
   20.0000000      -3.62585306E-05
   20.5000000       7.24224010E-05
   21.0000000       2.64080227E-05
   21.5000000      -7.49885585E-05
   22.0000000       9.81081830E-05
   22.5000000       5.04021191E-05
   23.0000000      -6.90126471E-05
   23.5000000       8.27738404E-06
   24.0000000       1.53106506E-04
   24.5000000       1.47651459E-04
   25.0000000       4.81388270E-05
   25.5000000       7.54680776E-04
   26.0000000       2.60515255E-03
   26.5000000       5.36287529E-03
   27.0000000       8.97889864E-03
   27.5000000       1.29922964E-02
   28.0000000       1.73067711E-02
   28.5000000       2.20259745E-02
   29.0000000       2.67821141E-02
   29.5000000       3.17755751E-02
   30.0000000       3.69964428E-02
   30.5000000       4.21240777E-02
   31.0000000       4.75259945E-02
   31.5000000       5.29761538E-02
   32.0000000       5.83353378E-02
   32.5000000       6.39492944E-02
   33.0000000       6.95089847E-02
   33.5000000       7.50285685E-02
   34.0000000       8.05935860E-02
   34.5000000       8.64562839E-02
   35.0000000       9.17938724E-02
   35.5000000       9.70706493E-02
   36.0000000      0.104100555    
   36.5000000      0.107705608    
   37.0000000      0.113318101    
   37.5000000      0.123246692    
   38.0000000      0.120579332    
   38.5000000      0.130259767    
   39.0000000      0.145096555    
   39.5000000      0.126357391    
   40.0000000      0.150082380    
   40.5000000      0.171186641    
   41.0000000      0.119580977    
   41.5000000      0.173721284    
   42.0000000      0.204430103    
   42.5000000       9.69698802E-02
   43.0000000      0.192501903    
   43.5000000      0.250590354    
   44.0000000       6.71211109E-02
   44.5000000      0.178322926    
   45.0000000      0.310260624    
   45.5000000       6.01637661E-02
   46.0000000      -1.18013732E-02
   46.5000000       2.19699315E-04
   47.0000000       2.52111407E-04
   47.5000000      -4.44007310E-05
   48.0000000       2.20624725E-06
   48.5000000       1.12926307E-06
   49.0000000      -2.74689626E-07
   49.5000000      -2.12753761E-08
   50.0000000       8.84724471E-09
   50.5000000       1.35757905E-09
   51.0000000      -1.94795527E-10
   51.5000000      -1.14452045E-10
   52.0000000       4.50313745E-12
   52.5000000       7.43496237E-12
   53.0000000      -2.06467764E-13
   53.5000000      -4.12672636E-13
   54.0000000       1.74105606E-14
   54.5000000       2.09128471E-14
   55.0000000      -1.57313066E-15
   55.5000000      -9.64540346E-16
   56.0000000       1.24434143E-16
   56.5000000       3.82899060E-17
   57.0000000      -8.28701798E-18
   57.5000000      -1.13079302E-18
   58.0000000       4.59238889E-19
   58.5000000       9.79158894E-21
   59.0000000      -2.06118287E-20
   59.5000000       1.60421986E-21
   60.0000000       6.89486696E-22
   60.5000000      -1.40125375E-22
   61.0000000      -1.18688785E-23
   61.5000000       6.94337541E-24
   62.0000000      -3.83663586E-25
   62.5000000      -2.18732344E-25
   63.0000000       4.29986817E-26
   63.5000000       2.43791184E-27
   64.0000000      -1.92436802E-27
   64.5000000       1.81980940E-28
   65.0000000       4.31747542E-29
   65.5000000      -1.28430262E-29
   66.0000000       4.08867357E-31
   66.5000000       3.84788155E-31
   67.0000000      -7.40945357E-32
   67.5000000      -1.36629508E-33
   68.0000000       2.72027393E-33
   68.5000000      -3.99532714E-34
   69.0000000      -2.36363502E-35
   69.5000000       1.70653139E-35
   70.0000000      -2.14290453E-36
   70.5000000      -1.78735899E-37
   71.0000000       9.95050157E-38
   71.5000000      -1.19334241E-38
   72.0000000      -9.85069380E-40
   72.5000000       5.48293057E-40
   73.0000000      -6.95590545E-41
   73.5000000      -3.96006946E-42
   74.0000000       2.84603718E-42
   74.5000000      -4.11981749E-43
   75.0000000      -7.00649232E-45
   75.5000000       1.40129846E-44
   76.0000000       0.00000000    
   76.5000000       0.00000000    
   77.0000000       0.00000000    
   77.5000000       0.00000000    
   78.0000000       0.00000000    
   78.5000000       0.00000000    
   79.0000000       0.00000000    
   79.5000000       0.00000000    
   80.0000000       0.00000000    
   80.5000000       0.00000000    
   81.0000000       0.00000000    
   81.5000000       0.00000000    
   82.0000000       0.00000000    
   82.5000000       0.00000000    
   83.0000000       0.00000000    
   83.5000000       0.00000000    
   84.0000000       0.00000000    
   84.5000000       0.00000000    
   85.0000000       0.00000000    
   85.5000000       0.00000000    
   86.0000000       0.00000000    
   86.5000000       0.00000000    
   87.0000000       0.00000000    
   87.5000000       0.00000000    
   88.0000000       0.00000000    
   88.5000000       0.00000000    
   89.0000000       0.00000000    
   89.5000000       0.00000000    
   90.0000000       0.00000000    
   90.5000000       0.00000000    
   91.0000000       0.00000000    
   91.5000000       0.00000000    
   92.0000000       0.00000000    
   92.5000000       0.00000000    
   93.0000000       0.00000000    
   93.5000000       0.00000000    
   94.0000000       0.00000000    
   94.5000000       0.00000000    
   95.0000000       0.00000000    
   95.5000000       0.00000000    
   96.0000000       0.00000000    
   96.5000000       0.00000000    
   97.0000000       0.00000000    
   97.5000000       0.00000000    
   98.0000000       0.00000000    
   98.5000000       0.00000000    
   99.0000000       0.00000000    
   99.5000000       0.00000000    
   100.000000       0.00000000    
