 -0.250000000       3.02107346E-05
  0.250000000       3.02107346E-05
  0.750000000      -7.98171750E-05
   1.25000000       8.80736552E-05
   1.75000000      -4.27215818E-05
   2.25000000      -2.91068282E-05
   2.75000000       1.29727967E-04
   3.25000000       1.65330785E-04
   3.75000000       5.55829378E-04
   4.25000000       2.28452659E-03
   4.75000000       5.83250495E-03
   5.25000000       1.06789665E-02
   5.75000000       1.66318677E-02
   6.25000000       2.32532118E-02
   6.75000000       3.06072980E-02
   7.25000000       3.83645631E-02
   7.75000000       4.66371290E-02
   8.25000000       5.51271178E-02
   8.75000000       6.39782995E-02
   9.25000000       7.29063526E-02
   9.75000000       8.20762515E-02
   10.2500000       9.12061334E-02
   10.7500000      0.100468859    
   11.2500000      0.109589674    
   11.7500000      0.118725464    
   12.2500000      0.127628580    
   12.7500000      0.136400506    
   13.2500000      0.144857004    
   13.7500000      0.152990475    
   14.2500000      0.160718217    
   14.7500000      0.167871729    
   15.2500000      0.174491704    
   15.7500000      0.180211931    
   16.2500000      0.185167566    
   16.7500000      0.188800514    
   17.2500000      0.191218287    
   17.7500000      0.191708907    
   18.2500000      0.190095335    
   18.7500000      0.185508057    
   19.2500000      0.176990896    
   19.7500000      0.163256541    
   20.2500000      0.141757324    
   20.7500000      0.111413077    
   21.2500000       7.62111992E-02
   21.7500000       4.54629101E-02
   22.2500000       2.38991845E-02
   22.7500000       1.04190242E-02
   23.2500000       3.28111951E-03
   23.7500000       5.45702642E-04
   24.2500000      -4.68312355E-05
   24.7500000      -4.25168182E-05
   25.2500000      -4.04070306E-06
   25.7500000       1.83094642E-06
   26.2500000       3.23832467E-07
   26.7500000      -7.70984840E-08
   27.2500000      -1.47853019E-08
   27.7500000       3.66186703E-09
   28.2500000       4.48614035E-10
   28.7500000      -1.72933279E-10
   29.2500000      -3.59503573E-12
   29.7500000       6.69786926E-12
   30.2500000      -5.70422724E-13
   30.7500000      -1.65862793E-13
   31.2500000       3.98879673E-14
   31.7500000       9.74600344E-17
   32.2500000      -1.28700272E-15
   32.7500000       1.88245714E-16
   33.2500000       1.00523802E-17
   33.7500000      -7.24047734E-18
   34.2500000       9.10488247E-19
   34.7500000       5.20385204E-20
   35.2500000      -3.48541049E-20
   35.7500000       4.83353863E-21
   36.2500000       6.23581040E-23
   36.7500000      -1.41659085E-22
   37.2500000       2.53961099E-23
   37.7500000      -1.22761785E-24
   38.2500000      -4.12711984E-25
   38.7500000       1.13625208E-25
   39.2500000      -1.26028911E-26
   39.7500000      -2.42987263E-28
   40.2500000       3.59526030E-28
   40.7500000      -6.91853981E-29
   41.2500000       5.95083501E-30
   41.7500000       3.78921121E-31
   42.2500000      -2.21262173E-31
   42.7500000       3.89637880E-32
   43.2500000      -3.36766826E-33
   43.7500000      -1.54091330E-34
   44.2500000       1.10362802E-34
   44.7500000      -2.10020433E-35
   45.2500000       2.21983380E-36
   45.7500000      -3.25893033E-38
   46.2500000      -4.14255579E-38
   46.7500000       1.00854772E-38
   47.2500000      -1.39579977E-39
   47.7500000       1.01829557E-40
   48.2500000       6.46138722E-42
   48.7500000      -3.64617860E-42
   49.2500000       7.07655724E-43
   49.7500000      -8.54792063E-44
   50.2500000       5.60519386E-45
   50.7500000       1.40129846E-45
   51.2500000       0.00000000    
   51.7500000       0.00000000    
   52.2500000       0.00000000    
   52.7500000       0.00000000    
   53.2500000       0.00000000    
   53.7500000       0.00000000    
   54.2500000       0.00000000    
   54.7500000       0.00000000    
   55.2500000       0.00000000    
   55.7500000       0.00000000    
   56.2500000       0.00000000    
   56.7500000       0.00000000    
   57.2500000       0.00000000    
   57.7500000       0.00000000    
   58.2500000       0.00000000    
   58.7500000       0.00000000    
   59.2500000       0.00000000    
   59.7500000       0.00000000    
   60.2500000       0.00000000    
   60.7500000       0.00000000    
   61.2500000       0.00000000    
   61.7500000       0.00000000    
   62.2500000       0.00000000    
   62.7500000       0.00000000    
   63.2500000       0.00000000    
   63.7500000       0.00000000    
   64.2500000       0.00000000    
   64.7500000       0.00000000    
   65.2500000       0.00000000    
   65.7500000       0.00000000    
   66.2500000       0.00000000    
   66.7500000       0.00000000    
   67.2500000       0.00000000    
   67.7500000       0.00000000    
   68.2500000       0.00000000    
   68.7500000       0.00000000    
   69.2500000       0.00000000    
   69.7500000       0.00000000    
   70.2500000       0.00000000    
   70.7500000       0.00000000    
   71.2500000       0.00000000    
   71.7500000       0.00000000    
   72.2500000       0.00000000    
   72.7500000       0.00000000    
   73.2500000       0.00000000    
   73.7500000       0.00000000    
   74.2500000       0.00000000    
   74.7500000       0.00000000    
   75.2500000       0.00000000    
   75.7500000       0.00000000    
   76.2500000       0.00000000    
   76.7500000       0.00000000    
   77.2500000       0.00000000    
   77.7500000       0.00000000    
   78.2500000       0.00000000    
   78.7500000       0.00000000    
   79.2500000       0.00000000    
   79.7500000       0.00000000    
   80.2500000       0.00000000    
   80.7500000       0.00000000    
   81.2500000       0.00000000    
   81.7500000       0.00000000    
   82.2500000       0.00000000    
   82.7500000       0.00000000    
   83.2500000       0.00000000    
   83.7500000       0.00000000    
   84.2500000       0.00000000    
   84.7500000       0.00000000    
   85.2500000       0.00000000    
   85.7500000       0.00000000    
   86.2500000       0.00000000    
   86.7500000       0.00000000    
   87.2500000       0.00000000    
   87.7500000       0.00000000    
   88.2500000       0.00000000    
   88.7500000       0.00000000    
   89.2500000       0.00000000    
   89.7500000       0.00000000    
   90.2500000       0.00000000    
   90.7500000       0.00000000    
   91.2500000       0.00000000    
   91.7500000       0.00000000    
   92.2500000       0.00000000    
   92.7500000       0.00000000    
   93.2500000       0.00000000    
   93.7500000       0.00000000    
   94.2500000       0.00000000    
   94.7500000       0.00000000    
   95.2500000       0.00000000    
   95.7500000       0.00000000    
   96.2500000       0.00000000    
   96.7500000       0.00000000    
   97.2500000       0.00000000    
   97.7500000       0.00000000    
   98.2500000       0.00000000    
   98.7500000       0.00000000    
   99.2500000       0.00000000    
   99.7500000       0.00000000    
   100.250000       0.00000000    
