   0.00000000       0.00000000    
  0.500000000       3.30333569E-05
   1.00000000      -6.49818321E-05
   1.50000000       8.02876384E-05
   2.00000000      -4.50884436E-05
   2.50000000      -3.09022944E-05
   3.00000000       1.97832895E-04
   3.50000000       1.37811046E-04
   4.00000000       8.01371993E-04
   4.50000000       2.93825567E-03
   5.00000000       6.88226335E-03
   5.50000000       1.19838882E-02
   6.00000000       1.80785805E-02
   6.50000000       2.47941911E-02
   7.00000000       3.21389884E-02
   7.50000000       3.98634262E-02
   8.00000000       4.79958616E-02
   8.50000000       5.63282557E-02
   9.00000000       6.49229065E-02
   9.50000000       7.35716745E-02
   10.0000000       8.23822096E-02
   10.5000000       9.11155269E-02
   11.0000000       9.99325216E-02
   11.5000000      0.108547404    
   12.0000000      0.117170058    
   12.5000000      0.125472024    
   13.0000000      0.133684859    
   13.5000000      0.141468719    
   14.0000000      0.149019018    
   14.5000000      0.156039715    
   15.0000000      0.162609056    
   15.5000000      0.168540537    
   16.0000000      0.173700556    
   16.5000000      0.178054988    
   17.0000000      0.181184620    
   17.5000000      0.183165401    
   18.0000000      0.183256149    
   18.5000000      0.181433573    
   19.0000000      0.176595181    
   19.5000000      0.168060631    
   20.0000000      0.154146016    
   20.5000000      0.132281810    
   21.0000000      0.101521969    
   21.5000000       6.72091767E-02
   22.0000000       3.88605408E-02
   22.5000000       1.96132064E-02
   23.0000000       7.92380795E-03
   23.5000000       2.15734495E-03
   24.0000000       2.25603842E-04
   24.5000000      -7.64930737E-05
   25.0000000      -2.88561168E-05
   25.5000000       2.63139555E-07
   26.0000000       1.57890599E-06
   26.5000000       7.32770076E-08
   27.0000000      -7.43161124E-08
   27.5000000      -2.88262658E-09
   28.0000000       3.32213257E-09
   28.5000000      -4.65439354E-11
   29.0000000      -1.29775690E-10
   29.5000000       1.25568809E-11
   30.0000000       3.61989301E-12
   30.5000000      -8.43945248E-13
   31.0000000      -2.63464584E-14
   31.5000000       3.20495956E-14
   32.0000000      -3.50527179E-15
   32.5000000      -5.28841632E-16
   33.0000000       1.90416249E-16
   33.5000000      -1.36681008E-17
   34.0000000      -3.51930857E-18
   34.5000000       9.97264249E-19
   35.0000000      -7.05355520E-20
   35.5000000      -1.59213818E-20
   36.0000000       4.87273883E-21
   36.5000000      -4.64862882E-22
   37.0000000      -4.45048123E-23
   37.5000000       2.10064729E-23
   38.0000000      -2.92987476E-24
   38.5000000       3.38111577E-26
   39.0000000       6.85082925E-26
   39.5000000      -1.47892731E-26
   40.0000000       1.32371178E-27
   40.5000000       9.14670594E-29
   41.0000000      -5.16441304E-29
   41.5000000       8.72021131E-30
   42.0000000      -6.23292150E-31
   42.5000000      -7.29872436E-32
   43.0000000       3.04984977E-32
   43.5000000      -4.96050351E-33
   44.0000000       3.86122114E-34
   44.5000000       2.81696890E-35
   45.0000000      -1.50349917E-35
   45.5000000       2.72943991E-36
   46.0000000      -2.77941788E-37
   46.5000000       2.30765691E-39
   47.0000000       5.59092864E-39
   47.5000000      -1.32523178E-39
   48.0000000       1.82192622E-40
   48.5000000      -1.33389601E-41
   49.0000000      -8.21160900E-43
   49.5000000       4.73638881E-43
   50.0000000      -9.10844002E-44
   50.5000000       1.12103877E-44
   51.0000000       0.00000000    
   51.5000000       0.00000000    
   52.0000000       0.00000000    
   52.5000000       0.00000000    
   53.0000000       0.00000000    
   53.5000000       0.00000000    
   54.0000000       0.00000000    
   54.5000000       0.00000000    
   55.0000000       0.00000000    
   55.5000000       0.00000000    
   56.0000000       0.00000000    
   56.5000000       0.00000000    
   57.0000000       0.00000000    
   57.5000000       0.00000000    
   58.0000000       0.00000000    
   58.5000000       0.00000000    
   59.0000000       0.00000000    
   59.5000000       0.00000000    
   60.0000000       0.00000000    
   60.5000000       0.00000000    
   61.0000000       0.00000000    
   61.5000000       0.00000000    
   62.0000000       0.00000000    
   62.5000000       0.00000000    
   63.0000000       0.00000000    
   63.5000000       0.00000000    
   64.0000000       0.00000000    
   64.5000000       0.00000000    
   65.0000000       0.00000000    
   65.5000000       0.00000000    
   66.0000000       0.00000000    
   66.5000000       0.00000000    
   67.0000000       0.00000000    
   67.5000000       0.00000000    
   68.0000000       0.00000000    
   68.5000000       0.00000000    
   69.0000000       0.00000000    
   69.5000000       0.00000000    
   70.0000000       0.00000000    
   70.5000000       0.00000000    
   71.0000000       0.00000000    
   71.5000000       0.00000000    
   72.0000000       0.00000000    
   72.5000000       0.00000000    
   73.0000000       0.00000000    
   73.5000000       0.00000000    
   74.0000000       0.00000000    
   74.5000000       0.00000000    
   75.0000000       0.00000000    
   75.5000000       0.00000000    
   76.0000000       0.00000000    
   76.5000000       0.00000000    
   77.0000000       0.00000000    
   77.5000000       0.00000000    
   78.0000000       0.00000000    
   78.5000000       0.00000000    
   79.0000000       0.00000000    
   79.5000000       0.00000000    
   80.0000000       0.00000000    
   80.5000000       0.00000000    
   81.0000000       0.00000000    
   81.5000000       0.00000000    
   82.0000000       0.00000000    
   82.5000000       0.00000000    
   83.0000000       0.00000000    
   83.5000000       0.00000000    
   84.0000000       0.00000000    
   84.5000000       0.00000000    
   85.0000000       0.00000000    
   85.5000000       0.00000000    
   86.0000000       0.00000000    
   86.5000000       0.00000000    
   87.0000000       0.00000000    
   87.5000000       0.00000000    
   88.0000000       0.00000000    
   88.5000000       0.00000000    
   89.0000000       0.00000000    
   89.5000000       0.00000000    
   90.0000000       0.00000000    
   90.5000000       0.00000000    
   91.0000000       0.00000000    
   91.5000000       0.00000000    
   92.0000000       0.00000000    
   92.5000000       0.00000000    
   93.0000000       0.00000000    
   93.5000000       0.00000000    
   94.0000000       0.00000000    
   94.5000000       0.00000000    
   95.0000000       0.00000000    
   95.5000000       0.00000000    
   96.0000000       0.00000000    
   96.5000000       0.00000000    
   97.0000000       0.00000000    
   97.5000000       0.00000000    
   98.0000000       0.00000000    
   98.5000000       0.00000000    
   99.0000000       0.00000000    
   99.5000000       0.00000000    
   100.000000       0.00000000    
