 -0.250000000      -1.01287333E-05
  0.250000000      -1.01287333E-05
  0.750000000      -1.90412857E-06
   1.25000000       7.19291847E-06
   1.75000000       8.88747309E-06
   2.25000000       1.68409667E-06
   2.75000000      -7.44738236E-06
   3.25000000      -1.05803110E-05
   3.75000000      -5.14026533E-06
   4.25000000       3.60692661E-06
   4.75000000       8.05083710E-06
   5.25000000       4.71713611E-06
   5.75000000      -3.30810485E-06
   6.25000000      -8.53606980E-06
   6.75000000      -6.87201737E-06
   7.25000000      -9.75099283E-07
   7.75000000       4.09989434E-06
   8.25000000       4.20182869E-06
   8.75000000       9.52120956E-07
   9.25000000      -2.41462908E-06
   9.75000000      -3.42904173E-06
   10.2500000      -4.01264106E-06
   10.7500000      -3.79691733E-06
   11.2500000      -2.07260678E-06
   11.7500000       1.60015691E-06
   12.2500000       5.40003066E-06
   12.7500000       4.92861136E-06
   13.2500000      -1.56084218E-06
   13.7500000      -9.29276666E-06
   14.2500000      -1.11360978E-05
   14.7500000      -3.67258963E-06
   15.2500000       6.47053685E-06
   15.7500000       1.03429884E-05
   16.2500000       4.98054396E-06
   16.7500000      -4.35721859E-06
   17.2500000      -1.00585803E-05
   17.7500000      -8.09084304E-06
   18.2500000      -3.11903773E-06
   18.7500000       9.64578817E-07
   19.2500000       3.80334495E-06
   19.7500000       6.08596292E-06
   20.2500000       5.41381769E-06
   20.7500000      -8.19996615E-07
   21.2500000      -9.62501053E-06
   21.7500000      -1.28206475E-05
   22.2500000      -7.05282673E-06
   22.7500000       3.54982149E-06
   23.2500000       9.39205347E-06
   23.7500000       7.53655013E-06
   24.2500000       2.46876857E-06
   24.7500000      -2.18382092E-06
   25.2500000      -6.95123890E-06
   25.7500000      -1.18243142E-05
   26.2500000      -1.05857735E-05
   26.7500000      -1.03188165E-06
   27.2500000       8.97885002E-06
   27.7500000       1.08829827E-05
   28.2500000       5.90900891E-06
   28.7500000      -1.57915608E-07
   29.2500000      -5.47717082E-06
   29.7500000      -1.16624506E-05
   30.2500000      -1.40360980E-05
   30.7500000      -6.77397838E-06
   31.2500000       4.03743024E-06
   31.7500000       9.85792030E-06
   32.2500000       9.72993712E-06
   32.7500000       7.53766381E-06
   33.2500000       8.01338103E-07
   33.7500000      -9.72986982E-06
   34.2500000      -1.57079012E-05
   34.7500000      -1.24974376E-05
   35.2500000      -6.20595938E-06
   35.7500000       1.61521427E-06
   36.2500000       1.01160576E-05
   36.7500000       1.42416566E-05
   37.2500000       8.92697335E-06
   37.7500000       1.30390367E-06
   38.2500000      -6.89237231E-06
   38.7500000      -1.54450663E-05
   39.2500000      -1.66026821E-05
   39.7500000      -1.07628239E-05
   40.2500000      -2.49737263E-06
   40.7500000       8.05511627E-06
   41.2500000       1.44098885E-05
   41.7500000       1.40442280E-05
   42.2500000       8.57066334E-06
   42.7500000      -1.94969084E-06
   43.2500000      -1.17487834E-05
   43.7500000      -1.78527298E-05
   44.2500000      -1.83582542E-05
   44.7500000      -1.19559545E-05
   45.2500000      -1.48592574E-06
   45.7500000       9.13736312E-06
   46.2500000       1.62836332E-05
   46.7500000       1.68780552E-05
   47.2500000       1.07276128E-05
   47.7500000       2.44664136E-07
   48.2500000      -1.11562022E-05
   48.7500000      -1.94617187E-05
   49.2500000      -2.19458125E-05
   49.7500000      -1.68646420E-05
   50.2500000      -7.47377817E-06
   50.7500000       5.09816527E-06
   51.2500000       1.50313272E-05
   51.7500000       2.04307125E-05
   52.2500000       1.84139080E-05
   52.7500000       9.12637734E-06
   53.2500000      -2.52821314E-06
   53.7500000      -1.49168054E-05
   54.2500000      -2.40840800E-05
   54.7500000      -2.47416629E-05
   55.2500000      -2.00755403E-05
   55.7500000      -9.78004937E-06
   56.2500000       5.30985699E-06
   56.7500000       1.69192936E-05
   57.2500000       2.25577060E-05
   57.7500000       2.35604748E-05
   58.2500000       1.62858123E-05
   58.7500000       1.79267977E-06
   59.2500000      -1.16623351E-05
   59.7500000      -2.27408964E-05
   60.2500000      -3.05169306E-05
   60.7500000      -3.00540487E-05
   61.2500000      -1.95252724E-05
   61.7500000      -6.32799356E-06
   62.2500000       7.40663017E-06
   62.7500000       2.11839779E-05
   63.2500000       3.04137120E-05
   63.7500000       2.85032238E-05
   64.2500000       1.80743482E-05
   64.7500000       6.20033870E-06
   65.2500000      -9.25402492E-06
   65.7500000      -2.61444566E-05
   66.2500000      -3.72414142E-05
   66.7500000      -3.69522604E-05
   67.2500000      -2.93096509E-05
   67.7500000      -1.83104003E-05
   68.2500000      -2.32754155E-06
   68.7500000       1.72556029E-05
   69.2500000       3.23477107E-05
   69.7500000       3.68912188E-05
   70.2500000       3.30216790E-05
   70.7500000       2.39860801E-05
   71.2500000       1.03650173E-05
   71.7500000      -1.05602821E-05
   72.2500000      -3.13631390E-05
   72.7500000      -4.39319847E-05
   73.2500000      -4.64763798E-05
   73.7500000      -4.21443219E-05
   74.2500000      -3.25961446E-05
   74.7500000      -1.54252739E-05
   75.2500000       7.80874325E-06
   75.7500000       3.03664037E-05
   76.2500000       4.35609545E-05
   76.7500000       4.69480510E-05
   77.2500000       4.34934664E-05
   77.7500000       3.42599560E-05
   78.2500000       1.71698848E-05
   78.7500000      -8.45877457E-06
   79.2500000      -3.48468020E-05
   79.7500000      -5.33181556E-05
   80.2500000      -6.09705385E-05
   80.7500000      -6.03780245E-05
   81.2500000      -5.38902241E-05
   81.7500000      -3.94942799E-05
   82.2500000      -1.52546027E-05
   82.7500000       1.47002538E-05
   83.2500000       4.20170254E-05
   83.7500000       5.90772797E-05
   84.2500000       6.55133263E-05
   84.7500000       6.38388301E-05
   85.2500000       5.54864164E-05
   85.7500000       3.84313789E-05
   86.2500000       1.06087455E-05
   86.7500000      -2.37452423E-05
   87.2500000      -5.53671962E-05
   87.7500000      -7.71385603E-05
   88.2500000      -8.72124874E-05
   88.7500000      -8.82096720E-05
   89.2500000      -8.18647386E-05
   89.7500000      -6.63507963E-05
   90.2500000      -3.90367859E-05
   90.7500000      -1.98135717E-06
   91.2500000       3.75691889E-05
   91.7500000       7.04198683E-05
   92.2500000       9.18146325E-05
   92.7500000       1.01138299E-04
   93.2500000       1.01770609E-04
   93.7500000       9.38393496E-05
   94.2500000       7.42624397E-05
   94.7500000       4.12223344E-05
   95.2500000      -2.82756264E-06
   95.7500000      -5.00302158E-05
   96.2500000      -9.15590863E-05
   96.7500000      -1.21602185E-04
   97.2500000      -1.39224459E-04
   97.7500000      -1.47083410E-04
   98.2500000      -1.45319354E-04
   98.7500000      -1.30742017E-04
   99.2500000      -1.00020348E-04
   99.7500000      -5.37325395E-05
   100.250000       2.06735217E-06
   100.750000       5.90486052E-05
   101.250000       1.08959393E-04
   101.750000       1.47820727E-04
   102.250000       1.75330439E-04
   102.750000       1.92686188E-04
   103.250000       1.97856367E-04
   103.750000       1.87648824E-04
   104.250000       1.57557210E-04
   104.750000       1.06997402E-04
   105.250000       4.09987551E-05
   105.750000      -3.08723211E-05
   106.250000      -1.01802259E-04
   106.750000      -1.65743113E-04
   107.250000      -2.20888731E-04
   107.750000      -2.68033269E-04
   108.250000      -3.04506422E-04
   108.750000      -3.26040521E-04
   109.250000      -3.25423694E-04
   109.750000      -2.99156527E-04
   110.250000      -2.47510179E-04
   110.750000      -1.73991240E-04
   111.250000      -8.82452077E-05
   111.750000       4.04920274E-06
   112.250000       9.90388653E-05
   112.750000       1.94695633E-04
   113.250000       2.90117983E-04
   113.750000       3.81896039E-04
   114.250000       4.62969881E-04
   114.750000       5.24131174E-04
   115.250000       5.58108266E-04
   115.750000       5.60395070E-04
   116.250000       5.31632686E-04
   116.750000       4.75884648E-04
   117.250000       3.97762546E-04
   117.750000       3.00059037E-04
   118.250000       1.82770178E-04
   118.750000       4.58051727E-05
   119.250000      -1.10702844E-04
   119.750000      -2.81641289E-04
   120.250000      -4.60063631E-04
   120.750000      -6.36094890E-04
   121.250000      -8.00512847E-04
   121.750000      -9.46508546E-04
   122.250000      -1.07136264E-03
   122.750000      -1.17531780E-03
   123.250000      -1.25788385E-03
   123.750000      -1.31767429E-03
   124.250000      -1.35107897E-03
   124.750000      -1.35069049E-03
   125.250000      -1.31164736E-03
   125.750000      -1.22949516E-03
   126.250000      -1.10387919E-03
   126.750000      -9.37413657E-04
   127.250000      -7.34999368E-04
   127.750000      -4.99612186E-04
   128.250000      -2.33599189E-04
   128.750000       6.50893417E-05
   129.250000       3.99558514E-04
   129.750000       7.72638130E-04
   130.250000       1.18580880E-03
   130.750000       1.63758709E-03
   131.250000       2.12344667E-03
   131.750000       2.63693626E-03
   132.250000       3.17379227E-03
   132.750000       3.73142725E-03
   133.250000       4.31014644E-03
   133.750000       4.91217803E-03
   134.250000       5.54160774E-03
   134.750000       6.20061718E-03
   135.250000       6.88804081E-03
   135.750000       7.60072330E-03
   136.250000       8.33335426E-03
   136.750000       9.08003096E-03
   137.250000       9.83757712E-03
   137.750000       1.06051834E-02
   138.250000       1.13843093E-02
   138.750000       1.21798133E-02
   139.250000       1.29946806E-02
   139.750000       1.38314897E-02
   140.250000       1.46894129E-02
   140.750000       1.55642089E-02
   141.250000       1.64505690E-02
   141.750000       1.73433982E-02
   142.250000       1.82388872E-02
   142.750000       1.91370081E-02
   143.250000       2.00413149E-02
   143.750000       2.09555514E-02
   144.250000       2.18851436E-02
   144.750000       2.28327792E-02
   145.250000       2.37974171E-02
   145.750000       2.47761831E-02
   146.250000       2.57630665E-02
   146.750000       2.67523918E-02
   147.250000       2.77404375E-02
   147.750000       2.87259184E-02
   148.250000       2.97113471E-02
   148.750000       3.07020284E-02
   149.250000       3.17036919E-02
   149.750000       3.27208340E-02
   150.250000       3.37539911E-02
   150.750000       3.48019712E-02
   151.250000       3.58587988E-02
   151.750000       3.69183645E-02
   152.250000       3.79741117E-02
   152.750000       3.90242748E-02
   153.250000       4.00682576E-02
   153.750000       4.11108769E-02
   154.250000       4.21586819E-02
   154.750000       4.32177559E-02
   155.250000       4.42930013E-02
   155.750000       4.53841947E-02
   156.250000       4.64891493E-02
   156.750000       4.76012640E-02
   157.250000       4.87117432E-02
   157.750000       4.98153940E-02
   158.250000       5.09086847E-02
   158.750000       5.19925430E-02
   159.250000       5.30722924E-02
   159.750000       5.41558750E-02
   160.250000       5.52511923E-02
   160.750000       5.63632213E-02
   161.250000       5.74944317E-02
   161.750000       5.86397350E-02
   162.250000       5.97923771E-02
   162.750000       6.09435588E-02
   163.250000       6.20843098E-02
   163.750000       6.32106215E-02
   164.250000       6.43224493E-02
   164.750000       6.54252172E-02
   165.250000       6.65285215E-02
   165.750000       6.76416531E-02
   166.250000       6.87730536E-02
   166.750000       6.99260980E-02
   167.250000       7.10983872E-02
   167.750000       7.22825825E-02
   168.250000       7.34676570E-02
   168.750000       7.46415630E-02
   169.250000       7.57972226E-02
   169.750000       7.69318789E-02
   170.250000       7.80491382E-02
   170.750000       7.91584104E-02
   171.250000       8.02737549E-02
   171.750000       8.14055800E-02
   172.250000       8.25628564E-02
   172.750000       8.37462842E-02
   173.250000       8.49506035E-02
   173.750000       8.61634016E-02
   174.250000       8.73694792E-02
   174.750000       8.85568038E-02
   175.250000       8.97156745E-02
   175.750000       9.08462554E-02
   176.250000       9.19568911E-02
   176.750000       9.30606052E-02
   177.250000       9.41755399E-02
   177.750000       9.53152031E-02
   178.250000       9.64878798E-02
   178.750000       9.76937786E-02
   179.250000       9.89211500E-02
   179.750000      0.100154147    
   180.250000      0.101373129    
   180.750000      0.102562249    
   181.250000      0.103713475    
   181.750000      0.104829401    
   182.250000      0.105922848    
   182.750000      0.107013263    
   183.250000      0.108122215    
   183.750000      0.109265871    
   184.250000      0.110450864    
   184.750000      0.111671403    
   185.250000      0.112909198    
   185.750000      0.114141122    
   186.250000      0.115343444    
   186.750000      0.116500728    
   187.250000      0.117611393    
   187.750000      0.118688308    
   188.250000      0.119758643    
   188.750000      0.120852642    
   189.250000      0.121996604    
   189.750000      0.123202331    
   190.250000      0.124459855    
   190.750000      0.125737980    
   191.250000      0.126990631    
   191.750000      0.128169134    
   192.250000      0.129239187    
   192.750000      0.130194128    
   193.250000      0.131065473    
   193.750000      0.131920069    
   194.250000      0.132847846    
   194.750000      0.133938983    
   195.250000      0.135256097    
   195.750000      0.136808529    
   196.250000      0.138537034    
   196.750000      0.140310988    
   197.250000      0.141950756    
   197.750000      0.143265590    
   198.250000      0.144109979    
   198.750000      0.144433558    
   199.250000      0.144318283    
   199.750000      0.143982634    
   200.250000      0.143751934    
   200.750000      0.143995360    
   201.250000      0.145043507    
   201.750000      0.147103921    
   202.250000      0.150181085    
   202.750000      0.154025227    
   203.250000      0.158124015    
   203.750000      0.161765099    
   204.250000      0.164180323    
   204.750000      0.164753675    
   205.250000      0.163229942    
   205.750000      0.159846842    
   206.250000      0.155323461    
   206.750000      0.150723174    
   207.250000      0.147240341    
   207.750000      0.145993844    
   208.250000      0.147845194    
   208.750000      0.153242201    
   209.250000      0.162042841    
   209.750000      0.173326150    
   210.250000      0.185275584    
   210.750000      0.195317909    
   211.250000      0.200706422    
   211.750000      0.199477300    
   212.250000      0.191319570    
   212.750000      0.177780122    
   213.250000      0.161668584    
   213.750000      0.146105126    
   214.250000      0.133808494    
   214.750000      0.126847789    
   215.250000      0.126733050    
   215.750000      0.134552121    
   216.250000      0.150898010    
   216.750000      0.175367191    
   217.250000      0.205564186    
   217.750000      0.236040145    
   218.250000      0.258502036    
   218.750000      0.264760703    
   219.250000      0.251439422    
   219.750000      0.222296879    
   220.250000      0.185638070    
   220.750000      0.149600208    
   221.250000      0.119405776    
   221.750000       9.73856151E-02
   222.250000       8.42380747E-02
   222.750000       8.02375674E-02
   223.250000       8.60045925E-02
   223.750000      0.102858946    
   224.250000      0.132694110    
   224.750000      0.176968873    
   225.250000      0.234019026    
   225.750000      0.294648826    
   226.250000      0.340010852    
   226.750000      0.349667519    
   227.250000      0.317876875    
   227.750000      0.259029299    
   228.250000      0.194470555    
   228.750000      0.138412744    
   229.250000       9.54621807E-02
   229.750000       6.47100210E-02
   230.250000       4.34812307E-02
   230.750000       2.91115232E-02
   231.250000       1.94847491E-02
   231.750000       1.30672706E-02
   232.250000       8.79602972E-03
   232.750000       5.95131051E-03
   233.250000       4.05218545E-03
   233.750000       2.77957343E-03
   234.250000       1.92256272E-03
   234.750000       1.34193327E-03
   235.250000       9.45768901E-04
   235.750000       6.73297269E-04
   236.250000       4.84238233E-04
   236.750000       3.51803406E-04
   237.250000       2.58099142E-04
   237.750000       1.91111059E-04
   238.250000       1.42722551E-04
   238.750000       1.07411113E-04
   239.250000       8.13894076E-05
   239.750000       6.20367864E-05
   240.250000       4.75226079E-05
   240.750000       3.65550040E-05
   241.250000       2.82124893E-05
   241.750000       2.18307905E-05
   242.250000       1.69258492E-05
   242.750000       1.31412990E-05
   243.250000       1.02122112E-05
   243.750000       7.93982690E-06
   244.250000       6.17385331E-06
   244.750000       4.79979917E-06
   245.250000       3.72992076E-06
   245.750000       2.89662648E-06
   246.250000       2.24762312E-06
   246.750000       1.74231718E-06
   247.250000       1.34911716E-06
   247.750000       1.04338756E-06
   248.250000       8.05895070E-07
   248.750000       6.21608933E-07
   249.250000       4.78781317E-07
   249.750000       3.68228740E-07
   250.250000       2.82775744E-07
   250.750000       2.16818961E-07
   251.250000       1.65986449E-07
   251.750000       1.26870162E-07
   252.250000       9.68170752E-08
   252.750000       7.37640775E-08
   253.250000       5.61093429E-08
   253.750000       4.26108713E-08
   254.250000       3.23072129E-08
   254.750000       2.44552414E-08
   255.250000       1.84815381E-08
   255.750000       1.39443674E-08
   256.250000       1.05040199E-08
   256.750000       7.89969157E-09
   257.250000       5.93150196E-09
   257.750000       4.44653647E-09
   258.250000       3.32800920E-09
   258.750000       2.48688337E-09
   259.250000       1.85540205E-09
   259.750000       1.38208756E-09
   260.250000       1.02790165E-09
   260.750000       7.63290209E-10
   261.250000       5.65918090E-10
   261.750000       4.18935442E-10
   262.250000       3.09652082E-10
   262.750000       2.28527419E-10
   263.250000       1.68400752E-10
   263.750000       1.23906732E-10
   264.250000       9.10322234E-11
   264.750000       6.67803451E-11
   265.250000       4.89169677E-11
   265.750000       3.57792927E-11
   266.250000       2.61318016E-11
   266.750000       1.90579601E-11
   267.250000       1.38789596E-11
   267.750000       1.00928753E-11
   268.250000       7.32916158E-12
   268.750000       5.31470484E-12
   269.250000       3.84851612E-12
   269.750000       2.78292081E-12
   270.250000       2.00958130E-12
   270.750000       1.44914376E-12
   271.250000       1.04357148E-12
   271.750000       7.50484690E-13
   272.250000       5.38981728E-13
   272.750000       3.86565075E-13
   273.250000       2.76879865E-13
   273.750000       1.98054138E-13
   274.250000       1.41482949E-13
   274.750000       1.00938185E-13
   275.250000       7.19186673E-14
   275.750000       5.11759892E-14
   276.250000       3.63691214E-14
   276.750000       2.58133884E-14
   277.250000       1.82981072E-14
   277.750000       1.29544753E-14
   278.250000       9.15987528E-15
   278.750000       6.46872243E-15
   279.250000       4.56257855E-15
   279.750000       3.21416499E-15
   280.250000       2.26149369E-15
   280.750000       1.58926134E-15
   281.250000       1.11550417E-15
   281.750000       7.82035027E-16
   282.250000       5.47600236E-16
   282.750000       3.82989229E-16
   283.250000       2.67545785E-16
   283.750000       1.86681615E-16
   284.250000       1.30106696E-16
   284.750000       9.05723728E-17
   285.250000       6.29785606E-17
   285.750000       4.37414828E-17
   286.250000       3.03459877E-17
   286.750000       2.10290041E-17
   287.250000       1.45562298E-17
   287.750000       1.00645547E-17
   288.250000       6.95118250E-18
   288.750000       4.79561186E-18
   289.250000       3.30486241E-18
   289.750000       2.27504240E-18
   290.250000       1.56442663E-18
   290.750000       1.07461536E-18
   291.250000       7.37370925E-19
   291.750000       5.05424622E-19
   292.250000       3.46072516E-19
   292.750000       2.36712234E-19
   293.250000       1.61740835E-19
   293.750000       1.10399428E-19
   294.250000       7.52773649E-20
   294.750000       5.12761119E-20
   295.250000       3.48916415E-20
   295.750000       2.37184137E-20
   296.250000       1.61068480E-20
   296.750000       1.09269347E-20
   297.250000       7.40544995E-21
   297.750000       5.01386037E-21
   298.250000       3.39127653E-21
   298.750000       2.29153587E-21
   299.250000       1.54690873E-21
   299.750000       1.04322965E-21
   300.250000       7.02868958E-22
   300.750000       4.73097328E-22
   301.250000       3.18134249E-22
   301.750000       2.13725517E-22
   302.250000       1.43446745E-22
   302.750000       9.61867442E-23
   303.250000       6.44365821E-23
   303.750000       4.31265271E-23
   304.250000       2.88372111E-23
   304.750000       1.92646428E-23
   305.250000       1.28578908E-23
   305.750000       8.57396510E-24
   306.250000       5.71213826E-24
   306.750000       3.80209460E-24
   307.250000       2.52846171E-24
   307.750000       1.67996804E-24
   308.250000       1.11521542E-24
   308.750000       7.39659355E-25
   309.250000       4.90141862E-25
   309.750000       3.24512034E-25
   310.250000       2.14664780E-25
   310.750000       1.41877534E-25
   311.250000       9.36895338E-26
   311.750000       6.18151898E-26
   312.250000       4.07500091E-26
   312.750000       2.68404900E-26
   313.250000       1.76638498E-26
   313.750000       1.16148613E-26
   314.250000       7.63094659E-27
   314.750000       5.00933762E-27
   315.250000       3.28565035E-27
   315.750000       2.15329406E-27
   316.250000       1.41002916E-27
   316.750000       9.22565510E-28
   317.250000       6.03132118E-28
   317.750000       3.93981181E-28
   318.250000       2.57150912E-28
   318.750000       1.67707175E-28
   319.250000       1.09286907E-28
   319.750000       7.11605054E-29
   320.250000       4.62984079E-29
   320.750000       3.00988966E-29
   321.250000       1.95521491E-29
   321.750000       1.26910989E-29
   322.250000       8.23126208E-30
   322.750000       5.33454759E-30
   323.250000       3.45457289E-30
   323.750000       2.23541523E-30
   324.250000       1.44540854E-30
   324.750000       9.33884559E-31
   325.250000       6.02930613E-31
   325.750000       3.88968636E-31
   326.250000       2.50747474E-31
   326.750000       1.61523033E-31
   327.250000       1.03970453E-31
   327.750000       6.68750961E-32
   328.250000       4.29832616E-32
   328.750000       2.76067963E-32
   329.250000       1.77180515E-32
   329.750000       1.13631990E-32
   330.250000       7.28234473E-33
   330.750000       4.66368641E-33
   331.250000       2.98453185E-33
   331.750000       1.90859306E-33
   332.250000       1.21966888E-33
   332.750000       7.78867220E-34
   333.250000       4.97025919E-34
   333.750000       3.16949644E-34
   334.250000       2.01975322E-34
   334.750000       1.28618827E-34
   335.250000       8.18483860E-35
   335.750000       5.20494894E-35
   336.250000       3.30769072E-35
   336.750000       2.10056722E-35
   337.250000       1.33306914E-35
   337.750000       8.45424089E-36
   338.250000       5.35801144E-36
   338.750000       3.39344499E-36
   339.250000       2.14776895E-36
   339.750000       1.35845425E-36
   340.250000       8.58646284E-37
   340.750000       5.42371337E-37
   341.250000       3.42368200E-37
   341.750000       2.15976101E-37
   342.250000       1.36155282E-37
   342.750000       8.57790674E-38
   343.250000       5.40065921E-38
   343.750000       3.39807198E-38
   344.250000       2.13668140E-38
   344.750000       1.34266814E-38
   345.250000       8.43183286E-39
   345.750000       5.29174861E-39
   346.250000       3.31896000E-39
   346.750000       2.08033547E-39
   347.250000       1.30314171E-39
   347.750000       8.15785519E-40
   348.250000       5.10376723E-40
   348.750000       3.19105088E-40
   349.250000       1.99392160E-40
   349.750000       1.24512375E-40
   350.250000       7.77090063E-41
   350.750000       4.84583022E-41
   351.250000       3.02091923E-41
   351.750000       1.88194384E-41
   352.250000       1.17120526E-41
   352.750000       7.28815331E-42
   353.250000       4.52759534E-42
   353.750000       2.81801121E-42
   354.250000       1.74181399E-42
   354.750000       1.08600631E-42
   355.250000       6.69820666E-43
   355.750000       4.13383047E-43
   356.250000       2.50832425E-43
   356.750000       1.52741533E-43
   357.250000       9.66895940E-44
   357.750000       5.32493416E-44
   358.250000       3.36311631E-44
   358.750000       1.68155816E-44
   359.250000       9.80908925E-45
   359.750000       5.60519386E-45
   360.250000       0.00000000    
   360.750000       0.00000000    
   361.250000       0.00000000    
   361.750000       0.00000000    
   362.250000       0.00000000    
   362.750000       0.00000000    
   363.250000       0.00000000    
   363.750000       0.00000000    
   364.250000       0.00000000    
   364.750000       0.00000000    
   365.250000       0.00000000    
   365.750000       0.00000000    
   366.250000       0.00000000    
   366.750000       0.00000000    
   367.250000       0.00000000    
   367.750000       0.00000000    
   368.250000       0.00000000    
   368.750000       0.00000000    
   369.250000       0.00000000    
   369.750000       0.00000000    
   370.250000       0.00000000    
   370.750000       0.00000000    
   371.250000       0.00000000    
   371.750000       0.00000000    
   372.250000       0.00000000    
   372.750000       0.00000000    
   373.250000       0.00000000    
   373.750000       0.00000000    
   374.250000       0.00000000    
   374.750000       0.00000000    
   375.250000       0.00000000    
   375.750000       0.00000000    
   376.250000       0.00000000    
   376.750000       0.00000000    
   377.250000       0.00000000    
   377.750000       0.00000000    
   378.250000       0.00000000    
   378.750000       0.00000000    
   379.250000       0.00000000    
   379.750000       0.00000000    
   380.250000       0.00000000    
   380.750000       0.00000000    
   381.250000       0.00000000    
   381.750000       0.00000000    
   382.250000       0.00000000    
   382.750000       0.00000000    
   383.250000       0.00000000    
   383.750000       0.00000000    
   384.250000       0.00000000    
   384.750000       0.00000000    
   385.250000       0.00000000    
   385.750000       0.00000000    
   386.250000       0.00000000    
   386.750000       0.00000000    
   387.250000       0.00000000    
   387.750000       0.00000000    
   388.250000       0.00000000    
   388.750000       0.00000000    
   389.250000       0.00000000    
   389.750000       0.00000000    
   390.250000       0.00000000    
   390.750000       0.00000000    
   391.250000       0.00000000    
   391.750000       0.00000000    
   392.250000       0.00000000    
   392.750000       0.00000000    
   393.250000       0.00000000    
   393.750000       0.00000000    
   394.250000       0.00000000    
   394.750000       0.00000000    
   395.250000       0.00000000    
   395.750000       0.00000000    
   396.250000       0.00000000    
   396.750000       0.00000000    
   397.250000       0.00000000    
   397.750000       0.00000000    
   398.250000       0.00000000    
   398.750000       0.00000000    
   399.250000       0.00000000    
   399.750000       0.00000000    
   400.250000       0.00000000    
   400.750000       0.00000000    
   401.250000       0.00000000    
   401.750000       0.00000000    
   402.250000       0.00000000    
   402.750000       0.00000000    
   403.250000       0.00000000    
   403.750000       0.00000000    
   404.250000       0.00000000    
   404.750000       0.00000000    
   405.250000       0.00000000    
   405.750000       0.00000000    
   406.250000       0.00000000    
   406.750000       0.00000000    
   407.250000       0.00000000    
   407.750000       0.00000000    
   408.250000       0.00000000    
   408.750000       0.00000000    
   409.250000       0.00000000    
   409.750000       0.00000000    
   410.250000       0.00000000    
   410.750000       0.00000000    
   411.250000       0.00000000    
   411.750000       0.00000000    
   412.250000       0.00000000    
   412.750000       0.00000000    
   413.250000       0.00000000    
   413.750000       0.00000000    
   414.250000       0.00000000    
   414.750000       0.00000000    
   415.250000       0.00000000    
   415.750000       0.00000000    
   416.250000       0.00000000    
   416.750000       0.00000000    
   417.250000       0.00000000    
   417.750000       0.00000000    
   418.250000       0.00000000    
   418.750000       0.00000000    
   419.250000       0.00000000    
   419.750000       0.00000000    
   420.250000       0.00000000    
   420.750000       0.00000000    
   421.250000       0.00000000    
   421.750000       0.00000000    
   422.250000       0.00000000    
   422.750000       0.00000000    
   423.250000       0.00000000    
   423.750000       0.00000000    
   424.250000       0.00000000    
   424.750000       0.00000000    
   425.250000       0.00000000    
   425.750000       0.00000000    
   426.250000       0.00000000    
   426.750000       0.00000000    
   427.250000       0.00000000    
   427.750000       0.00000000    
   428.250000       0.00000000    
   428.750000       0.00000000    
   429.250000       0.00000000    
   429.750000       0.00000000    
   430.250000       0.00000000    
   430.750000       0.00000000    
   431.250000       0.00000000    
   431.750000       0.00000000    
   432.250000       0.00000000    
   432.750000       0.00000000    
   433.250000       0.00000000    
   433.750000       0.00000000    
   434.250000       0.00000000    
   434.750000       0.00000000    
   435.250000       0.00000000    
   435.750000       0.00000000    
   436.250000       0.00000000    
   436.750000       0.00000000    
   437.250000       0.00000000    
   437.750000       0.00000000    
   438.250000       0.00000000    
   438.750000       0.00000000    
   439.250000       0.00000000    
   439.750000       0.00000000    
   440.250000       0.00000000    
   440.750000       0.00000000    
   441.250000       0.00000000    
   441.750000       0.00000000    
   442.250000       0.00000000    
   442.750000       0.00000000    
   443.250000       0.00000000    
   443.750000       0.00000000    
   444.250000       0.00000000    
   444.750000       0.00000000    
   445.250000       0.00000000    
   445.750000       0.00000000    
   446.250000       0.00000000    
   446.750000       0.00000000    
   447.250000       0.00000000    
   447.750000       0.00000000    
   448.250000       0.00000000    
   448.750000       0.00000000    
   449.250000       0.00000000    
   449.750000       0.00000000    
   450.250000       0.00000000    
   450.750000       0.00000000    
   451.250000       0.00000000    
   451.750000       0.00000000    
   452.250000       0.00000000    
   452.750000       0.00000000    
   453.250000       0.00000000    
   453.750000       0.00000000    
   454.250000       0.00000000    
   454.750000       0.00000000    
   455.250000       0.00000000    
   455.750000       0.00000000    
   456.250000       0.00000000    
   456.750000       0.00000000    
   457.250000       0.00000000    
   457.750000       0.00000000    
   458.250000       0.00000000    
   458.750000       0.00000000    
   459.250000       0.00000000    
   459.750000       0.00000000    
   460.250000       0.00000000    
   460.750000       0.00000000    
   461.250000       0.00000000    
   461.750000       0.00000000    
   462.250000       0.00000000    
   462.750000       0.00000000    
   463.250000       0.00000000    
   463.750000       0.00000000    
   464.250000       0.00000000    
   464.750000       0.00000000    
   465.250000       0.00000000    
   465.750000       0.00000000    
   466.250000       0.00000000    
   466.750000       0.00000000    
   467.250000       0.00000000    
   467.750000       0.00000000    
   468.250000       0.00000000    
   468.750000       0.00000000    
   469.250000       0.00000000    
   469.750000       0.00000000    
   470.250000       0.00000000    
   470.750000       0.00000000    
   471.250000       0.00000000    
   471.750000       0.00000000    
   472.250000       0.00000000    
   472.750000       0.00000000    
   473.250000       0.00000000    
   473.750000       0.00000000    
   474.250000       0.00000000    
   474.750000       0.00000000    
   475.250000       0.00000000    
   475.750000       0.00000000    
   476.250000       0.00000000    
   476.750000       0.00000000    
   477.250000       0.00000000    
   477.750000       0.00000000    
   478.250000       0.00000000    
   478.750000       0.00000000    
   479.250000       0.00000000    
   479.750000       0.00000000    
   480.250000       0.00000000    
   480.750000       0.00000000    
   481.250000       0.00000000    
   481.750000       0.00000000    
   482.250000       0.00000000    
   482.750000       0.00000000    
   483.250000       0.00000000    
   483.750000       0.00000000    
   484.250000       0.00000000    
   484.750000       0.00000000    
   485.250000       0.00000000    
   485.750000       0.00000000    
   486.250000       0.00000000    
   486.750000       0.00000000    
   487.250000       0.00000000    
   487.750000       0.00000000    
   488.250000       0.00000000    
   488.750000       0.00000000    
   489.250000       0.00000000    
   489.750000       0.00000000    
   490.250000       0.00000000    
   490.750000       0.00000000    
   491.250000       0.00000000    
   491.750000       0.00000000    
   492.250000       0.00000000    
   492.750000       0.00000000    
   493.250000       0.00000000    
   493.750000       0.00000000    
   494.250000       0.00000000    
   494.750000       0.00000000    
   495.250000       0.00000000    
   495.750000       0.00000000    
   496.250000       0.00000000    
   496.750000       0.00000000    
   497.250000       0.00000000    
   497.750000       0.00000000    
   498.250000       0.00000000    
   498.750000       0.00000000    
   499.250000       0.00000000    
   499.750000       0.00000000    
   500.250000       0.00000000    
   500.750000       0.00000000    
   501.250000       0.00000000    
   501.750000       0.00000000    
   502.250000       0.00000000    
   502.750000       0.00000000    
   503.250000       0.00000000    
   503.750000       0.00000000    
   504.250000       0.00000000    
   504.750000       0.00000000    
   505.250000       0.00000000    
   505.750000       0.00000000    
   506.250000       0.00000000    
   506.750000       0.00000000    
   507.250000       0.00000000    
   507.750000       0.00000000    
   508.250000       0.00000000    
   508.750000       0.00000000    
   509.250000       0.00000000    
   509.750000       0.00000000    
   510.250000       0.00000000    
   510.750000       0.00000000    
   511.250000       0.00000000    
   511.750000       0.00000000    
   512.250000       0.00000000    
   512.750000       0.00000000    
   513.250000       0.00000000    
   513.750000       0.00000000    
   514.250000       0.00000000    
   514.750000       0.00000000    
   515.250000       0.00000000    
   515.750000       0.00000000    
   516.250000       0.00000000    
   516.750000       0.00000000    
   517.250000       0.00000000    
   517.750000       0.00000000    
   518.250000       0.00000000    
   518.750000       0.00000000    
   519.250000       0.00000000    
   519.750000       0.00000000    
   520.250000       0.00000000    
   520.750000       0.00000000    
   521.250000       0.00000000    
   521.750000       0.00000000    
   522.250000       0.00000000    
   522.750000       0.00000000    
   523.250000       0.00000000    
   523.750000       0.00000000    
   524.250000       0.00000000    
   524.750000       0.00000000    
   525.250000       0.00000000    
   525.750000       0.00000000    
   526.250000       0.00000000    
   526.750000       0.00000000    
   527.250000       0.00000000    
   527.750000       0.00000000    
   528.250000       0.00000000    
   528.750000       0.00000000    
   529.250000       0.00000000    
   529.750000       0.00000000    
   530.250000       0.00000000    
   530.750000       0.00000000    
   531.250000       0.00000000    
   531.750000       0.00000000    
   532.250000       0.00000000    
   532.750000       0.00000000    
   533.250000       0.00000000    
   533.750000       0.00000000    
   534.250000       0.00000000    
   534.750000       0.00000000    
   535.250000       0.00000000    
   535.750000       0.00000000    
   536.250000       0.00000000    
   536.750000       0.00000000    
   537.250000       0.00000000    
   537.750000       0.00000000    
   538.250000       0.00000000    
   538.750000       0.00000000    
   539.250000       0.00000000    
   539.750000       0.00000000    
   540.250000       0.00000000    
   540.750000       0.00000000    
   541.250000       0.00000000    
   541.750000       0.00000000    
   542.250000       0.00000000    
   542.750000       0.00000000    
   543.250000       0.00000000    
   543.750000       0.00000000    
   544.250000       0.00000000    
   544.750000       0.00000000    
   545.250000       0.00000000    
   545.750000       0.00000000    
   546.250000       0.00000000    
   546.750000       0.00000000    
   547.250000       0.00000000    
   547.750000       0.00000000    
   548.250000       0.00000000    
   548.750000       0.00000000    
   549.250000       0.00000000    
   549.750000       0.00000000    
   550.250000       0.00000000    
   550.750000       0.00000000    
   551.250000       0.00000000    
   551.750000       0.00000000    
   552.250000       0.00000000    
   552.750000       0.00000000    
   553.250000       0.00000000    
   553.750000       0.00000000    
   554.250000       0.00000000    
   554.750000       0.00000000    
   555.250000       0.00000000    
   555.750000       0.00000000    
   556.250000       0.00000000    
   556.750000       0.00000000    
   557.250000       0.00000000    
   557.750000       0.00000000    
   558.250000       0.00000000    
   558.750000       0.00000000    
   559.250000       0.00000000    
   559.750000       0.00000000    
   560.250000       0.00000000    
   560.750000       0.00000000    
   561.250000       0.00000000    
   561.750000       0.00000000    
   562.250000       0.00000000    
   562.750000       0.00000000    
   563.250000       0.00000000    
   563.750000       0.00000000    
   564.250000       0.00000000    
   564.750000       0.00000000    
   565.250000       0.00000000    
   565.750000       0.00000000    
   566.250000       0.00000000    
   566.750000       0.00000000    
   567.250000       0.00000000    
   567.750000       0.00000000    
   568.250000       0.00000000    
   568.750000       0.00000000    
   569.250000       0.00000000    
   569.750000       0.00000000    
   570.250000       0.00000000    
   570.750000       0.00000000    
   571.250000       0.00000000    
   571.750000       0.00000000    
   572.250000       0.00000000    
   572.750000       0.00000000    
   573.250000       0.00000000    
   573.750000       0.00000000    
   574.250000       0.00000000    
   574.750000       0.00000000    
   575.250000       0.00000000    
   575.750000       0.00000000    
   576.250000       0.00000000    
   576.750000       0.00000000    
   577.250000       0.00000000    
   577.750000       0.00000000    
   578.250000       0.00000000    
   578.750000       0.00000000    
   579.250000       0.00000000    
   579.750000       0.00000000    
   580.250000       0.00000000    
   580.750000       0.00000000    
   581.250000       0.00000000    
   581.750000       0.00000000    
   582.250000       0.00000000    
   582.750000       0.00000000    
   583.250000       0.00000000    
   583.750000       0.00000000    
   584.250000       0.00000000    
   584.750000       0.00000000    
   585.250000       0.00000000    
   585.750000       0.00000000    
   586.250000       0.00000000    
   586.750000       0.00000000    
   587.250000       0.00000000    
   587.750000       0.00000000    
   588.250000       0.00000000    
   588.750000       0.00000000    
   589.250000       0.00000000    
   589.750000       0.00000000    
   590.250000       0.00000000    
   590.750000       0.00000000    
   591.250000       0.00000000    
   591.750000       0.00000000    
   592.250000       0.00000000    
   592.750000       0.00000000    
   593.250000       0.00000000    
   593.750000       0.00000000    
   594.250000       0.00000000    
   594.750000       0.00000000    
   595.250000       0.00000000    
   595.750000       0.00000000    
   596.250000       0.00000000    
   596.750000       0.00000000    
   597.250000       0.00000000    
   597.750000       0.00000000    
   598.250000       0.00000000    
   598.750000       0.00000000    
   599.250000       0.00000000    
   599.750000       0.00000000    
   600.250000       0.00000000    
   600.750000       0.00000000    
   601.250000       0.00000000    
   601.750000       0.00000000    
   602.250000       0.00000000    
   602.750000       0.00000000    
   603.250000       0.00000000    
   603.750000       0.00000000    
   604.250000       0.00000000    
   604.750000       0.00000000    
   605.250000       0.00000000    
   605.750000       0.00000000    
   606.250000       0.00000000    
   606.750000       0.00000000    
   607.250000       0.00000000    
   607.750000       0.00000000    
   608.250000       0.00000000    
   608.750000       0.00000000    
   609.250000       0.00000000    
   609.750000       0.00000000    
   610.250000       0.00000000    
   610.750000       0.00000000    
   611.250000       0.00000000    
   611.750000       0.00000000    
   612.250000       0.00000000    
   612.750000       0.00000000    
   613.250000       0.00000000    
   613.750000       0.00000000    
   614.250000       0.00000000    
   614.750000       0.00000000    
   615.250000       0.00000000    
   615.750000       0.00000000    
   616.250000       0.00000000    
   616.750000       0.00000000    
   617.250000       0.00000000    
   617.750000       0.00000000    
   618.250000       0.00000000    
   618.750000       0.00000000    
   619.250000       0.00000000    
   619.750000       0.00000000    
   620.250000       0.00000000    
   620.750000       0.00000000    
   621.250000       0.00000000    
   621.750000       0.00000000    
   622.250000       0.00000000    
   622.750000       0.00000000    
   623.250000       0.00000000    
   623.750000       0.00000000    
   624.250000       0.00000000    
   624.750000       0.00000000    
   625.250000       0.00000000    
   625.750000       0.00000000    
   626.250000       0.00000000    
   626.750000       0.00000000    
   627.250000       0.00000000    
   627.750000       0.00000000    
   628.250000       0.00000000    
   628.750000       0.00000000    
   629.250000       0.00000000    
   629.750000       0.00000000    
   630.250000       0.00000000    
   630.750000       0.00000000    
   631.250000       0.00000000    
   631.750000       0.00000000    
   632.250000       0.00000000    
   632.750000       0.00000000    
   633.250000       0.00000000    
   633.750000       0.00000000    
   634.250000       0.00000000    
   634.750000       0.00000000    
   635.250000       0.00000000    
   635.750000       0.00000000    
   636.250000       0.00000000    
   636.750000       0.00000000    
   637.250000       0.00000000    
   637.750000       0.00000000    
   638.250000       0.00000000    
   638.750000       0.00000000    
   639.250000       0.00000000    
   639.750000       0.00000000    
   640.250000       0.00000000    
   640.750000       0.00000000    
   641.250000       0.00000000    
   641.750000       0.00000000    
   642.250000       0.00000000    
   642.750000       0.00000000    
   643.250000       0.00000000    
   643.750000       0.00000000    
   644.250000       0.00000000    
   644.750000       0.00000000    
   645.250000       0.00000000    
   645.750000       0.00000000    
   646.250000       0.00000000    
   646.750000       0.00000000    
   647.250000       0.00000000    
   647.750000       0.00000000    
   648.250000       0.00000000    
   648.750000       0.00000000    
   649.250000       0.00000000    
   649.750000       0.00000000    
   650.250000       0.00000000    
   650.750000       0.00000000    
   651.250000       0.00000000    
   651.750000       0.00000000    
   652.250000       0.00000000    
   652.750000       0.00000000    
   653.250000       0.00000000    
   653.750000       0.00000000    
   654.250000       0.00000000    
   654.750000       0.00000000    
   655.250000       0.00000000    
   655.750000       0.00000000    
   656.250000       0.00000000    
   656.750000       0.00000000    
   657.250000       0.00000000    
   657.750000       0.00000000    
   658.250000       0.00000000    
   658.750000       0.00000000    
   659.250000       0.00000000    
   659.750000       0.00000000    
   660.250000       0.00000000    
   660.750000       0.00000000    
   661.250000       0.00000000    
   661.750000       0.00000000    
   662.250000       0.00000000    
   662.750000       0.00000000    
   663.250000       0.00000000    
   663.750000       0.00000000    
   664.250000       0.00000000    
   664.750000       0.00000000    
   665.250000       0.00000000    
   665.750000       0.00000000    
   666.250000       0.00000000    
   666.750000       0.00000000    
   667.250000       0.00000000    
   667.750000       0.00000000    
   668.250000       0.00000000    
   668.750000       0.00000000    
   669.250000       0.00000000    
   669.750000       0.00000000    
   670.250000       0.00000000    
   670.750000       0.00000000    
   671.250000       0.00000000    
   671.750000       0.00000000    
   672.250000       0.00000000    
   672.750000       0.00000000    
   673.250000       0.00000000    
   673.750000       0.00000000    
   674.250000       0.00000000    
   674.750000       0.00000000    
   675.250000       0.00000000    
   675.750000       0.00000000    
   676.250000       0.00000000    
   676.750000       0.00000000    
   677.250000       0.00000000    
   677.750000       0.00000000    
   678.250000       0.00000000    
   678.750000       0.00000000    
   679.250000       0.00000000    
   679.750000       0.00000000    
   680.250000       0.00000000    
   680.750000       0.00000000    
   681.250000       0.00000000    
   681.750000       0.00000000    
   682.250000       0.00000000    
   682.750000       0.00000000    
   683.250000       0.00000000    
   683.750000       0.00000000    
   684.250000       0.00000000    
   684.750000       0.00000000    
   685.250000       0.00000000    
   685.750000       0.00000000    
   686.250000       0.00000000    
   686.750000       0.00000000    
   687.250000       0.00000000    
   687.750000       0.00000000    
   688.250000       0.00000000    
   688.750000       0.00000000    
   689.250000       0.00000000    
   689.750000       0.00000000    
   690.250000       0.00000000    
   690.750000       0.00000000    
   691.250000       0.00000000    
   691.750000       0.00000000    
   692.250000       0.00000000    
   692.750000       0.00000000    
   693.250000       0.00000000    
   693.750000       0.00000000    
   694.250000       0.00000000    
   694.750000       0.00000000    
   695.250000       0.00000000    
   695.750000       0.00000000    
   696.250000       0.00000000    
   696.750000       0.00000000    
   697.250000       0.00000000    
   697.750000       0.00000000    
   698.250000       0.00000000    
   698.750000       0.00000000    
   699.250000       0.00000000    
   699.750000       0.00000000    
   700.250000       0.00000000    
   700.750000       0.00000000    
   701.250000       0.00000000    
   701.750000       0.00000000    
   702.250000       0.00000000    
   702.750000       0.00000000    
   703.250000       0.00000000    
   703.750000       0.00000000    
   704.250000       0.00000000    
   704.750000       0.00000000    
   705.250000       0.00000000    
   705.750000       0.00000000    
   706.250000       0.00000000    
   706.750000       0.00000000    
   707.250000       0.00000000    
   707.750000       0.00000000    
   708.250000       0.00000000    
   708.750000       0.00000000    
   709.250000       0.00000000    
   709.750000       0.00000000    
   710.250000       0.00000000    
   710.750000       0.00000000    
   711.250000       0.00000000    
   711.750000       0.00000000    
   712.250000       0.00000000    
   712.750000       0.00000000    
   713.250000       0.00000000    
   713.750000       0.00000000    
   714.250000       0.00000000    
   714.750000       0.00000000    
   715.250000       0.00000000    
   715.750000       0.00000000    
   716.250000       0.00000000    
   716.750000       0.00000000    
   717.250000       0.00000000    
   717.750000       0.00000000    
   718.250000       0.00000000    
   718.750000       0.00000000    
   719.250000       0.00000000    
   719.750000       0.00000000    
   720.250000       0.00000000    
   720.750000       0.00000000    
   721.250000       0.00000000    
   721.750000       0.00000000    
   722.250000       0.00000000    
   722.750000       0.00000000    
   723.250000       0.00000000    
   723.750000       0.00000000    
   724.250000       0.00000000    
   724.750000       0.00000000    
   725.250000       0.00000000    
   725.750000       0.00000000    
   726.250000       0.00000000    
   726.750000       0.00000000    
   727.250000       0.00000000    
   727.750000       0.00000000    
   728.250000       0.00000000    
   728.750000       0.00000000    
   729.250000       0.00000000    
   729.750000       0.00000000    
   730.250000       0.00000000    
   730.750000       0.00000000    
   731.250000       0.00000000    
   731.750000       0.00000000    
   732.250000       0.00000000    
   732.750000       0.00000000    
   733.250000       0.00000000    
   733.750000       0.00000000    
   734.250000       0.00000000    
   734.750000       0.00000000    
   735.250000       0.00000000    
   735.750000       0.00000000    
   736.250000       0.00000000    
   736.750000       0.00000000    
   737.250000       0.00000000    
   737.750000       0.00000000    
   738.250000       0.00000000    
   738.750000       0.00000000    
   739.250000       0.00000000    
   739.750000       0.00000000    
   740.250000       0.00000000    
   740.750000       0.00000000    
   741.250000       0.00000000    
   741.750000       0.00000000    
   742.250000       0.00000000    
   742.750000       0.00000000    
   743.250000       0.00000000    
   743.750000       0.00000000    
   744.250000       0.00000000    
   744.750000       0.00000000    
   745.250000       0.00000000    
   745.750000       0.00000000    
   746.250000       0.00000000    
   746.750000       0.00000000    
   747.250000       0.00000000    
   747.750000       0.00000000    
   748.250000       0.00000000    
   748.750000       0.00000000    
   749.250000       0.00000000    
   749.750000       0.00000000    
   750.250000       0.00000000    
   750.750000       0.00000000    
   751.250000       0.00000000    
   751.750000       0.00000000    
   752.250000       0.00000000    
   752.750000       0.00000000    
   753.250000       0.00000000    
   753.750000       0.00000000    
   754.250000       0.00000000    
   754.750000       0.00000000    
   755.250000       0.00000000    
   755.750000       0.00000000    
   756.250000       0.00000000    
   756.750000       0.00000000    
   757.250000       0.00000000    
   757.750000       0.00000000    
   758.250000       0.00000000    
   758.750000       0.00000000    
   759.250000       0.00000000    
   759.750000       0.00000000    
   760.250000       0.00000000    
   760.750000       0.00000000    
   761.250000       0.00000000    
   761.750000       0.00000000    
   762.250000       0.00000000    
   762.750000       0.00000000    
   763.250000       0.00000000    
   763.750000       0.00000000    
   764.250000       0.00000000    
   764.750000       0.00000000    
   765.250000       0.00000000    
   765.750000       0.00000000    
   766.250000       0.00000000    
   766.750000       0.00000000    
   767.250000       0.00000000    
   767.750000       0.00000000    
   768.250000       0.00000000    
   768.750000       0.00000000    
   769.250000       0.00000000    
   769.750000       0.00000000    
   770.250000       0.00000000    
   770.750000       0.00000000    
   771.250000       0.00000000    
   771.750000       0.00000000    
   772.250000       0.00000000    
   772.750000       0.00000000    
   773.250000       0.00000000    
   773.750000       0.00000000    
   774.250000       0.00000000    
   774.750000       0.00000000    
   775.250000       0.00000000    
   775.750000       0.00000000    
   776.250000       0.00000000    
   776.750000       0.00000000    
   777.250000       0.00000000    
   777.750000       0.00000000    
   778.250000       0.00000000    
   778.750000       0.00000000    
   779.250000       0.00000000    
   779.750000       0.00000000    
   780.250000       0.00000000    
   780.750000       0.00000000    
   781.250000       0.00000000    
   781.750000       0.00000000    
   782.250000       0.00000000    
   782.750000       0.00000000    
   783.250000       0.00000000    
   783.750000       0.00000000    
   784.250000       0.00000000    
   784.750000       0.00000000    
   785.250000       0.00000000    
   785.750000       0.00000000    
   786.250000       0.00000000    
   786.750000       0.00000000    
   787.250000       0.00000000    
   787.750000       0.00000000    
   788.250000       0.00000000    
   788.750000       0.00000000    
   789.250000       0.00000000    
   789.750000       0.00000000    
   790.250000       0.00000000    
   790.750000       0.00000000    
   791.250000       0.00000000    
   791.750000       0.00000000    
   792.250000       0.00000000    
   792.750000       0.00000000    
   793.250000       0.00000000    
   793.750000       0.00000000    
   794.250000       0.00000000    
   794.750000       0.00000000    
   795.250000       0.00000000    
   795.750000       0.00000000    
   796.250000       0.00000000    
   796.750000       0.00000000    
   797.250000       0.00000000    
   797.750000       0.00000000    
   798.250000       0.00000000    
   798.750000       0.00000000    
   799.250000       0.00000000    
   799.750000       0.00000000    
   800.250000       0.00000000    
   800.750000       0.00000000    
   801.250000       0.00000000    
   801.750000       0.00000000    
   802.250000       0.00000000    
   802.750000       0.00000000    
   803.250000       0.00000000    
   803.750000       0.00000000    
   804.250000       0.00000000    
   804.750000       0.00000000    
   805.250000       0.00000000    
   805.750000       0.00000000    
   806.250000       0.00000000    
   806.750000       0.00000000    
   807.250000       0.00000000    
   807.750000       0.00000000    
   808.250000       0.00000000    
   808.750000       0.00000000    
   809.250000       0.00000000    
   809.750000       0.00000000    
   810.250000       0.00000000    
   810.750000       0.00000000    
   811.250000       0.00000000    
   811.750000       0.00000000    
   812.250000       0.00000000    
   812.750000       0.00000000    
   813.250000       0.00000000    
   813.750000       0.00000000    
   814.250000       0.00000000    
   814.750000       0.00000000    
   815.250000       0.00000000    
   815.750000       0.00000000    
   816.250000       0.00000000    
   816.750000       0.00000000    
   817.250000       0.00000000    
   817.750000       0.00000000    
   818.250000       0.00000000    
   818.750000       0.00000000    
   819.250000       0.00000000    
   819.750000       0.00000000    
   820.250000       0.00000000    
   820.750000       0.00000000    
   821.250000       0.00000000    
   821.750000       0.00000000    
   822.250000       0.00000000    
   822.750000       0.00000000    
   823.250000       0.00000000    
   823.750000       0.00000000    
   824.250000       0.00000000    
   824.750000       0.00000000    
   825.250000       0.00000000    
   825.750000       0.00000000    
   826.250000       0.00000000    
   826.750000       0.00000000    
   827.250000       0.00000000    
   827.750000       0.00000000    
   828.250000       0.00000000    
   828.750000       0.00000000    
   829.250000       0.00000000    
   829.750000       0.00000000    
   830.250000       0.00000000    
   830.750000       0.00000000    
   831.250000       0.00000000    
   831.750000       0.00000000    
   832.250000       0.00000000    
   832.750000       0.00000000    
   833.250000       0.00000000    
   833.750000       0.00000000    
   834.250000       0.00000000    
   834.750000       0.00000000    
   835.250000       0.00000000    
   835.750000       0.00000000    
   836.250000       0.00000000    
   836.750000       0.00000000    
   837.250000       0.00000000    
   837.750000       0.00000000    
   838.250000       0.00000000    
   838.750000       0.00000000    
   839.250000       0.00000000    
   839.750000       0.00000000    
   840.250000       0.00000000    
   840.750000       0.00000000    
   841.250000       0.00000000    
   841.750000       0.00000000    
   842.250000       0.00000000    
   842.750000       0.00000000    
   843.250000       0.00000000    
   843.750000       0.00000000    
   844.250000       0.00000000    
   844.750000       0.00000000    
   845.250000       0.00000000    
   845.750000       0.00000000    
   846.250000       0.00000000    
   846.750000       0.00000000    
   847.250000       0.00000000    
   847.750000       0.00000000    
   848.250000       0.00000000    
   848.750000       0.00000000    
   849.250000       0.00000000    
   849.750000       0.00000000    
   850.250000       0.00000000    
   850.750000       0.00000000    
   851.250000       0.00000000    
   851.750000       0.00000000    
   852.250000       0.00000000    
   852.750000       0.00000000    
   853.250000       0.00000000    
   853.750000       0.00000000    
   854.250000       0.00000000    
   854.750000       0.00000000    
   855.250000       0.00000000    
   855.750000       0.00000000    
   856.250000       0.00000000    
   856.750000       0.00000000    
   857.250000       0.00000000    
   857.750000       0.00000000    
   858.250000       0.00000000    
   858.750000       0.00000000    
   859.250000       0.00000000    
   859.750000       0.00000000    
   860.250000       0.00000000    
   860.750000       0.00000000    
   861.250000       0.00000000    
   861.750000       0.00000000    
   862.250000       0.00000000    
   862.750000       0.00000000    
   863.250000       0.00000000    
   863.750000       0.00000000    
   864.250000       0.00000000    
   864.750000       0.00000000    
   865.250000       0.00000000    
   865.750000       0.00000000    
   866.250000       0.00000000    
   866.750000       0.00000000    
   867.250000       0.00000000    
   867.750000       0.00000000    
   868.250000       0.00000000    
   868.750000       0.00000000    
   869.250000       0.00000000    
   869.750000       0.00000000    
   870.250000       0.00000000    
   870.750000       0.00000000    
   871.250000       0.00000000    
   871.750000       0.00000000    
   872.250000       0.00000000    
   872.750000       0.00000000    
   873.250000       0.00000000    
   873.750000       0.00000000    
   874.250000       0.00000000    
   874.750000       0.00000000    
   875.250000       0.00000000    
   875.750000       0.00000000    
   876.250000       0.00000000    
   876.750000       0.00000000    
   877.250000       0.00000000    
   877.750000       0.00000000    
   878.250000       0.00000000    
   878.750000       0.00000000    
   879.250000       0.00000000    
   879.750000       0.00000000    
   880.250000       0.00000000    
   880.750000       0.00000000    
   881.250000       0.00000000    
   881.750000       0.00000000    
   882.250000       0.00000000    
   882.750000       0.00000000    
   883.250000       0.00000000    
   883.750000       0.00000000    
   884.250000       0.00000000    
   884.750000       0.00000000    
   885.250000       0.00000000    
   885.750000       0.00000000    
   886.250000       0.00000000    
   886.750000       0.00000000    
   887.250000       0.00000000    
   887.750000       0.00000000    
   888.250000       0.00000000    
   888.750000       0.00000000    
   889.250000       0.00000000    
   889.750000       0.00000000    
   890.250000       0.00000000    
   890.750000       0.00000000    
   891.250000       0.00000000    
   891.750000       0.00000000    
   892.250000       0.00000000    
   892.750000       0.00000000    
   893.250000       0.00000000    
   893.750000       0.00000000    
   894.250000       0.00000000    
   894.750000       0.00000000    
   895.250000       0.00000000    
   895.750000       0.00000000    
   896.250000       0.00000000    
   896.750000       0.00000000    
   897.250000       0.00000000    
   897.750000       0.00000000    
   898.250000       0.00000000    
   898.750000       0.00000000    
   899.250000       0.00000000    
   899.750000       0.00000000    
   900.250000       0.00000000    
   900.750000       0.00000000    
   901.250000       0.00000000    
   901.750000       0.00000000    
   902.250000       0.00000000    
   902.750000       0.00000000    
   903.250000       0.00000000    
   903.750000       0.00000000    
   904.250000       0.00000000    
   904.750000       0.00000000    
   905.250000       0.00000000    
   905.750000       0.00000000    
   906.250000       0.00000000    
   906.750000       0.00000000    
   907.250000       0.00000000    
   907.750000       0.00000000    
   908.250000       0.00000000    
   908.750000       0.00000000    
   909.250000       0.00000000    
   909.750000       0.00000000    
   910.250000       0.00000000    
   910.750000       0.00000000    
   911.250000       0.00000000    
   911.750000       0.00000000    
   912.250000       0.00000000    
   912.750000       0.00000000    
   913.250000       0.00000000    
   913.750000       0.00000000    
   914.250000       0.00000000    
   914.750000       0.00000000    
   915.250000       0.00000000    
   915.750000       0.00000000    
   916.250000       0.00000000    
   916.750000       0.00000000    
   917.250000       0.00000000    
   917.750000       0.00000000    
   918.250000       0.00000000    
   918.750000       0.00000000    
   919.250000       0.00000000    
   919.750000       0.00000000    
   920.250000       0.00000000    
   920.750000       0.00000000    
   921.250000       0.00000000    
   921.750000       0.00000000    
   922.250000       0.00000000    
   922.750000       0.00000000    
   923.250000       0.00000000    
   923.750000       0.00000000    
   924.250000       0.00000000    
   924.750000       0.00000000    
   925.250000       0.00000000    
   925.750000       0.00000000    
   926.250000       0.00000000    
   926.750000       0.00000000    
   927.250000       0.00000000    
   927.750000       0.00000000    
   928.250000       0.00000000    
   928.750000       0.00000000    
   929.250000       0.00000000    
   929.750000       0.00000000    
   930.250000       0.00000000    
   930.750000       0.00000000    
   931.250000       0.00000000    
   931.750000       0.00000000    
   932.250000       0.00000000    
   932.750000       0.00000000    
   933.250000       0.00000000    
   933.750000       0.00000000    
   934.250000       0.00000000    
   934.750000       0.00000000    
   935.250000       0.00000000    
   935.750000       0.00000000    
   936.250000       0.00000000    
   936.750000       0.00000000    
   937.250000       0.00000000    
   937.750000       0.00000000    
   938.250000       0.00000000    
   938.750000       0.00000000    
   939.250000       0.00000000    
   939.750000       0.00000000    
   940.250000       0.00000000    
   940.750000       0.00000000    
   941.250000       0.00000000    
   941.750000       0.00000000    
   942.250000       0.00000000    
   942.750000       0.00000000    
   943.250000       0.00000000    
   943.750000       0.00000000    
   944.250000       0.00000000    
   944.750000       0.00000000    
   945.250000       0.00000000    
   945.750000       0.00000000    
   946.250000       0.00000000    
   946.750000       0.00000000    
   947.250000       0.00000000    
   947.750000       0.00000000    
   948.250000       0.00000000    
   948.750000       0.00000000    
   949.250000       0.00000000    
   949.750000       0.00000000    
   950.250000       0.00000000    
   950.750000       0.00000000    
   951.250000       0.00000000    
   951.750000       0.00000000    
   952.250000       0.00000000    
   952.750000       0.00000000    
   953.250000       0.00000000    
   953.750000       0.00000000    
   954.250000       0.00000000    
   954.750000       0.00000000    
   955.250000       0.00000000    
   955.750000       0.00000000    
   956.250000       0.00000000    
   956.750000       0.00000000    
   957.250000       0.00000000    
   957.750000       0.00000000    
   958.250000       0.00000000    
   958.750000       0.00000000    
   959.250000       0.00000000    
   959.750000       0.00000000    
   960.250000       0.00000000    
   960.750000       0.00000000    
   961.250000       0.00000000    
   961.750000       0.00000000    
   962.250000       0.00000000    
   962.750000       0.00000000    
   963.250000       0.00000000    
   963.750000       0.00000000    
   964.250000       0.00000000    
   964.750000       0.00000000    
   965.250000       0.00000000    
   965.750000       0.00000000    
   966.250000       0.00000000    
   966.750000       0.00000000    
   967.250000       0.00000000    
   967.750000       0.00000000    
   968.250000       0.00000000    
   968.750000       0.00000000    
   969.250000       0.00000000    
   969.750000       0.00000000    
   970.250000       0.00000000    
   970.750000       0.00000000    
   971.250000       0.00000000    
   971.750000       0.00000000    
   972.250000       0.00000000    
   972.750000       0.00000000    
   973.250000       0.00000000    
   973.750000       0.00000000    
   974.250000       0.00000000    
   974.750000       0.00000000    
   975.250000       0.00000000    
   975.750000       0.00000000    
   976.250000       0.00000000    
   976.750000       0.00000000    
   977.250000       0.00000000    
   977.750000       0.00000000    
   978.250000       0.00000000    
   978.750000       0.00000000    
   979.250000       0.00000000    
   979.750000       0.00000000    
   980.250000       0.00000000    
   980.750000       0.00000000    
   981.250000       0.00000000    
   981.750000       0.00000000    
   982.250000       0.00000000    
   982.750000       0.00000000    
   983.250000       0.00000000    
   983.750000       0.00000000    
   984.250000       0.00000000    
   984.750000       0.00000000    
   985.250000       0.00000000    
   985.750000       0.00000000    
   986.250000       0.00000000    
   986.750000       0.00000000    
   987.250000       0.00000000    
   987.750000       0.00000000    
   988.250000       0.00000000    
   988.750000       0.00000000    
   989.250000       0.00000000    
   989.750000       0.00000000    
   990.250000       0.00000000    
   990.750000       0.00000000    
   991.250000       0.00000000    
   991.750000       0.00000000    
   992.250000       0.00000000    
   992.750000       0.00000000    
   993.250000       0.00000000    
   993.750000       0.00000000    
   994.250000       0.00000000    
   994.750000       0.00000000    
   995.250000       0.00000000    
   995.750000       0.00000000    
   996.250000       0.00000000    
   996.750000       0.00000000    
   997.250000       0.00000000    
   997.750000       0.00000000    
   998.250000       0.00000000    
   998.750000       0.00000000    
   999.250000       0.00000000    
   999.750000       0.00000000    
   1000.25000       0.00000000    
