    0.125000E+00    0.000000E+00    0.000000E+00    0.000000E+00
    0.375000E+00    0.000000E+00    0.000000E+00    0.000000E+00
    0.625000E+00    0.000000E+00    0.000000E+00    0.000000E+00
    0.875000E+00    0.000000E+00    0.000000E+00    0.000000E+00
    0.112500E+01    0.000000E+00    0.000000E+00    0.000000E+00
    0.137500E+01    0.000000E+00    0.000000E+00    0.000000E+00
    0.162500E+01    0.000000E+00    0.000000E+00    0.000000E+00
    0.187500E+01    0.000000E+00    0.000000E+00    0.000000E+00
    0.212500E+01    0.000000E+00    0.000000E+00    0.000000E+00
    0.237500E+01    0.000000E+00    0.000000E+00    0.000000E+00
    0.262500E+01    0.000000E+00    0.000000E+00    0.000000E+00
    0.287500E+01    0.000000E+00    0.000000E+00    0.000000E+00
    0.312500E+01    0.000000E+00    0.000000E+00    0.000000E+00
    0.337500E+01    0.000000E+00    0.000000E+00    0.000000E+00
    0.362500E+01    0.000000E+00    0.000000E+00    0.000000E+00
    0.387500E+01    0.000000E+00    0.000000E+00    0.000000E+00
    0.412500E+01    0.000000E+00    0.000000E+00    0.000000E+00
    0.437500E+01    0.000000E+00    0.000000E+00    0.000000E+00
    0.462500E+01    0.000000E+00    0.000000E+00    0.000000E+00
    0.487500E+01    0.000000E+00    0.000000E+00    0.000000E+00
    0.512500E+01    0.000000E+00    0.000000E+00    0.000000E+00
    0.537500E+01    0.000000E+00    0.000000E+00    0.000000E+00
    0.562500E+01    0.000000E+00    0.000000E+00    0.000000E+00
    0.587500E+01    0.000000E+00    0.000000E+00    0.000000E+00
    0.612500E+01    0.000000E+00    0.000000E+00    0.000000E+00
    0.637500E+01    0.000000E+00    0.000000E+00    0.000000E+00
    0.662500E+01    0.000000E+00    0.000000E+00    0.000000E+00
    0.687500E+01    0.000000E+00    0.000000E+00    0.000000E+00
    0.712500E+01    0.000000E+00    0.000000E+00    0.000000E+00
    0.737500E+01    0.000000E+00    0.000000E+00    0.000000E+00
    0.762500E+01    0.000000E+00    0.000000E+00    0.000000E+00
    0.787500E+01    0.000000E+00    0.000000E+00    0.000000E+00
    0.812500E+01    0.000000E+00    0.000000E+00    0.000000E+00
    0.837500E+01    0.000000E+00    0.000000E+00    0.000000E+00
    0.862500E+01    0.000000E+00    0.000000E+00    0.000000E+00
    0.887500E+01    0.000000E+00    0.000000E+00    0.000000E+00
    0.912500E+01    0.000000E+00    0.000000E+00    0.000000E+00
    0.937500E+01    0.000000E+00    0.000000E+00    0.000000E+00
    0.962500E+01    0.000000E+00    0.000000E+00    0.000000E+00
    0.987500E+01    0.000000E+00    0.000000E+00    0.000000E+00
    0.101250E+02    0.000000E+00    0.000000E+00    0.000000E+00
    0.103750E+02    0.000000E+00    0.000000E+00    0.000000E+00
    0.106250E+02    0.000000E+00    0.000000E+00    0.000000E+00
    0.108750E+02    0.000000E+00    0.000000E+00    0.000000E+00
    0.111250E+02    0.000000E+00    0.000000E+00    0.000000E+00
    0.113750E+02    0.000000E+00    0.000000E+00    0.000000E+00
    0.116250E+02    0.000000E+00    0.000000E+00    0.000000E+00
    0.118750E+02    0.000000E+00    0.000000E+00    0.000000E+00
    0.121250E+02    0.000000E+00    0.000000E+00    0.000000E+00
    0.123750E+02    0.000000E+00    0.000000E+00    0.000000E+00
    0.126250E+02    0.000000E+00    0.000000E+00    0.000000E+00
    0.128750E+02    0.000000E+00    0.000000E+00    0.000000E+00
    0.131250E+02    0.000000E+00    0.000000E+00    0.000000E+00
    0.133750E+02    0.000000E+00    0.000000E+00    0.000000E+00
    0.136250E+02    0.000000E+00    0.000000E+00    0.000000E+00
    0.138750E+02    0.000000E+00    0.000000E+00    0.000000E+00
    0.141250E+02    0.000000E+00    0.000000E+00    0.000000E+00
    0.143750E+02    0.000000E+00    0.000000E+00    0.000000E+00
    0.146250E+02    0.000000E+00    0.000000E+00    0.000000E+00
    0.148750E+02    0.000000E+00    0.000000E+00    0.000000E+00
    0.151250E+02    0.000000E+00    0.000000E+00    0.000000E+00
    0.153750E+02    0.000000E+00    0.000000E+00    0.000000E+00
    0.156250E+02    0.000000E+00    0.000000E+00    0.000000E+00
    0.158750E+02    0.000000E+00    0.000000E+00    0.000000E+00
    0.161250E+02    0.000000E+00    0.000000E+00    0.000000E+00
    0.163750E+02    0.000000E+00    0.000000E+00    0.000000E+00
    0.166250E+02    0.000000E+00    0.000000E+00    0.000000E+00
    0.168750E+02    0.000000E+00    0.000000E+00    0.000000E+00
    0.171250E+02    0.000000E+00    0.000000E+00    0.000000E+00
    0.173750E+02    0.000000E+00    0.000000E+00    0.000000E+00
    0.176250E+02    0.000000E+00    0.000000E+00    0.000000E+00
    0.178750E+02    0.000000E+00    0.000000E+00    0.000000E+00
    0.181250E+02    0.000000E+00    0.000000E+00    0.000000E+00
    0.183750E+02    0.000000E+00    0.000000E+00    0.000000E+00
    0.186250E+02    0.000000E+00    0.000000E+00    0.000000E+00
    0.188750E+02    0.000000E+00    0.000000E+00    0.000000E+00
    0.191250E+02    0.000000E+00    0.000000E+00    0.000000E+00
    0.193750E+02    0.000000E+00    0.000000E+00    0.000000E+00
    0.196250E+02    0.000000E+00    0.000000E+00    0.000000E+00
    0.198750E+02    0.000000E+00    0.000000E+00    0.000000E+00
    0.201250E+02    0.000000E+00    0.000000E+00    0.000000E+00
    0.203750E+02    0.000000E+00    0.000000E+00    0.000000E+00
    0.206250E+02    0.000000E+00    0.000000E+00    0.000000E+00
    0.208750E+02    0.000000E+00    0.000000E+00    0.000000E+00
    0.211250E+02    0.000000E+00    0.000000E+00    0.000000E+00
    0.213750E+02    0.000000E+00    0.000000E+00    0.000000E+00
    0.216250E+02    0.000000E+00    0.000000E+00    0.000000E+00
    0.218750E+02    0.000000E+00    0.000000E+00    0.000000E+00
    0.221250E+02    0.000000E+00    0.000000E+00    0.000000E+00
    0.223750E+02    0.000000E+00    0.000000E+00    0.000000E+00
    0.226250E+02    0.000000E+00    0.000000E+00    0.000000E+00
    0.228750E+02    0.000000E+00    0.000000E+00    0.000000E+00
    0.231250E+02    0.000000E+00    0.000000E+00    0.000000E+00
    0.233750E+02    0.000000E+00    0.000000E+00    0.000000E+00
    0.236250E+02    0.000000E+00    0.000000E+00    0.000000E+00
    0.238750E+02    0.000000E+00    0.000000E+00    0.000000E+00
    0.241250E+02    0.000000E+00    0.000000E+00    0.000000E+00
    0.243750E+02    0.000000E+00    0.000000E+00    0.000000E+00
    0.246250E+02    0.000000E+00    0.000000E+00    0.000000E+00
    0.248750E+02    0.000000E+00    0.000000E+00    0.000000E+00
    0.251250E+02    0.000000E+00    0.000000E+00    0.000000E+00
    0.253750E+02    0.000000E+00    0.000000E+00    0.000000E+00
    0.256250E+02    0.000000E+00    0.000000E+00    0.000000E+00
    0.258750E+02    0.000000E+00    0.000000E+00    0.000000E+00
    0.261250E+02    0.000000E+00    0.000000E+00    0.000000E+00
    0.263750E+02    0.000000E+00    0.000000E+00    0.000000E+00
    0.266250E+02    0.000000E+00    0.000000E+00    0.000000E+00
    0.268750E+02    0.000000E+00    0.000000E+00    0.000000E+00
    0.271250E+02    0.000000E+00    0.000000E+00    0.000000E+00
    0.273750E+02    0.000000E+00    0.000000E+00    0.000000E+00
    0.276250E+02    0.000000E+00    0.000000E+00    0.000000E+00
    0.278750E+02    0.000000E+00    0.000000E+00    0.000000E+00
    0.281250E+02    0.000000E+00    0.000000E+00    0.000000E+00
    0.283750E+02    0.000000E+00    0.000000E+00    0.000000E+00
    0.286250E+02    0.000000E+00    0.000000E+00    0.000000E+00
    0.288750E+02    0.000000E+00    0.000000E+00    0.000000E+00
    0.291250E+02    0.000000E+00    0.000000E+00    0.000000E+00
    0.293750E+02    0.000000E+00    0.000000E+00    0.000000E+00
    0.296250E+02    0.000000E+00    0.000000E+00    0.000000E+00
    0.298750E+02    0.000000E+00    0.000000E+00    0.000000E+00
    0.301250E+02    0.000000E+00    0.000000E+00    0.000000E+00
    0.303750E+02    0.000000E+00    0.000000E+00    0.000000E+00
    0.306250E+02    0.000000E+00    0.000000E+00    0.000000E+00
    0.308750E+02    0.000000E+00    0.000000E+00    0.000000E+00
    0.311250E+02    0.000000E+00    0.000000E+00    0.000000E+00
    0.313750E+02    0.000000E+00    0.000000E+00    0.000000E+00
    0.316250E+02    0.000000E+00    0.000000E+00    0.000000E+00
    0.318750E+02    0.000000E+00    0.000000E+00    0.000000E+00
    0.321250E+02    0.000000E+00    0.000000E+00    0.000000E+00
    0.323750E+02    0.000000E+00    0.000000E+00    0.000000E+00
    0.326250E+02    0.000000E+00    0.000000E+00    0.000000E+00
    0.328750E+02    0.000000E+00    0.000000E+00    0.000000E+00
    0.331250E+02    0.000000E+00    0.000000E+00    0.000000E+00
    0.333750E+02    0.000000E+00    0.000000E+00    0.000000E+00
    0.336250E+02    0.000000E+00    0.000000E+00    0.000000E+00
    0.338750E+02    0.000000E+00    0.000000E+00    0.000000E+00
    0.341250E+02    0.000000E+00    0.000000E+00    0.000000E+00
    0.343750E+02    0.000000E+00    0.000000E+00    0.000000E+00
    0.346250E+02    0.000000E+00    0.000000E+00    0.000000E+00
    0.348750E+02    0.000000E+00    0.000000E+00    0.000000E+00
    0.351250E+02    0.000000E+00    0.000000E+00    0.000000E+00
    0.353750E+02    0.000000E+00    0.000000E+00    0.000000E+00
    0.356250E+02    0.000000E+00    0.000000E+00    0.000000E+00
    0.358750E+02    0.000000E+00    0.000000E+00    0.000000E+00
    0.361250E+02    0.000000E+00    0.000000E+00    0.000000E+00
    0.363750E+02    0.000000E+00    0.000000E+00    0.000000E+00
    0.366250E+02    0.000000E+00    0.000000E+00    0.000000E+00
    0.368750E+02    0.000000E+00    0.000000E+00    0.000000E+00
    0.371250E+02    0.000000E+00    0.000000E+00    0.000000E+00
    0.373750E+02    0.000000E+00    0.000000E+00    0.000000E+00
    0.376250E+02    0.000000E+00    0.000000E+00    0.000000E+00
    0.378750E+02    0.000000E+00    0.000000E+00    0.000000E+00
    0.381250E+02    0.000000E+00    0.000000E+00    0.000000E+00
    0.383750E+02    0.000000E+00    0.000000E+00    0.000000E+00
    0.386250E+02    0.000000E+00    0.000000E+00    0.000000E+00
    0.388750E+02    0.000000E+00    0.000000E+00    0.000000E+00
    0.391250E+02    0.000000E+00    0.000000E+00    0.000000E+00
    0.393750E+02    0.000000E+00    0.000000E+00    0.000000E+00
    0.396250E+02    0.000000E+00    0.000000E+00    0.000000E+00
    0.398750E+02    0.000000E+00    0.000000E+00    0.000000E+00
    0.401250E+02    0.000000E+00    0.000000E+00    0.000000E+00
    0.403750E+02    0.000000E+00    0.000000E+00    0.000000E+00
    0.406250E+02    0.000000E+00    0.000000E+00    0.000000E+00
    0.408750E+02    0.000000E+00    0.000000E+00    0.000000E+00
    0.411250E+02    0.000000E+00    0.000000E+00    0.000000E+00
    0.413750E+02    0.000000E+00    0.000000E+00    0.000000E+00
    0.416250E+02    0.000000E+00    0.000000E+00    0.000000E+00
    0.418750E+02    0.000000E+00    0.000000E+00    0.000000E+00
    0.421250E+02    0.000000E+00    0.000000E+00    0.000000E+00
    0.423750E+02    0.000000E+00    0.000000E+00    0.000000E+00
    0.426250E+02    0.000000E+00    0.000000E+00    0.000000E+00
    0.428750E+02    0.000000E+00    0.000000E+00    0.000000E+00
    0.431250E+02    0.000000E+00    0.000000E+00    0.000000E+00
    0.433750E+02    0.000000E+00    0.000000E+00    0.000000E+00
    0.436250E+02    0.000000E+00    0.000000E+00    0.000000E+00
    0.438750E+02    0.000000E+00    0.000000E+00    0.000000E+00
    0.441250E+02    0.000000E+00    0.000000E+00    0.000000E+00
    0.443750E+02    0.000000E+00    0.000000E+00    0.000000E+00
    0.446250E+02    0.000000E+00    0.000000E+00    0.000000E+00
    0.448750E+02    0.000000E+00    0.000000E+00    0.000000E+00
    0.451250E+02    0.000000E+00    0.000000E+00    0.000000E+00
    0.453750E+02    0.000000E+00    0.000000E+00    0.000000E+00
    0.456250E+02    0.000000E+00    0.000000E+00    0.000000E+00
    0.458750E+02    0.000000E+00    0.000000E+00    0.000000E+00
    0.461250E+02    0.000000E+00    0.000000E+00    0.000000E+00
    0.463750E+02    0.000000E+00    0.000000E+00    0.000000E+00
    0.466250E+02    0.000000E+00    0.000000E+00    0.000000E+00
    0.468750E+02    0.000000E+00    0.000000E+00    0.000000E+00
    0.471250E+02    0.000000E+00    0.000000E+00    0.000000E+00
    0.473750E+02    0.000000E+00    0.000000E+00    0.000000E+00
    0.476250E+02    0.000000E+00    0.000000E+00    0.000000E+00
    0.478750E+02    0.000000E+00    0.000000E+00    0.000000E+00
    0.481250E+02    0.000000E+00    0.000000E+00    0.000000E+00
    0.483750E+02    0.000000E+00    0.000000E+00    0.000000E+00
    0.486250E+02    0.000000E+00    0.000000E+00    0.000000E+00
    0.488750E+02    0.000000E+00    0.000000E+00    0.000000E+00
    0.491250E+02    0.000000E+00    0.000000E+00    0.000000E+00
    0.493750E+02    0.000000E+00    0.000000E+00    0.000000E+00
    0.496250E+02    0.000000E+00    0.000000E+00    0.000000E+00
    0.498750E+02    0.000000E+00    0.000000E+00    0.000000E+00
    0.501250E+02    0.000000E+00    0.000000E+00    0.000000E+00
    0.503750E+02    0.000000E+00    0.000000E+00    0.000000E+00
    0.506250E+02    0.000000E+00    0.000000E+00    0.000000E+00
    0.508750E+02    0.000000E+00    0.000000E+00    0.000000E+00
    0.511250E+02    0.000000E+00    0.000000E+00    0.000000E+00
    0.513750E+02    0.000000E+00    0.000000E+00    0.000000E+00
    0.516250E+02    0.000000E+00    0.000000E+00    0.000000E+00
    0.518750E+02    0.000000E+00    0.000000E+00    0.000000E+00
    0.521250E+02    0.000000E+00    0.000000E+00    0.000000E+00
    0.523750E+02    0.000000E+00    0.000000E+00    0.000000E+00
    0.526250E+02    0.000000E+00    0.000000E+00    0.000000E+00
    0.528750E+02    0.000000E+00    0.000000E+00    0.000000E+00
    0.531250E+02    0.000000E+00    0.000000E+00    0.000000E+00
    0.533750E+02    0.000000E+00    0.000000E+00    0.000000E+00
    0.536250E+02    0.000000E+00    0.000000E+00    0.000000E+00
    0.538750E+02    0.000000E+00    0.000000E+00    0.000000E+00
    0.541250E+02    0.000000E+00    0.000000E+00    0.000000E+00
    0.543750E+02    0.000000E+00    0.000000E+00    0.000000E+00
    0.546250E+02    0.000000E+00    0.000000E+00    0.000000E+00
    0.548750E+02    0.000000E+00    0.000000E+00    0.000000E+00
    0.551250E+02    0.000000E+00    0.000000E+00    0.000000E+00
    0.553750E+02    0.000000E+00    0.000000E+00    0.000000E+00
    0.556250E+02    0.000000E+00    0.000000E+00    0.000000E+00
    0.558750E+02    0.000000E+00    0.000000E+00    0.000000E+00
    0.561250E+02    0.000000E+00    0.000000E+00    0.000000E+00
    0.563750E+02    0.000000E+00    0.000000E+00    0.000000E+00
    0.566250E+02    0.000000E+00    0.000000E+00    0.000000E+00
    0.568750E+02    0.000000E+00    0.000000E+00    0.000000E+00
    0.571250E+02    0.000000E+00    0.000000E+00    0.000000E+00
    0.573750E+02    0.000000E+00    0.000000E+00    0.000000E+00
    0.576250E+02    0.000000E+00    0.000000E+00    0.000000E+00
    0.578750E+02    0.000000E+00    0.000000E+00    0.000000E+00
    0.581250E+02    0.000000E+00    0.000000E+00    0.000000E+00
    0.583750E+02    0.000000E+00    0.000000E+00    0.000000E+00
    0.586250E+02    0.000000E+00    0.000000E+00    0.000000E+00
    0.588750E+02    0.000000E+00    0.000000E+00    0.000000E+00
    0.591250E+02    0.000000E+00    0.000000E+00    0.000000E+00
    0.593750E+02    0.000000E+00    0.000000E+00    0.000000E+00
    0.596250E+02    0.000000E+00    0.000000E+00    0.000000E+00
    0.598750E+02    0.000000E+00    0.000000E+00    0.000000E+00
    0.601250E+02    0.000000E+00    0.000000E+00    0.000000E+00
    0.603750E+02    0.000000E+00    0.000000E+00    0.000000E+00
    0.606250E+02    0.000000E+00    0.000000E+00    0.000000E+00
    0.608750E+02    0.000000E+00    0.000000E+00    0.000000E+00
    0.611250E+02    0.000000E+00    0.000000E+00    0.000000E+00
    0.613750E+02    0.000000E+00    0.000000E+00    0.000000E+00
    0.616250E+02    0.000000E+00    0.000000E+00    0.000000E+00
    0.618750E+02    0.000000E+00    0.000000E+00    0.000000E+00
    0.621250E+02    0.000000E+00    0.000000E+00    0.000000E+00
    0.623750E+02    0.000000E+00    0.000000E+00    0.000000E+00
    0.626250E+02    0.000000E+00    0.000000E+00    0.000000E+00
    0.628750E+02    0.000000E+00    0.000000E+00    0.000000E+00
    0.631250E+02    0.000000E+00    0.000000E+00    0.000000E+00
    0.633750E+02    0.000000E+00    0.000000E+00    0.000000E+00
    0.636250E+02    0.000000E+00    0.000000E+00    0.000000E+00
    0.638750E+02    0.000000E+00    0.000000E+00    0.000000E+00
    0.641250E+02    0.000000E+00    0.000000E+00    0.000000E+00
    0.643750E+02    0.000000E+00    0.000000E+00    0.000000E+00
    0.646250E+02    0.000000E+00    0.000000E+00    0.000000E+00
    0.648750E+02    0.000000E+00    0.000000E+00    0.000000E+00
    0.651250E+02    0.000000E+00    0.000000E+00    0.000000E+00
    0.653750E+02    0.000000E+00    0.000000E+00    0.000000E+00
    0.656250E+02    0.000000E+00    0.000000E+00    0.000000E+00
    0.658750E+02    0.000000E+00    0.000000E+00    0.000000E+00
    0.661250E+02    0.000000E+00    0.000000E+00    0.000000E+00
    0.663750E+02    0.000000E+00    0.000000E+00    0.000000E+00
    0.666250E+02    0.000000E+00    0.000000E+00    0.000000E+00
    0.668750E+02    0.000000E+00    0.000000E+00    0.000000E+00
    0.671250E+02    0.000000E+00    0.000000E+00    0.000000E+00
    0.673750E+02    0.000000E+00    0.000000E+00    0.000000E+00
    0.676250E+02    0.000000E+00    0.000000E+00    0.000000E+00
    0.678750E+02    0.000000E+00    0.000000E+00    0.000000E+00
    0.681250E+02    0.000000E+00    0.000000E+00    0.000000E+00
    0.683750E+02    0.000000E+00    0.000000E+00    0.000000E+00
    0.686250E+02    0.000000E+00    0.000000E+00    0.000000E+00
    0.688750E+02    0.000000E+00    0.000000E+00    0.000000E+00
    0.691250E+02    0.000000E+00    0.000000E+00    0.000000E+00
    0.693750E+02    0.000000E+00    0.000000E+00    0.000000E+00
    0.696250E+02    0.000000E+00    0.000000E+00    0.000000E+00
    0.698750E+02    0.000000E+00    0.000000E+00    0.000000E+00
    0.701250E+02    0.000000E+00    0.000000E+00    0.000000E+00
    0.703750E+02    0.000000E+00    0.000000E+00    0.000000E+00
    0.706250E+02    0.000000E+00    0.000000E+00    0.000000E+00
    0.708750E+02    0.000000E+00    0.000000E+00    0.000000E+00
    0.711250E+02    0.000000E+00    0.000000E+00    0.000000E+00
    0.713750E+02    0.000000E+00    0.000000E+00    0.000000E+00
    0.716250E+02    0.000000E+00    0.000000E+00    0.000000E+00
    0.718750E+02    0.000000E+00    0.000000E+00    0.000000E+00
    0.721250E+02    0.000000E+00    0.000000E+00    0.000000E+00
    0.723750E+02    0.000000E+00    0.000000E+00    0.000000E+00
    0.726250E+02    0.000000E+00    0.000000E+00    0.000000E+00
    0.728750E+02    0.000000E+00    0.000000E+00    0.000000E+00
    0.731250E+02    0.000000E+00    0.000000E+00    0.000000E+00
    0.733750E+02    0.000000E+00    0.000000E+00    0.000000E+00
    0.736250E+02    0.000000E+00    0.000000E+00    0.000000E+00
    0.738750E+02    0.000000E+00    0.000000E+00    0.000000E+00
    0.741250E+02    0.000000E+00    0.000000E+00    0.000000E+00
    0.743750E+02    0.000000E+00    0.000000E+00    0.000000E+00
    0.746250E+02    0.000000E+00    0.000000E+00    0.000000E+00
    0.748750E+02    0.000000E+00    0.000000E+00    0.000000E+00
    0.751250E+02    0.000000E+00    0.000000E+00    0.000000E+00
    0.753750E+02    0.000000E+00    0.000000E+00    0.000000E+00
    0.756250E+02    0.000000E+00    0.000000E+00    0.000000E+00
    0.758750E+02    0.000000E+00    0.000000E+00    0.000000E+00
    0.761250E+02    0.000000E+00    0.000000E+00    0.000000E+00
    0.763750E+02    0.000000E+00    0.000000E+00    0.000000E+00
    0.766250E+02    0.000000E+00    0.000000E+00    0.000000E+00
    0.768750E+02    0.000000E+00    0.000000E+00    0.000000E+00
    0.771250E+02    0.000000E+00    0.000000E+00    0.000000E+00
    0.773750E+02    0.000000E+00    0.000000E+00    0.000000E+00
    0.776250E+02    0.000000E+00    0.000000E+00    0.000000E+00
    0.778750E+02    0.000000E+00    0.000000E+00    0.000000E+00
    0.781250E+02    0.000000E+00    0.000000E+00    0.000000E+00
    0.783750E+02    0.000000E+00    0.000000E+00    0.000000E+00
    0.786250E+02    0.000000E+00    0.000000E+00    0.000000E+00
    0.788750E+02    0.000000E+00    0.000000E+00    0.000000E+00
    0.791250E+02    0.000000E+00    0.000000E+00    0.000000E+00
    0.793750E+02    0.000000E+00    0.000000E+00    0.000000E+00
    0.796250E+02    0.000000E+00    0.000000E+00    0.000000E+00
    0.798750E+02    0.000000E+00    0.000000E+00    0.000000E+00
    0.801250E+02    0.000000E+00    0.000000E+00    0.000000E+00
    0.803750E+02    0.000000E+00    0.000000E+00    0.000000E+00
    0.806250E+02    0.000000E+00    0.000000E+00    0.000000E+00
    0.808750E+02    0.000000E+00    0.000000E+00    0.000000E+00
    0.811250E+02    0.000000E+00    0.000000E+00    0.000000E+00
    0.813750E+02    0.000000E+00    0.000000E+00    0.000000E+00
    0.816250E+02    0.000000E+00    0.000000E+00    0.000000E+00
    0.818750E+02    0.000000E+00    0.000000E+00    0.000000E+00
    0.821250E+02    0.000000E+00    0.000000E+00    0.000000E+00
    0.823750E+02    0.000000E+00    0.000000E+00    0.000000E+00
    0.826250E+02    0.000000E+00    0.000000E+00    0.000000E+00
    0.828750E+02    0.000000E+00    0.000000E+00    0.000000E+00
    0.831250E+02    0.000000E+00    0.000000E+00    0.000000E+00
    0.833750E+02    0.000000E+00    0.000000E+00    0.000000E+00
    0.836250E+02    0.000000E+00    0.000000E+00    0.000000E+00
    0.838750E+02    0.000000E+00    0.000000E+00    0.000000E+00
    0.841250E+02    0.000000E+00    0.000000E+00    0.000000E+00
    0.843750E+02    0.000000E+00    0.000000E+00    0.000000E+00
    0.846250E+02    0.000000E+00    0.000000E+00    0.000000E+00
    0.848750E+02    0.000000E+00    0.000000E+00    0.000000E+00
    0.851250E+02    0.000000E+00    0.000000E+00    0.000000E+00
    0.853750E+02    0.000000E+00    0.000000E+00    0.000000E+00
    0.856250E+02    0.000000E+00    0.000000E+00    0.000000E+00
    0.858750E+02    0.000000E+00    0.000000E+00    0.000000E+00
    0.861250E+02    0.000000E+00    0.000000E+00    0.000000E+00
    0.863750E+02    0.000000E+00    0.000000E+00    0.000000E+00
    0.866250E+02    0.000000E+00    0.000000E+00    0.000000E+00
    0.868750E+02    0.000000E+00    0.000000E+00    0.000000E+00
    0.871250E+02    0.000000E+00    0.000000E+00    0.000000E+00
    0.873750E+02    0.000000E+00    0.000000E+00    0.000000E+00
    0.876250E+02    0.000000E+00    0.000000E+00    0.000000E+00
    0.878750E+02    0.000000E+00    0.000000E+00    0.000000E+00
    0.881250E+02    0.000000E+00    0.000000E+00    0.000000E+00
    0.883750E+02    0.000000E+00    0.000000E+00    0.000000E+00
    0.886250E+02    0.000000E+00    0.000000E+00    0.000000E+00
    0.888750E+02    0.000000E+00    0.000000E+00    0.000000E+00
    0.891250E+02    0.000000E+00    0.000000E+00    0.000000E+00
    0.893750E+02    0.000000E+00    0.000000E+00    0.000000E+00
    0.896250E+02    0.000000E+00    0.000000E+00    0.000000E+00
    0.898750E+02    0.000000E+00    0.000000E+00    0.000000E+00
    0.901250E+02    0.000000E+00    0.000000E+00    0.000000E+00
    0.903750E+02    0.000000E+00    0.000000E+00    0.000000E+00
    0.906250E+02    0.000000E+00    0.000000E+00    0.000000E+00
    0.908750E+02    0.000000E+00    0.000000E+00    0.000000E+00
    0.911250E+02    0.000000E+00    0.000000E+00    0.000000E+00
    0.913750E+02    0.000000E+00    0.000000E+00    0.000000E+00
    0.916250E+02    0.000000E+00    0.000000E+00    0.000000E+00
    0.918750E+02    0.000000E+00    0.000000E+00    0.000000E+00
    0.921250E+02    0.000000E+00    0.000000E+00    0.000000E+00
    0.923750E+02    0.000000E+00    0.000000E+00    0.000000E+00
    0.926250E+02    0.000000E+00    0.000000E+00    0.000000E+00
    0.928750E+02    0.000000E+00    0.000000E+00    0.000000E+00
    0.931250E+02    0.000000E+00    0.000000E+00    0.000000E+00
    0.933750E+02    0.000000E+00    0.000000E+00    0.000000E+00
    0.936250E+02    0.000000E+00    0.000000E+00    0.000000E+00
    0.938750E+02    0.000000E+00    0.000000E+00    0.000000E+00
    0.941250E+02    0.000000E+00    0.000000E+00    0.000000E+00
    0.943750E+02    0.000000E+00    0.000000E+00    0.000000E+00
    0.946250E+02    0.000000E+00    0.000000E+00    0.000000E+00
    0.948750E+02    0.000000E+00    0.000000E+00    0.000000E+00
    0.951250E+02    0.000000E+00    0.000000E+00    0.000000E+00
    0.953750E+02    0.000000E+00    0.000000E+00    0.000000E+00
    0.956250E+02    0.000000E+00    0.000000E+00    0.000000E+00
    0.958750E+02    0.000000E+00    0.000000E+00    0.000000E+00
    0.961250E+02    0.000000E+00    0.000000E+00    0.000000E+00
    0.963750E+02    0.000000E+00    0.000000E+00    0.000000E+00
    0.966250E+02    0.000000E+00    0.000000E+00    0.000000E+00
    0.968750E+02    0.000000E+00    0.000000E+00    0.000000E+00
    0.971250E+02    0.000000E+00    0.000000E+00    0.000000E+00
    0.973750E+02    0.000000E+00    0.000000E+00    0.000000E+00
    0.976250E+02    0.000000E+00    0.000000E+00    0.000000E+00
    0.978750E+02    0.000000E+00    0.000000E+00    0.000000E+00
    0.981250E+02    0.000000E+00    0.000000E+00    0.000000E+00
    0.983750E+02    0.000000E+00    0.000000E+00    0.000000E+00
    0.986250E+02    0.000000E+00    0.000000E+00    0.000000E+00
    0.988750E+02    0.000000E+00    0.000000E+00    0.000000E+00
    0.991250E+02    0.000000E+00    0.000000E+00    0.000000E+00
    0.993750E+02    0.000000E+00    0.000000E+00    0.000000E+00
    0.996250E+02    0.000000E+00    0.000000E+00    0.000000E+00
    0.998750E+02    0.000000E+00    0.000000E+00    0.000000E+00
    0.100125E+03    0.000000E+00    0.000000E+00    0.000000E+00
    0.100375E+03    0.000000E+00    0.000000E+00    0.000000E+00
    0.100625E+03    0.000000E+00    0.000000E+00    0.000000E+00
    0.100875E+03    0.000000E+00    0.000000E+00    0.000000E+00
    0.101125E+03    0.000000E+00    0.000000E+00    0.000000E+00
    0.101375E+03    0.000000E+00    0.000000E+00    0.000000E+00
    0.101625E+03    0.000000E+00    0.000000E+00    0.000000E+00
    0.101875E+03    0.000000E+00    0.000000E+00    0.000000E+00
    0.102125E+03    0.000000E+00    0.000000E+00    0.000000E+00
    0.102375E+03    0.000000E+00    0.000000E+00    0.000000E+00
    0.102625E+03    0.000000E+00    0.000000E+00    0.000000E+00
    0.102875E+03    0.000000E+00    0.000000E+00    0.000000E+00
    0.103125E+03    0.000000E+00    0.000000E+00    0.000000E+00
    0.103375E+03    0.000000E+00    0.000000E+00    0.000000E+00
    0.103625E+03    0.000000E+00    0.000000E+00    0.000000E+00
    0.103875E+03    0.000000E+00    0.000000E+00    0.000000E+00
    0.104125E+03    0.000000E+00    0.000000E+00    0.000000E+00
    0.104375E+03    0.000000E+00    0.000000E+00    0.000000E+00
    0.104625E+03    0.000000E+00    0.000000E+00    0.000000E+00
    0.104875E+03    0.000000E+00    0.000000E+00    0.000000E+00
    0.105125E+03    0.000000E+00    0.000000E+00    0.000000E+00
    0.105375E+03    0.000000E+00    0.000000E+00    0.000000E+00
    0.105625E+03    0.000000E+00    0.000000E+00    0.000000E+00
    0.105875E+03    0.000000E+00    0.000000E+00    0.000000E+00
    0.106125E+03    0.000000E+00    0.000000E+00    0.000000E+00
    0.106375E+03    0.000000E+00    0.000000E+00    0.000000E+00
    0.106625E+03    0.000000E+00    0.000000E+00    0.000000E+00
    0.106875E+03    0.000000E+00    0.000000E+00    0.000000E+00
    0.107125E+03    0.000000E+00    0.000000E+00    0.000000E+00
    0.107375E+03    0.000000E+00    0.000000E+00    0.000000E+00
    0.107625E+03    0.000000E+00    0.000000E+00    0.000000E+00
    0.107875E+03    0.000000E+00    0.000000E+00    0.000000E+00
    0.108125E+03    0.000000E+00    0.000000E+00    0.000000E+00
    0.108375E+03    0.000000E+00    0.000000E+00    0.000000E+00
    0.108625E+03    0.000000E+00    0.000000E+00    0.000000E+00
    0.108875E+03    0.000000E+00    0.000000E+00    0.000000E+00
    0.109125E+03    0.000000E+00    0.000000E+00    0.000000E+00
    0.109375E+03    0.000000E+00    0.000000E+00    0.000000E+00
    0.109625E+03    0.000000E+00    0.000000E+00    0.000000E+00
    0.109875E+03    0.000000E+00    0.000000E+00    0.000000E+00
    0.110125E+03    0.000000E+00    0.000000E+00    0.000000E+00
    0.110375E+03    0.000000E+00    0.000000E+00    0.000000E+00
    0.110625E+03    0.000000E+00    0.000000E+00    0.000000E+00
    0.110875E+03    0.000000E+00    0.000000E+00    0.000000E+00
    0.111125E+03    0.000000E+00    0.000000E+00    0.000000E+00
    0.111375E+03    0.000000E+00    0.000000E+00    0.000000E+00
    0.111625E+03    0.000000E+00    0.000000E+00    0.000000E+00
    0.111875E+03    0.000000E+00    0.000000E+00    0.000000E+00
    0.112125E+03    0.000000E+00    0.000000E+00    0.000000E+00
    0.112375E+03    0.000000E+00    0.000000E+00    0.000000E+00
    0.112625E+03    0.000000E+00    0.000000E+00    0.000000E+00
    0.112875E+03    0.000000E+00    0.000000E+00    0.000000E+00
    0.113125E+03    0.000000E+00    0.000000E+00    0.000000E+00
    0.113375E+03    0.000000E+00    0.000000E+00    0.000000E+00
    0.113625E+03    0.000000E+00    0.000000E+00    0.000000E+00
    0.113875E+03    0.000000E+00    0.000000E+00    0.000000E+00
    0.114125E+03    0.000000E+00    0.000000E+00    0.000000E+00
    0.114375E+03    0.000000E+00    0.000000E+00    0.000000E+00
    0.114625E+03    0.000000E+00    0.000000E+00    0.000000E+00
    0.114875E+03    0.000000E+00    0.000000E+00    0.000000E+00
    0.115125E+03    0.000000E+00    0.000000E+00    0.000000E+00
    0.115375E+03    0.000000E+00    0.000000E+00    0.000000E+00
    0.115625E+03    0.000000E+00    0.000000E+00    0.000000E+00
    0.115875E+03    0.000000E+00    0.000000E+00    0.000000E+00
    0.116125E+03    0.000000E+00    0.000000E+00    0.000000E+00
    0.116375E+03    0.000000E+00    0.000000E+00    0.000000E+00
    0.116625E+03    0.000000E+00    0.000000E+00    0.000000E+00
    0.116875E+03    0.000000E+00    0.000000E+00    0.000000E+00
    0.117125E+03    0.000000E+00    0.000000E+00    0.000000E+00
    0.117375E+03    0.000000E+00    0.000000E+00    0.000000E+00
    0.117625E+03    0.000000E+00    0.000000E+00    0.000000E+00
    0.117875E+03    0.000000E+00    0.000000E+00    0.000000E+00
    0.118125E+03    0.000000E+00    0.000000E+00    0.000000E+00
    0.118375E+03    0.000000E+00    0.000000E+00    0.000000E+00
    0.118625E+03    0.000000E+00    0.000000E+00    0.000000E+00
    0.118875E+03    0.000000E+00    0.000000E+00    0.000000E+00
    0.119125E+03    0.000000E+00    0.000000E+00    0.000000E+00
    0.119375E+03    0.000000E+00    0.000000E+00    0.000000E+00
    0.119625E+03    0.000000E+00    0.000000E+00    0.000000E+00
    0.119875E+03    0.000000E+00    0.000000E+00    0.000000E+00
    0.120125E+03    0.000000E+00    0.000000E+00    0.000000E+00
    0.120375E+03    0.000000E+00    0.000000E+00    0.000000E+00
    0.120625E+03    0.000000E+00    0.000000E+00    0.000000E+00
    0.120875E+03    0.000000E+00    0.000000E+00    0.000000E+00
    0.121125E+03    0.000000E+00    0.000000E+00    0.000000E+00
    0.121375E+03    0.000000E+00    0.000000E+00    0.000000E+00
    0.121625E+03    0.000000E+00    0.000000E+00    0.000000E+00
    0.121875E+03    0.000000E+00    0.000000E+00    0.000000E+00
    0.122125E+03    0.000000E+00    0.000000E+00    0.000000E+00
    0.122375E+03    0.000000E+00    0.000000E+00    0.000000E+00
    0.122625E+03    0.000000E+00    0.000000E+00    0.000000E+00
    0.122875E+03    0.000000E+00    0.000000E+00    0.000000E+00
    0.123125E+03    0.000000E+00    0.000000E+00    0.000000E+00
    0.123375E+03    0.000000E+00    0.000000E+00    0.000000E+00
    0.123625E+03    0.000000E+00    0.000000E+00    0.000000E+00
    0.123875E+03    0.000000E+00    0.000000E+00    0.000000E+00
    0.124125E+03    0.000000E+00    0.000000E+00    0.000000E+00
    0.124375E+03    0.000000E+00    0.000000E+00    0.000000E+00
    0.124625E+03    0.000000E+00    0.000000E+00    0.000000E+00
    0.124875E+03    0.000000E+00    0.000000E+00    0.000000E+00
    0.125125E+03    0.000000E+00    0.000000E+00    0.000000E+00
    0.125375E+03    0.000000E+00    0.000000E+00    0.000000E+00
    0.125625E+03    0.000000E+00    0.000000E+00    0.000000E+00
    0.125875E+03    0.000000E+00    0.000000E+00    0.000000E+00
    0.126125E+03    0.000000E+00    0.000000E+00    0.000000E+00
    0.126375E+03    0.000000E+00    0.000000E+00    0.000000E+00
    0.126625E+03    0.000000E+00    0.000000E+00    0.000000E+00
    0.126875E+03    0.000000E+00    0.000000E+00    0.000000E+00
    0.127125E+03    0.000000E+00    0.000000E+00    0.000000E+00
    0.127375E+03    0.000000E+00    0.000000E+00    0.000000E+00
    0.127625E+03    0.000000E+00    0.000000E+00    0.000000E+00
    0.127875E+03    0.000000E+00    0.000000E+00    0.000000E+00
    0.128125E+03    0.000000E+00    0.000000E+00    0.000000E+00
    0.128375E+03    0.000000E+00    0.000000E+00    0.000000E+00
    0.128625E+03    0.000000E+00    0.000000E+00    0.000000E+00
    0.128875E+03    0.000000E+00    0.000000E+00    0.000000E+00
    0.129125E+03    0.000000E+00    0.000000E+00    0.000000E+00
    0.129375E+03    0.000000E+00    0.000000E+00    0.000000E+00
    0.129625E+03    0.000000E+00    0.000000E+00    0.000000E+00
    0.129875E+03    0.000000E+00    0.000000E+00    0.000000E+00
    0.130125E+03    0.000000E+00    0.000000E+00    0.000000E+00
    0.130375E+03    0.000000E+00    0.000000E+00    0.000000E+00
    0.130625E+03    0.000000E+00    0.000000E+00    0.000000E+00
    0.130875E+03    0.000000E+00    0.000000E+00    0.000000E+00
    0.131125E+03    0.000000E+00    0.000000E+00    0.000000E+00
    0.131375E+03    0.000000E+00    0.000000E+00    0.000000E+00
    0.131625E+03    0.000000E+00    0.000000E+00    0.000000E+00
    0.131875E+03    0.000000E+00    0.000000E+00    0.000000E+00
    0.132125E+03    0.000000E+00    0.000000E+00    0.000000E+00
    0.132375E+03    0.000000E+00    0.000000E+00    0.000000E+00
    0.132625E+03    0.000000E+00    0.000000E+00    0.000000E+00
    0.132875E+03    0.000000E+00    0.000000E+00    0.000000E+00
    0.133125E+03    0.000000E+00    0.000000E+00    0.000000E+00
    0.133375E+03    0.000000E+00    0.000000E+00    0.000000E+00
    0.133625E+03    0.000000E+00    0.000000E+00    0.000000E+00
    0.133875E+03    0.000000E+00    0.000000E+00    0.000000E+00
    0.134125E+03    0.000000E+00    0.000000E+00    0.000000E+00
    0.134375E+03    0.000000E+00    0.000000E+00    0.000000E+00
    0.134625E+03    0.000000E+00    0.000000E+00    0.000000E+00
    0.134875E+03    0.000000E+00    0.000000E+00    0.000000E+00
    0.135125E+03    0.000000E+00    0.000000E+00    0.000000E+00
    0.135375E+03    0.000000E+00    0.000000E+00    0.000000E+00
    0.135625E+03    0.000000E+00    0.000000E+00    0.000000E+00
    0.135875E+03    0.000000E+00    0.000000E+00    0.000000E+00
    0.136125E+03    0.000000E+00    0.000000E+00    0.000000E+00
    0.136375E+03    0.000000E+00    0.000000E+00    0.000000E+00
    0.136625E+03    0.000000E+00    0.000000E+00    0.000000E+00
    0.136875E+03    0.000000E+00    0.000000E+00    0.000000E+00
    0.137125E+03    0.000000E+00    0.000000E+00    0.000000E+00
    0.137375E+03    0.000000E+00    0.000000E+00    0.000000E+00
    0.137625E+03    0.000000E+00    0.000000E+00    0.000000E+00
    0.137875E+03    0.000000E+00    0.000000E+00    0.000000E+00
    0.138125E+03    0.000000E+00    0.000000E+00    0.000000E+00
    0.138375E+03    0.000000E+00    0.000000E+00    0.000000E+00
    0.138625E+03    0.000000E+00    0.000000E+00    0.000000E+00
    0.138875E+03    0.000000E+00    0.000000E+00    0.000000E+00
    0.139125E+03    0.000000E+00    0.000000E+00    0.000000E+00
    0.139375E+03    0.000000E+00    0.000000E+00    0.000000E+00
    0.139625E+03    0.000000E+00    0.000000E+00    0.000000E+00
    0.139875E+03    0.000000E+00    0.000000E+00    0.000000E+00
    0.140125E+03    0.000000E+00    0.000000E+00    0.000000E+00
    0.140375E+03    0.000000E+00    0.000000E+00    0.000000E+00
    0.140625E+03    0.000000E+00    0.000000E+00    0.000000E+00
    0.140875E+03    0.000000E+00    0.000000E+00    0.000000E+00
    0.141125E+03    0.000000E+00    0.000000E+00    0.000000E+00
    0.141375E+03    0.000000E+00    0.000000E+00    0.000000E+00
    0.141625E+03    0.000000E+00    0.000000E+00    0.000000E+00
    0.141875E+03    0.000000E+00    0.000000E+00    0.000000E+00
    0.142125E+03    0.000000E+00    0.000000E+00    0.000000E+00
    0.142375E+03    0.000000E+00    0.000000E+00    0.000000E+00
    0.142625E+03    0.000000E+00    0.000000E+00    0.000000E+00
    0.142875E+03    0.000000E+00    0.000000E+00    0.000000E+00
    0.143125E+03    0.000000E+00    0.000000E+00    0.000000E+00
    0.143375E+03    0.000000E+00    0.000000E+00    0.000000E+00
    0.143625E+03    0.000000E+00    0.000000E+00    0.000000E+00
    0.143875E+03    0.000000E+00    0.000000E+00    0.000000E+00
    0.144125E+03    0.000000E+00    0.000000E+00    0.000000E+00
    0.144375E+03    0.000000E+00    0.000000E+00    0.000000E+00
    0.144625E+03    0.000000E+00    0.000000E+00    0.000000E+00
    0.144875E+03    0.000000E+00    0.000000E+00    0.000000E+00
    0.145125E+03    0.000000E+00    0.000000E+00    0.000000E+00
    0.145375E+03    0.000000E+00    0.000000E+00    0.000000E+00
    0.145625E+03    0.000000E+00    0.000000E+00    0.000000E+00
    0.145875E+03    0.000000E+00    0.000000E+00    0.000000E+00
    0.146125E+03    0.000000E+00    0.000000E+00    0.000000E+00
    0.146375E+03    0.000000E+00    0.000000E+00    0.000000E+00
    0.146625E+03    0.000000E+00    0.000000E+00    0.000000E+00
    0.146875E+03    0.000000E+00    0.000000E+00    0.000000E+00
    0.147125E+03    0.000000E+00    0.000000E+00    0.000000E+00
    0.147375E+03    0.000000E+00    0.000000E+00    0.000000E+00
    0.147625E+03    0.000000E+00    0.000000E+00    0.000000E+00
    0.147875E+03    0.000000E+00    0.000000E+00    0.000000E+00
    0.148125E+03    0.000000E+00    0.000000E+00    0.000000E+00
    0.148375E+03    0.000000E+00    0.000000E+00    0.000000E+00
    0.148625E+03    0.000000E+00    0.000000E+00    0.000000E+00
    0.148875E+03    0.000000E+00    0.000000E+00    0.000000E+00
    0.149125E+03    0.000000E+00    0.000000E+00    0.000000E+00
    0.149375E+03    0.000000E+00    0.000000E+00    0.000000E+00
    0.149625E+03    0.000000E+00    0.000000E+00    0.000000E+00
    0.149875E+03    0.000000E+00    0.000000E+00    0.000000E+00
    0.150125E+03    0.000000E+00    0.000000E+00    0.000000E+00
    0.150375E+03    0.000000E+00    0.000000E+00    0.000000E+00
    0.150625E+03    0.000000E+00    0.000000E+00    0.000000E+00
    0.150875E+03    0.000000E+00    0.000000E+00    0.000000E+00
    0.151125E+03    0.000000E+00    0.000000E+00    0.000000E+00
    0.151375E+03    0.000000E+00    0.000000E+00    0.000000E+00
    0.151625E+03    0.000000E+00    0.000000E+00    0.000000E+00
    0.151875E+03    0.000000E+00    0.000000E+00    0.000000E+00
    0.152125E+03    0.000000E+00    0.000000E+00    0.000000E+00
    0.152375E+03    0.000000E+00    0.000000E+00    0.000000E+00
    0.152625E+03    0.000000E+00    0.000000E+00    0.000000E+00
    0.152875E+03    0.000000E+00    0.000000E+00    0.000000E+00
    0.153125E+03    0.000000E+00    0.000000E+00    0.000000E+00
    0.153375E+03    0.000000E+00    0.000000E+00    0.000000E+00
    0.153625E+03    0.000000E+00    0.000000E+00    0.000000E+00
    0.153875E+03    0.000000E+00    0.000000E+00    0.000000E+00
    0.154125E+03    0.000000E+00    0.000000E+00    0.000000E+00
    0.154375E+03    0.000000E+00    0.000000E+00    0.000000E+00
    0.154625E+03    0.000000E+00    0.000000E+00    0.000000E+00
    0.154875E+03    0.000000E+00    0.000000E+00    0.000000E+00
    0.155125E+03    0.000000E+00    0.000000E+00    0.000000E+00
    0.155375E+03    0.000000E+00    0.000000E+00    0.000000E+00
    0.155625E+03    0.000000E+00    0.000000E+00    0.000000E+00
    0.155875E+03    0.000000E+00    0.000000E+00    0.000000E+00
    0.156125E+03    0.000000E+00    0.000000E+00    0.000000E+00
    0.156375E+03    0.000000E+00    0.000000E+00    0.000000E+00
    0.156625E+03    0.000000E+00    0.000000E+00    0.000000E+00
    0.156875E+03    0.000000E+00    0.000000E+00    0.000000E+00
    0.157125E+03    0.000000E+00    0.000000E+00    0.000000E+00
    0.157375E+03    0.000000E+00    0.000000E+00    0.000000E+00
    0.157625E+03    0.000000E+00    0.000000E+00    0.000000E+00
    0.157875E+03    0.000000E+00    0.000000E+00    0.000000E+00
    0.158125E+03    0.000000E+00    0.000000E+00    0.000000E+00
    0.158375E+03    0.000000E+00    0.000000E+00    0.000000E+00
    0.158625E+03    0.000000E+00    0.000000E+00    0.000000E+00
    0.158875E+03    0.000000E+00    0.000000E+00    0.000000E+00
    0.159125E+03    0.000000E+00    0.000000E+00    0.000000E+00
    0.159375E+03    0.000000E+00    0.000000E+00    0.000000E+00
    0.159625E+03    0.000000E+00    0.000000E+00    0.000000E+00
    0.159875E+03    0.000000E+00    0.000000E+00    0.000000E+00
    0.160125E+03    0.000000E+00    0.000000E+00    0.000000E+00
    0.160375E+03    0.000000E+00    0.000000E+00    0.000000E+00
    0.160625E+03    0.000000E+00    0.000000E+00    0.000000E+00
    0.160875E+03    0.000000E+00    0.000000E+00    0.000000E+00
    0.161125E+03    0.000000E+00    0.000000E+00    0.000000E+00
    0.161375E+03    0.000000E+00    0.000000E+00    0.000000E+00
    0.161625E+03    0.000000E+00    0.000000E+00    0.000000E+00
    0.161875E+03    0.000000E+00    0.000000E+00    0.000000E+00
    0.162125E+03    0.000000E+00    0.000000E+00    0.000000E+00
    0.162375E+03    0.000000E+00    0.000000E+00    0.000000E+00
    0.162625E+03    0.000000E+00    0.000000E+00    0.000000E+00
    0.162875E+03    0.000000E+00    0.000000E+00    0.000000E+00
    0.163125E+03    0.000000E+00    0.000000E+00    0.000000E+00
    0.163375E+03    0.000000E+00    0.000000E+00    0.000000E+00
    0.163625E+03    0.000000E+00    0.000000E+00    0.000000E+00
    0.163875E+03    0.000000E+00    0.000000E+00    0.000000E+00
    0.164125E+03    0.000000E+00    0.000000E+00    0.000000E+00
    0.164375E+03    0.000000E+00    0.000000E+00    0.000000E+00
    0.164625E+03    0.000000E+00    0.000000E+00    0.000000E+00
    0.164875E+03    0.000000E+00    0.000000E+00    0.000000E+00
    0.165125E+03    0.000000E+00    0.000000E+00    0.000000E+00
    0.165375E+03    0.000000E+00    0.000000E+00    0.000000E+00
    0.165625E+03    0.000000E+00    0.000000E+00    0.000000E+00
    0.165875E+03    0.000000E+00    0.000000E+00    0.000000E+00
    0.166125E+03    0.000000E+00    0.000000E+00    0.000000E+00
    0.166375E+03    0.000000E+00    0.000000E+00    0.000000E+00
    0.166625E+03    0.000000E+00    0.000000E+00    0.000000E+00
    0.166875E+03    0.000000E+00    0.000000E+00    0.000000E+00
    0.167125E+03    0.000000E+00    0.000000E+00    0.000000E+00
    0.167375E+03    0.000000E+00    0.000000E+00    0.000000E+00
    0.167625E+03    0.000000E+00    0.000000E+00    0.000000E+00
    0.167875E+03    0.000000E+00    0.000000E+00    0.000000E+00
    0.168125E+03    0.000000E+00    0.000000E+00    0.000000E+00
    0.168375E+03    0.000000E+00    0.000000E+00    0.000000E+00
    0.168625E+03    0.000000E+00    0.000000E+00    0.000000E+00
    0.168875E+03    0.000000E+00    0.000000E+00    0.000000E+00
    0.169125E+03    0.000000E+00    0.000000E+00    0.000000E+00
    0.169375E+03    0.000000E+00    0.000000E+00    0.000000E+00
    0.169625E+03    0.000000E+00    0.000000E+00    0.000000E+00
    0.169875E+03    0.000000E+00    0.000000E+00    0.000000E+00
    0.170125E+03    0.000000E+00    0.000000E+00    0.000000E+00
    0.170375E+03    0.000000E+00    0.000000E+00    0.000000E+00
    0.170625E+03    0.000000E+00    0.000000E+00    0.000000E+00
    0.170875E+03    0.000000E+00    0.000000E+00    0.000000E+00
    0.171125E+03    0.000000E+00    0.000000E+00    0.000000E+00
    0.171375E+03    0.000000E+00    0.000000E+00    0.000000E+00
    0.171625E+03    0.000000E+00    0.000000E+00    0.000000E+00
    0.171875E+03    0.000000E+00    0.000000E+00    0.000000E+00
    0.172125E+03    0.000000E+00    0.000000E+00    0.000000E+00
    0.172375E+03    0.000000E+00    0.000000E+00    0.000000E+00
    0.172625E+03    0.000000E+00    0.000000E+00    0.000000E+00
    0.172875E+03    0.000000E+00    0.000000E+00    0.000000E+00
    0.173125E+03    0.000000E+00    0.000000E+00    0.000000E+00
    0.173375E+03    0.000000E+00    0.000000E+00    0.000000E+00
    0.173625E+03    0.000000E+00    0.000000E+00    0.000000E+00
    0.173875E+03    0.000000E+00    0.000000E+00    0.000000E+00
    0.174125E+03    0.000000E+00    0.000000E+00    0.000000E+00
    0.174375E+03    0.000000E+00    0.000000E+00    0.000000E+00
    0.174625E+03    0.000000E+00    0.000000E+00    0.000000E+00
    0.174875E+03    0.000000E+00    0.000000E+00    0.000000E+00
    0.175125E+03    0.000000E+00    0.000000E+00    0.000000E+00
    0.175375E+03    0.000000E+00    0.000000E+00    0.000000E+00
    0.175625E+03    0.000000E+00    0.000000E+00    0.000000E+00
    0.175875E+03    0.000000E+00    0.000000E+00    0.000000E+00
    0.176125E+03    0.000000E+00    0.000000E+00    0.000000E+00
    0.176375E+03    0.000000E+00    0.000000E+00    0.000000E+00
    0.176625E+03    0.000000E+00    0.000000E+00    0.000000E+00
    0.176875E+03    0.000000E+00    0.000000E+00    0.000000E+00
    0.177125E+03    0.000000E+00    0.000000E+00    0.000000E+00
    0.177375E+03    0.000000E+00    0.000000E+00    0.000000E+00
    0.177625E+03    0.000000E+00    0.000000E+00    0.000000E+00
    0.177875E+03    0.000000E+00    0.000000E+00    0.000000E+00
    0.178125E+03    0.000000E+00    0.000000E+00    0.000000E+00
    0.178375E+03    0.000000E+00    0.000000E+00    0.000000E+00
    0.178625E+03    0.000000E+00    0.000000E+00    0.000000E+00
    0.178875E+03    0.000000E+00    0.000000E+00    0.000000E+00
    0.179125E+03    0.000000E+00    0.000000E+00    0.000000E+00
    0.179375E+03    0.000000E+00    0.000000E+00    0.000000E+00
    0.179625E+03    0.000000E+00    0.000000E+00    0.000000E+00
    0.179875E+03    0.000000E+00    0.000000E+00    0.000000E+00
