   0.00000000       0.00000000    
  0.500000000                  NaN
   1.00000000                  NaN
   1.50000000                  NaN
   2.00000000                  NaN
   2.50000000                  NaN
   3.00000000                  NaN
   3.50000000                  NaN
   4.00000000                  NaN
   4.50000000                  NaN
   5.00000000                  NaN
   5.50000000                  NaN
   6.00000000                  NaN
   6.50000000                  NaN
   7.00000000                  NaN
   7.50000000                  NaN
   8.00000000                  NaN
   8.50000000                  NaN
   9.00000000                  NaN
   9.50000000                  NaN
   10.0000000                  NaN
   10.5000000                  NaN
   11.0000000                  NaN
   11.5000000                  NaN
   12.0000000                  NaN
   12.5000000                  NaN
   13.0000000                  NaN
   13.5000000                  NaN
   14.0000000                  NaN
   14.5000000                  NaN
   15.0000000                  NaN
   15.5000000                  NaN
   16.0000000                  NaN
   16.5000000                  NaN
   17.0000000                  NaN
   17.5000000                  NaN
   18.0000000                  NaN
   18.5000000                  NaN
   19.0000000                  NaN
   19.5000000                  NaN
   20.0000000                  NaN
   20.5000000                  NaN
   21.0000000                  NaN
   21.5000000                  NaN
   22.0000000                  NaN
   22.5000000                  NaN
   23.0000000                  NaN
   23.5000000                  NaN
   24.0000000                  NaN
   24.5000000                  NaN
   25.0000000                  NaN
   25.5000000                  NaN
   26.0000000                  NaN
   26.5000000                  NaN
   27.0000000                  NaN
   27.5000000                  NaN
   28.0000000                  NaN
   28.5000000                  NaN
   29.0000000                  NaN
   29.5000000                  NaN
   30.0000000                  NaN
   30.5000000                  NaN
   31.0000000                  NaN
   31.5000000                  NaN
   32.0000000                  NaN
   32.5000000                  NaN
   33.0000000                  NaN
   33.5000000                  NaN
   34.0000000                  NaN
   34.5000000                  NaN
   35.0000000                  NaN
   35.5000000                  NaN
   36.0000000                  NaN
   36.5000000                  NaN
   37.0000000                  NaN
   37.5000000                  NaN
   38.0000000                  NaN
   38.5000000                  NaN
   39.0000000                  NaN
   39.5000000                  NaN
   40.0000000                  NaN
   40.5000000                  NaN
   41.0000000                  NaN
   41.5000000                  NaN
   42.0000000                  NaN
   42.5000000                  NaN
   43.0000000                  NaN
   43.5000000                  NaN
   44.0000000                  NaN
   44.5000000                  NaN
   45.0000000                  NaN
   45.5000000                  NaN
   46.0000000                  NaN
   46.5000000                  NaN
   47.0000000                  NaN
   47.5000000                  NaN
   48.0000000                  NaN
   48.5000000                  NaN
   49.0000000                  NaN
   49.5000000                  NaN
   50.0000000                  NaN
   50.5000000                  NaN
   51.0000000                  NaN
   51.5000000                  NaN
   52.0000000                  NaN
   52.5000000                  NaN
   53.0000000                  NaN
   53.5000000                  NaN
   54.0000000                  NaN
   54.5000000                  NaN
   55.0000000                  NaN
   55.5000000                  NaN
   56.0000000                  NaN
   56.5000000                  NaN
   57.0000000                  NaN
   57.5000000                  NaN
   58.0000000                  NaN
   58.5000000                  NaN
   59.0000000                  NaN
   59.5000000                  NaN
   60.0000000                  NaN
   60.5000000                  NaN
   61.0000000                  NaN
   61.5000000                  NaN
   62.0000000                  NaN
   62.5000000                  NaN
   63.0000000                  NaN
   63.5000000                  NaN
   64.0000000                  NaN
   64.5000000                  NaN
   65.0000000                  NaN
   65.5000000                  NaN
   66.0000000                  NaN
   66.5000000                  NaN
   67.0000000                  NaN
   67.5000000                  NaN
   68.0000000                  NaN
   68.5000000                  NaN
   69.0000000                  NaN
   69.5000000                  NaN
   70.0000000                  NaN
   70.5000000                  NaN
   71.0000000                  NaN
   71.5000000                  NaN
   72.0000000                  NaN
   72.5000000                  NaN
   73.0000000                  NaN
   73.5000000                  NaN
   74.0000000                  NaN
   74.5000000                  NaN
   75.0000000                  NaN
   75.5000000                  NaN
   76.0000000                  NaN
   76.5000000                  NaN
   77.0000000                  NaN
   77.5000000                  NaN
   78.0000000                  NaN
   78.5000000                  NaN
   79.0000000                  NaN
   79.5000000                  NaN
   80.0000000                  NaN
   80.5000000                  NaN
   81.0000000                  NaN
   81.5000000                  NaN
   82.0000000                  NaN
   82.5000000                  NaN
   83.0000000                  NaN
   83.5000000                  NaN
   84.0000000                  NaN
   84.5000000                  NaN
   85.0000000                  NaN
   85.5000000                  NaN
   86.0000000                  NaN
   86.5000000                  NaN
   87.0000000                  NaN
   87.5000000                  NaN
   88.0000000                  NaN
   88.5000000                  NaN
   89.0000000                  NaN
   89.5000000                  NaN
   90.0000000                  NaN
   90.5000000                  NaN
   91.0000000                  NaN
   91.5000000                  NaN
   92.0000000                  NaN
   92.5000000                  NaN
   93.0000000                  NaN
   93.5000000                  NaN
   94.0000000                  NaN
   94.5000000                  NaN
   95.0000000                  NaN
   95.5000000                  NaN
   96.0000000                  NaN
   96.5000000                  NaN
   97.0000000                  NaN
   97.5000000                  NaN
   98.0000000                  NaN
   98.5000000                  NaN
   99.0000000                  NaN
   99.5000000                  NaN
   100.000000                  NaN
