 -0.250000000       1.80798349E-06
  0.250000000       1.80798349E-06
  0.750000000      -1.41603050E-05
   1.25000000       1.60181971E-05
   1.75000000      -2.46518048E-05
   2.25000000       2.13731928E-05
   2.75000000      -2.41301568E-05
   3.25000000       1.45698195E-05
   3.75000000      -1.23398177E-05
   4.25000000      -3.45199247E-08
   4.75000000       1.49564096E-06
   5.25000000      -9.20310413E-06
   5.75000000       1.81894734E-06
   6.25000000       1.07558878E-06
   6.75000000      -1.86989382E-05
   7.25000000       2.68612002E-05
   7.75000000      -4.21607801E-05
   8.25000000       3.81589816E-05
   8.75000000      -3.47731439E-05
   9.25000000       1.06974758E-05
   9.75000000       2.99905196E-06
   10.2500000      -2.13061066E-05
   10.7500000       1.11805475E-05
   11.2500000       1.15578916E-06
   11.7500000      -3.14220015E-05
   12.2500000       3.37940655E-05
   12.7500000      -2.39873771E-05
   13.2500000      -2.33073006E-05
   13.7500000       5.03144001E-05
   14.2500000      -5.87887771E-05
   14.7500000       8.69593805E-06
   15.2500000       2.69610900E-05
   15.7500000      -3.14934150E-05
   16.2500000      -4.08747001E-05
   16.7500000       7.42715929E-05
   17.2500000      -2.53977487E-05
   17.7500000      -1.03331600E-04
   18.2500000       1.07504573E-04
   18.7500000       1.13231632E-04
   19.2500000       6.81893071E-05
   19.7500000       4.87920042E-04
   20.2500000       2.06954312E-03
   20.7500000       4.88907238E-03
   21.2500000       8.51610769E-03
   21.7500000       1.28773740E-02
   22.2500000       1.76011268E-02
   22.7500000       2.26626843E-02
   23.2500000       2.80868020E-02
   23.7500000       3.35926153E-02
   24.2500000       3.94152477E-02
   24.7500000       4.53484915E-02
   25.2500000       5.13350815E-02
   25.7500000       5.76027147E-02
   26.2500000       6.37701973E-02
   26.7500000       7.01121688E-02
   27.2500000       7.65665174E-02
   27.7500000       8.28575268E-02
   28.2500000       8.94347876E-02
   28.7500000       9.58825350E-02
   29.2500000      0.102230348    
   29.7500000      0.108915642    
   30.2500000      0.115240283    
   30.7500000      0.121391110    
   31.2500000      0.128454059    
   31.7500000      0.134014368    
   32.2500000      0.139834225    
   32.7500000      0.148506194    
   33.2500000      0.150152400    
   33.7500000      0.158288479    
   34.2500000      0.169328898    
   34.7500000      0.159067139    
   35.2500000      0.180894673    
   35.7500000      0.188560873    
   36.2500000      0.153872699    
   36.7500000      0.214583993    
   37.2500000      0.201704994    
   37.7500000      0.124109462    
   38.2500000      0.255926281    
   38.7500000      0.217875078    
   39.2500000       2.79338770E-02
   39.7500000      -4.00927477E-03
   40.2500000      -6.57621276E-05
   40.7500000       1.39379035E-05
   41.2500000      -2.80908844E-05
   41.7500000       1.59436809E-06
   42.2500000       1.98832163E-06
   42.7500000       1.28285251E-07
   43.2500000      -9.83129667E-08
   43.7500000      -2.05023056E-08
   44.2500000       4.10400469E-09
   44.7500000       1.56609681E-09
   45.2500000      -1.64704250E-10
   45.7500000      -9.39561901E-11
   46.2500000       7.70926552E-12
   46.7500000       4.96091623E-12
   47.2500000      -4.64552333E-13
   47.7500000      -2.34761104E-13
   48.2500000       3.12628273E-14
   48.7500000       9.58504855E-15
   49.2500000      -1.98749272E-15
   49.7500000      -2.99366140E-16
   50.2500000       1.09586767E-16
   50.7500000       3.87906348E-18
   51.2500000      -4.96091646E-18
   51.7500000       3.15835678E-19
   52.2500000       1.68625485E-19
   52.7500000      -3.07964641E-20
   53.2500000      -3.08550768E-21
   53.7500000       1.54994664E-21
   54.2500000      -7.54919565E-23
   54.7500000      -4.79375216E-23
   55.2500000       9.14305172E-24
   55.7500000       4.75368962E-25
   56.2500000      -3.92475261E-25
   56.7500000       4.02369413E-26
   57.2500000       7.61072201E-27
   57.7500000      -2.53282051E-27
   58.2500000       1.36524672E-28
   58.7500000       6.28343010E-29
   59.2500000      -1.46435796E-29
   59.7500000       3.58577734E-31
   60.2500000       4.11920539E-31
   60.7500000      -8.12986528E-32
   61.2500000       1.00233889E-33
   61.7500000       2.36274273E-33
   62.2500000      -4.48724811E-34
   62.7500000       8.01951748E-36
   63.2500000       1.21497816E-35
   63.7500000      -2.46621050E-36
   64.2500000       9.49215141E-38
   64.7500000       5.50060879E-38
   65.2500000      -1.31618121E-38
   65.7500000       9.12686709E-40
   66.2500000       2.03150442E-40
   66.7500000      -6.54210201E-41
   67.2500000       7.03171569E-42
   67.7500000       4.54020702E-43
   68.2500000      -2.85864887E-43
   68.7500000       4.20389539E-44
   69.2500000       0.00000000    
   69.7500000       0.00000000    
   70.2500000       0.00000000    
   70.7500000       0.00000000    
   71.2500000       0.00000000    
   71.7500000       0.00000000    
   72.2500000       0.00000000    
   72.7500000       0.00000000    
   73.2500000       0.00000000    
   73.7500000       0.00000000    
   74.2500000       0.00000000    
   74.7500000       0.00000000    
   75.2500000       0.00000000    
   75.7500000       0.00000000    
   76.2500000       0.00000000    
   76.7500000       0.00000000    
   77.2500000       0.00000000    
   77.7500000       0.00000000    
   78.2500000       0.00000000    
   78.7500000       0.00000000    
   79.2500000       0.00000000    
   79.7500000       0.00000000    
   80.2500000       0.00000000    
   80.7500000       0.00000000    
   81.2500000       0.00000000    
   81.7500000       0.00000000    
   82.2500000       0.00000000    
   82.7500000       0.00000000    
   83.2500000       0.00000000    
   83.7500000       0.00000000    
   84.2500000       0.00000000    
   84.7500000       0.00000000    
   85.2500000       0.00000000    
   85.7500000       0.00000000    
   86.2500000       0.00000000    
   86.7500000       0.00000000    
   87.2500000       0.00000000    
   87.7500000       0.00000000    
   88.2500000       0.00000000    
   88.7500000       0.00000000    
   89.2500000       0.00000000    
   89.7500000       0.00000000    
   90.2500000       0.00000000    
   90.7500000       0.00000000    
   91.2500000       0.00000000    
   91.7500000       0.00000000    
   92.2500000       0.00000000    
   92.7500000       0.00000000    
   93.2500000       0.00000000    
   93.7500000       0.00000000    
   94.2500000       0.00000000    
   94.7500000       0.00000000    
   95.2500000       0.00000000    
   95.7500000       0.00000000    
   96.2500000       0.00000000    
   96.7500000       0.00000000    
   97.2500000       0.00000000    
   97.7500000       0.00000000    
   98.2500000       0.00000000    
   98.7500000       0.00000000    
   99.2500000       0.00000000    
   99.7500000       0.00000000    
   100.250000       0.00000000    
