   0.00000000       0.00000000    
  0.500000000       1.05883191E-05
   1.00000000      -2.04154676E-05
   1.50000000       2.97446131E-05
   2.00000000      -3.63870313E-05
   2.50000000       4.16680487E-05
   3.00000000      -4.18536110E-05
   3.50000000       3.99844903E-05
   4.00000000      -3.15379293E-05
   4.50000000       2.24937685E-05
   5.00000000      -8.45358954E-06
   5.50000000      -9.31062004E-07
   6.00000000       1.05262052E-05
   6.50000000      -8.76395279E-06
   7.00000000       3.40140832E-06
   7.50000000       1.41149794E-05
   8.00000000      -2.89368108E-05
   8.50000000       4.61160198E-05
   9.00000000      -4.62266325E-05
   9.50000000       3.95100033E-05
   10.0000000      -1.43930401E-05
   10.5000000      -3.75316267E-06
   11.0000000       1.83244956E-05
   11.5000000      -2.36193955E-06
   12.0000000      -2.09059363E-05
   12.5000000       5.44085015E-05
   13.0000000      -5.15569300E-05
   13.5000000       2.50946832E-05
   14.0000000       3.30327275E-05
   14.5000000      -5.50516888E-05
   15.0000000       3.97569929E-05
   15.5000000       2.46914915E-05
   16.0000000      -3.87244581E-05
   16.5000000      -8.73923273E-06
   17.0000000       1.01430094E-04
   17.5000000      -7.32490880E-05
   18.0000000      -5.15640859E-05
   18.5000000       1.57890550E-04
   19.0000000       9.97116149E-05
   19.5000000       9.93763533E-05
   20.0000000       7.22982106E-04
   20.5000000       2.65790522E-03
   21.0000000       5.70079964E-03
   21.5000000       9.50466841E-03
   22.0000000       1.39767341E-02
   22.5000000       1.87052917E-02
   23.0000000       2.38248445E-02
   23.5000000       2.91974582E-02
   24.0000000       3.46493088E-02
   24.5000000       4.04353254E-02
   25.0000000       4.62038368E-02
   25.5000000       5.21104783E-02
   26.0000000       5.82114607E-02
   26.5000000       6.41605482E-02
   27.0000000       7.03722164E-02
   27.5000000       7.65277147E-02
   28.0000000       8.25953484E-02
   28.5000000       8.89405087E-02
   29.0000000       9.50041041E-02
   29.5000000      0.101111665    
   30.0000000      0.107484929    
   30.5000000      0.113302961    
   31.0000000      0.119258001    
   31.5000000      0.126001120    
   32.0000000      0.130569085    
   32.5000000      0.136986345    
   33.0000000      0.144632757    
   33.5000000      0.144581452    
   34.0000000      0.156181484    
   34.5000000      0.161998451    
   35.0000000      0.151790693    
   35.5000000      0.182161480    
   36.0000000      0.172561333    
   36.5000000      0.148297548    
   37.0000000      0.221857250    
   37.5000000      0.169172063    
   38.0000000      0.124338426    
   38.5000000      0.273831427    
   39.0000000      0.164100140    
   39.5000000       4.84333001E-03
   40.0000000      -3.30124656E-03
   40.5000000       2.39440444E-04
   41.0000000      -2.91448414E-05
   41.5000000      -1.82054609E-05
   42.0000000       3.78807044E-06
   42.5000000       1.29080240E-06
   43.0000000      -5.63943274E-08
   43.5000000      -8.29615630E-08
   44.0000000      -6.90439039E-09
   44.5000000       4.64678518E-09
   45.0000000       7.38032191E-10
   45.5000000      -2.43674886E-10
   46.0000000      -4.79954826E-11
   46.5000000       1.29207365E-11
   47.0000000       2.47442691E-12
   47.5000000      -7.08256153E-13
   48.0000000      -1.02305398E-13
   48.5000000       3.85709971E-14
   49.0000000       2.87779338E-15
   49.5000000      -1.95433625E-15
   50.0000000       4.96554536E-18
   50.5000000       8.57902498E-17
   51.0000000      -7.46748796E-18
   51.5000000      -2.94260487E-18
   52.0000000       5.98319796E-19
   52.5000000       5.72250204E-20
   53.0000000      -3.01914170E-20
   53.5000000       1.24548399E-21
   54.0000000       1.01411949E-21
   54.5000000      -1.74670768E-22
   55.0000000      -1.51327345E-23
   55.5000000       8.46312541E-24
   56.0000000      -6.25524839E-25
   56.5000000      -2.13251462E-25
   57.0000000       5.32710682E-26
   57.5000000      -5.69351499E-28
   58.0000000      -1.74206796E-27
   58.5000000       2.92031406E-28
   59.0000000       1.17488422E-29
   59.5000000      -1.15791497E-29
   60.0000000       1.53031854E-30
   60.5000000       1.17625889E-31
   61.0000000      -6.90719893E-32
   61.5000000       8.22918192E-33
   62.0000000       7.22237275E-34
   62.5000000      -3.83856624E-34
   63.0000000       4.68491523E-35
   63.5000000       3.16450950E-36
   64.0000000      -1.99589384E-36
   64.5000000       2.76465896E-37
   65.0000000       7.24046713E-39
   65.5000000      -9.49647638E-39
   66.0000000       1.60568765E-39
   66.5000000      -3.53939966E-41
   67.0000000      -3.91410687E-41
   67.5000000       8.68104399E-42
   68.0000000      -6.08163534E-43
   68.5000000      -1.21912966E-43
   69.0000000       3.78350585E-44
   69.5000000      -4.20389539E-45
   70.0000000       0.00000000    
   70.5000000       0.00000000    
   71.0000000       0.00000000    
   71.5000000       0.00000000    
   72.0000000       0.00000000    
   72.5000000       0.00000000    
   73.0000000       0.00000000    
   73.5000000       0.00000000    
   74.0000000       0.00000000    
   74.5000000       0.00000000    
   75.0000000       0.00000000    
   75.5000000       0.00000000    
   76.0000000       0.00000000    
   76.5000000       0.00000000    
   77.0000000       0.00000000    
   77.5000000       0.00000000    
   78.0000000       0.00000000    
   78.5000000       0.00000000    
   79.0000000       0.00000000    
   79.5000000       0.00000000    
   80.0000000       0.00000000    
   80.5000000       0.00000000    
   81.0000000       0.00000000    
   81.5000000       0.00000000    
   82.0000000       0.00000000    
   82.5000000       0.00000000    
   83.0000000       0.00000000    
   83.5000000       0.00000000    
   84.0000000       0.00000000    
   84.5000000       0.00000000    
   85.0000000       0.00000000    
   85.5000000       0.00000000    
   86.0000000       0.00000000    
   86.5000000       0.00000000    
   87.0000000       0.00000000    
   87.5000000       0.00000000    
   88.0000000       0.00000000    
   88.5000000       0.00000000    
   89.0000000       0.00000000    
   89.5000000       0.00000000    
   90.0000000       0.00000000    
   90.5000000       0.00000000    
   91.0000000       0.00000000    
   91.5000000       0.00000000    
   92.0000000       0.00000000    
   92.5000000       0.00000000    
   93.0000000       0.00000000    
   93.5000000       0.00000000    
   94.0000000       0.00000000    
   94.5000000       0.00000000    
   95.0000000       0.00000000    
   95.5000000       0.00000000    
   96.0000000       0.00000000    
   96.5000000       0.00000000    
   97.0000000       0.00000000    
   97.5000000       0.00000000    
   98.0000000       0.00000000    
   98.5000000       0.00000000    
   99.0000000       0.00000000    
   99.5000000       0.00000000    
   100.000000       0.00000000    
