 -0.250000000      -8.62747311E-06
  0.250000000      -8.62747311E-06
  0.750000000       5.82987752E-07
   1.25000000      -1.77582860E-05
   1.75000000       9.42229235E-06
   2.25000000      -2.64123610E-05
   2.75000000       1.68926745E-05
   3.25000000      -3.32216696E-05
   3.75000000       2.17211054E-05
   4.25000000      -3.63887812E-05
   4.75000000       2.14170923E-05
   5.25000000      -3.36048870E-05
   5.75000000       1.45681624E-05
   6.25000000      -2.48743727E-05
   6.75000000       2.59293961E-06
   7.25000000      -1.33384738E-05
   7.75000000      -9.09676146E-06
   8.25000000      -6.10066900E-06
   8.75000000      -1.28562097E-05
   9.25000000      -1.04101337E-05
   9.75000000      -3.86355077E-06
   10.2500000      -2.63663078E-05
   10.7500000       1.22523397E-05
   11.2500000      -4.26893712E-05
   11.7500000       1.95250759E-05
   12.2500000      -4.23727251E-05
   12.7500000       5.12248243E-06
   13.2500000      -2.13204530E-05
   13.7500000      -2.28897752E-05
   14.2500000      -1.61368575E-07
   14.7500000      -3.61720267E-05
   15.2500000      -5.51665426E-06
   15.7500000      -2.13888616E-05
   16.2500000      -2.85368169E-05
   16.7500000      -9.89059299E-06
   17.2500000      -2.59731205E-05
   17.7500000      -3.68131987E-05
   18.2500000       7.01955651E-06
   18.7500000      -6.57632045E-05
   19.2500000       3.63095842E-06
   19.7500000      -3.29323520E-05
   20.2500000      -5.41619484E-05
   20.7500000       1.03262364E-05
   21.2500000      -6.47115958E-05
   21.7500000      -2.64245900E-05
   22.2500000      -1.77001148E-05
   22.7500000      -5.16678847E-05
   23.2500000      -4.55207701E-05
   23.7500000      -6.42227769E-06
   24.2500000      -5.99558552E-05
   24.7500000      -6.63301180E-05
   25.2500000       2.40244026E-05
   25.7500000      -9.15461860E-05
   26.2500000      -6.63593892E-05
   26.7500000       2.89540149E-05
   27.2500000      -8.69422220E-05
   27.7500000      -8.57852792E-05
   28.2500000      -3.05386334E-06
   28.7500000      -7.37173059E-06
   29.2500000      -1.18283184E-04
   29.7500000      -1.14117422E-04
   30.2500000       1.10321336E-04
   30.7500000       6.00328458E-05
   31.2500000      -7.40513351E-05
   31.7500000       4.69455670E-04
   32.2500000       1.88955257E-03
   32.7500000       4.28724708E-03
   33.2500000       7.48233311E-03
   33.7500000       1.10026700E-02
   34.2500000       1.49274077E-02
   34.7500000       1.91668589E-02
   35.2500000       2.34225392E-02
   35.7500000       2.79765315E-02
   36.2500000       3.26835960E-02
   36.7500000       3.73395793E-02
   37.2500000       4.22750711E-02
   37.7500000       4.71969768E-02
   38.2500000       5.22016659E-02
   38.7500000       5.73244505E-02
   39.2500000       6.22257441E-02
   39.7500000       6.78589642E-02
   40.2500000       7.27343783E-02
   40.7500000       7.73158297E-02
   41.2500000       8.46045539E-02
   41.7500000       8.79926458E-02
   42.2500000       9.17550474E-02
   42.7500000      0.103472710    
   43.2500000      0.102408275    
   43.7500000      0.103946939    
   44.2500000      0.126580894    
   44.7500000      0.115777805    
   45.2500000      0.110195130    
   45.7500000      0.156461269    
   46.2500000      0.130727366    
   46.7500000      0.104130507    
   47.2500000      0.191732123    
   47.7500000      0.156073585    
   48.2500000       8.17254856E-02
   48.7500000      0.217694879    
   49.2500000      0.205544695    
   49.7500000       5.45064956E-02
   50.2500000      0.203944266    
   50.7500000      0.282292515    
   51.2500000       5.35402037E-02
   51.7500000      0.140064210    
   52.2500000      0.345687568    
   52.7500000      0.100890316    
   53.2500000      -1.00026727E-02
   53.7500000      -5.12044295E-04
   54.2500000       3.60234728E-04
   54.7500000      -4.86365279E-05
   55.2500000      -1.09138091E-06
   55.7500000       1.42223178E-06
   56.2500000      -2.28371917E-07
   56.7500000       2.90548519E-09
   57.2500000       6.72835920E-09
   57.7500000      -1.15914445E-09
   58.2500000      -6.38696457E-11
   58.7500000       3.30748692E-11
   59.2500000       7.89808540E-13
   59.7500000      -4.35885242E-13
   60.2500000      -1.82070789E-13
   60.7500000       9.36647508E-15
   61.2500000       1.47026336E-14
   61.7500000      -1.05248344E-15
   62.2500000      -7.91078904E-16
   62.7500000       8.93539622E-17
   63.2500000       3.56001893E-17
   63.7500000      -6.05921421E-18
   64.2500000      -1.38880337E-18
   64.7500000       3.66062318E-19
   65.2500000       4.14140317E-20
   65.7500000      -1.97067574E-20
   66.2500000      -3.77848470E-22
   66.7500000       9.09064930E-22
   67.2500000      -6.27185945E-23
   67.7500000      -3.34828319E-23
   68.2500000       5.92653409E-24
   68.7500000       8.00528848E-25
   69.2500000      -3.30186015E-25
   69.7500000       3.82748378E-27
   70.2500000       1.28526087E-26
   70.7500000      -1.67308346E-27
   71.2500000      -3.00196819E-28
   71.7500000       1.02550088E-28
   72.2500000      -1.72392322E-30
   72.7500000      -3.65544626E-30
   73.2500000       5.59311309E-31
   73.7500000       5.79885822E-32
   74.2500000      -2.86853418E-32
   74.7500000       2.03012282E-33
   75.2500000       7.31572996E-34
   75.7500000      -1.81414112E-34
   76.2500000       1.80938097E-36
   76.7500000       6.04419910E-36
   77.2500000      -1.00927623E-36
   77.7500000      -4.64505890E-38
   78.2500000       4.17137742E-38
   78.7500000      -5.24637177E-39
   79.2500000      -5.23558737E-40
   79.7500000       2.60991839E-40
   80.2500000      -2.69820019E-41
   80.7500000      -3.87178766E-42
   81.2500000       1.54142831E-42
   81.7500000      -1.42932443E-43
   82.2500000      -2.10194770E-44
   82.7500000       1.12103877E-44
   83.2500000       0.00000000    
   83.7500000       0.00000000    
   84.2500000       0.00000000    
   84.7500000       0.00000000    
   85.2500000       0.00000000    
   85.7500000       0.00000000    
   86.2500000       0.00000000    
   86.7500000       0.00000000    
   87.2500000       0.00000000    
   87.7500000       0.00000000    
   88.2500000       0.00000000    
   88.7500000       0.00000000    
   89.2500000       0.00000000    
   89.7500000       0.00000000    
   90.2500000       0.00000000    
   90.7500000       0.00000000    
   91.2500000       0.00000000    
   91.7500000       0.00000000    
   92.2500000       0.00000000    
   92.7500000       0.00000000    
   93.2500000       0.00000000    
   93.7500000       0.00000000    
   94.2500000       0.00000000    
   94.7500000       0.00000000    
   95.2500000       0.00000000    
   95.7500000       0.00000000    
   96.2500000       0.00000000    
   96.7500000       0.00000000    
   97.2500000       0.00000000    
   97.7500000       0.00000000    
   98.2500000       0.00000000    
   98.7500000       0.00000000    
   99.2500000       0.00000000    
   99.7500000       0.00000000    
   100.250000       0.00000000    
