   0.00000000       0.00000000    
  0.500000000       1.66546670E-08
   1.00000000       1.48186064E-06
   1.50000000      -8.23587470E-07
   2.00000000       4.77945832E-06
   2.50000000      -4.09111453E-06
   3.00000000       1.06970056E-05
   3.50000000      -1.01217884E-05
   4.00000000       1.89733128E-05
   4.50000000      -1.68198931E-05
   5.00000000       2.61159475E-05
   5.50000000      -2.02738192E-05
   6.00000000       2.78728985E-05
   6.50000000      -1.65186902E-05
   7.00000000       2.14736774E-05
   7.50000000      -4.25021062E-06
   8.00000000       8.40760913E-06
   8.50000000       1.14337108E-05
   9.00000000      -2.90324056E-06
   9.50000000       1.98030921E-05
   10.0000000      -1.14108843E-06
   10.5000000       1.14692739E-05
   11.0000000       1.81600062E-05
   11.5000000      -1.04410828E-05
   12.0000000       4.29277134E-05
   12.5000000      -2.62105859E-05
   13.0000000       5.00728711E-05
   13.5000000      -1.54333102E-05
   14.0000000       2.96991457E-05
   14.5000000       1.50327014E-05
   15.0000000       5.98523184E-06
   15.5000000       2.98213090E-05
   16.0000000       1.33630438E-05
   16.5000000       1.12141379E-05
   17.0000000       4.01170837E-05
   17.5000000       1.12099906E-06
   18.0000000       2.98780833E-05
   18.5000000       4.14978495E-05
   19.0000000      -1.62167817E-05
   19.5000000       7.69535909E-05
   20.0000000      -8.55095914E-06
   20.5000000       3.31395131E-05
   21.0000000       5.81027271E-05
   21.5000000      -7.70689076E-06
   22.0000000       5.55193255E-05
   22.5000000       4.06810068E-05
   23.0000000       1.56188344E-05
   23.5000000       3.73142720E-05
   24.0000000       7.33355264E-05
   24.5000000      -6.89336321E-06
   25.0000000       4.61669588E-05
   25.5000000       1.00782228E-04
   26.0000000      -3.70586567E-05
   26.5000000       6.56758784E-05
   27.0000000       1.05608975E-04
   27.5000000      -1.94109598E-05
   28.0000000       3.25352958E-05
   28.5000000       1.06334090E-04
   29.0000000       7.55386791E-05
   29.5000000      -4.99276648E-05
   30.0000000       3.54561053E-05
   30.5000000       2.56256404E-04
   31.0000000       1.01938698E-04
   31.5000000       6.40319195E-05
   32.0000000       8.22672038E-04
   32.5000000       2.46764114E-03
   33.0000000       5.11352858E-03
   33.5000000       8.41498375E-03
   34.0000000       1.19829793E-02
   34.5000000       1.59984529E-02
   35.0000000       2.02059373E-02
   35.5000000       2.44383793E-02
   36.0000000       2.90184952E-02
   36.5000000       3.36154588E-02
   37.0000000       3.82227190E-02
   37.5000000       4.31049615E-02
   38.0000000       4.78676856E-02
   38.5000000       5.28310202E-02
   39.0000000       5.77250607E-02
   39.5000000       6.25431091E-02
   40.0000000       6.81489110E-02
   40.5000000       7.23592341E-02
   41.0000000       7.73524418E-02
   41.5000000       8.45063850E-02
   42.0000000       8.61774683E-02
   42.5000000       9.19553936E-02
   43.0000000      0.103030853    
   43.5000000       9.78024155E-02
   44.0000000      0.105368584    
   44.5000000      0.126235798    
   45.0000000      0.105785094    
   45.5000000      0.114330404    
   46.0000000      0.157965794    
   46.5000000      0.111236423    
   47.0000000      0.111176670    
   47.5000000      0.199840978    
   48.0000000      0.122805759    
   48.5000000       8.67324173E-02
   49.0000000      0.241065130    
   49.5000000      0.157965571    
   50.0000000       4.60033715E-02
   50.5000000      0.248925030    
   51.0000000      0.230026990    
   51.5000000       2.14594901E-02
   52.0000000      0.194995567    
   52.5000000      0.312942207    
   53.0000000       4.38965298E-02
   53.5000000      -1.12607293E-02
   54.0000000       8.15985491E-04
   54.5000000       1.59050862E-04
   55.0000000      -4.90906750E-05
   55.5000000       4.27109171E-06
   56.0000000       5.14831072E-07
   56.5000000      -2.06767027E-07
   57.0000000       2.39368632E-08
   57.5000000       2.17148788E-09
   58.0000000      -1.06495601E-09
   58.5000000       5.92349295E-11
   59.0000000       1.96577355E-11
   59.5000000      -1.05848663E-12
   60.0000000      -3.52969552E-13
   60.5000000      -1.11648287E-13
   61.0000000       2.60181298E-14
   61.5000000       8.58297469E-15
   62.0000000      -2.02312612E-15
   62.5000000      -3.85404385E-16
   63.0000000       1.22959114E-16
   63.5000000       1.33689617E-17
   64.0000000      -6.64196626E-18
   64.5000000      -2.82351278E-19
   65.0000000       3.30885997E-19
   65.5000000      -8.47991475E-21
   66.0000000      -1.46308201E-20
   66.5000000       1.52335034E-21
   67.0000000       5.26385450E-22
   67.5000000      -1.13868676E-22
   68.0000000      -1.20866822E-23
   68.5000000       6.05469520E-24
   69.0000000      -1.18148240E-25
   69.5000000      -2.38326219E-25
   70.0000000       3.15089288E-26
   70.5000000       5.96832439E-27
   71.0000000      -1.96983518E-27
   71.5000000       8.02677045E-30
   72.0000000       7.55652938E-29
   72.5000000      -1.01432140E-29
   73.0000000      -1.51718366E-30
   73.5000000       5.87989468E-31
   74.0000000      -2.56375700E-32
   74.5000000      -1.79608969E-32
   75.0000000       3.53838787E-33
   75.5000000       1.23803065E-34
   76.0000000      -1.44737575E-34
   76.5000000       1.77472842E-35
   77.0000000       2.30637853E-36
   77.5000000      -9.78120857E-37
   78.0000000       7.70915326E-38
   78.5000000       2.07970755E-38
   79.0000000      -6.01141347E-39
   79.5000000       3.02656646E-40
   80.0000000       1.48518019E-40
   80.5000000      -3.51866044E-41
   81.0000000       1.19811019E-42
   81.5000000       9.31863479E-43
   82.0000000      -1.98984382E-43
   82.5000000       8.40779079E-45
   83.0000000       7.00649232E-45
   83.5000000       0.00000000    
   84.0000000       0.00000000    
   84.5000000       0.00000000    
   85.0000000       0.00000000    
   85.5000000       0.00000000    
   86.0000000       0.00000000    
   86.5000000       0.00000000    
   87.0000000       0.00000000    
   87.5000000       0.00000000    
   88.0000000       0.00000000    
   88.5000000       0.00000000    
   89.0000000       0.00000000    
   89.5000000       0.00000000    
   90.0000000       0.00000000    
   90.5000000       0.00000000    
   91.0000000       0.00000000    
   91.5000000       0.00000000    
   92.0000000       0.00000000    
   92.5000000       0.00000000    
   93.0000000       0.00000000    
   93.5000000       0.00000000    
   94.0000000       0.00000000    
   94.5000000       0.00000000    
   95.0000000       0.00000000    
   95.5000000       0.00000000    
   96.0000000       0.00000000    
   96.5000000       0.00000000    
   97.0000000       0.00000000    
   97.5000000       0.00000000    
   98.0000000       0.00000000    
   98.5000000       0.00000000    
   99.0000000       0.00000000    
   99.5000000       0.00000000    
   100.000000       0.00000000    
