 -0.250000000      -3.23042059E-06
  0.250000000      -3.23042059E-06
  0.750000000      -1.42015233E-05
   1.25000000       7.29144676E-06
   1.75000000      -2.39174824E-05
   2.25000000       1.53059354E-05
   2.75000000      -3.04393016E-05
   3.25000000       1.89966831E-05
   3.75000000      -3.16291880E-05
   4.25000000       1.66894788E-05
   4.75000000      -2.68641015E-05
   5.25000000       8.40256507E-06
   5.75000000      -1.74226207E-05
   6.25000000      -2.90022604E-06
   6.75000000      -7.62284071E-06
   7.25000000      -1.14078584E-05
   7.75000000      -4.31075659E-06
   8.25000000      -1.07848882E-05
   8.75000000      -1.20454242E-05
   9.25000000       4.13368980E-07
   9.75000000      -2.78685038E-05
   10.2500000       1.40485326E-05
   10.7500000      -3.90617497E-05
   11.2500000       1.49607267E-05
   11.7500000      -3.18995844E-05
   12.2500000      -4.69922270E-06
   12.7500000      -8.07235574E-06
   13.2500000      -3.15897596E-05
   13.7500000       9.07431240E-06
   14.2500000      -3.88877779E-05
   14.7500000      -1.64979190E-06
   15.2500000      -2.04613098E-05
   15.7500000      -2.49565037E-05
   16.2500000      -1.10203464E-05
   16.7500000      -1.96662695E-05
   17.2500000      -3.79123994E-05
   17.7500000       9.27988276E-06
   18.2500000      -5.86816641E-05
   18.7500000      -2.93228118E-06
   19.2500000      -2.00660907E-05
   19.7500000      -5.99481391E-05
   20.2500000       1.62086435E-05
   20.7500000      -6.07091861E-05
   21.2500000      -2.79994765E-05
   21.7500000      -1.14651784E-05
   22.2500000      -5.11003236E-05
   22.7500000      -4.11332730E-05
   23.2500000      -7.73452666E-06
   23.7500000      -5.18688503E-05
   24.2500000      -6.76905911E-05
   24.7500000       2.46707932E-05
   25.2500000      -8.15642343E-05
   25.7500000      -7.21794859E-05
   26.2500000       3.43170759E-05
   26.7500000      -8.20753412E-05
   27.2500000      -8.73527679E-05
   27.7500000       1.28516922E-06
   28.2500000      -7.68610880E-06
   28.7500000      -1.12468879E-04
   29.2500000      -1.12938993E-04
   29.7500000       1.06251609E-04
   30.2500000       6.79430887E-05
   30.7500000      -7.24716010E-05
   31.2500000       4.68792859E-04
   31.7500000       1.90109480E-03
   32.2500000       4.30404069E-03
   32.7500000       7.52076693E-03
   33.2500000       1.10711847E-02
   33.7500000       1.50165800E-02
   34.2500000       1.92908999E-02
   34.7500000       2.35838890E-02
   35.2500000       2.81665158E-02
   35.7500000       3.29172127E-02
   36.2500000       3.76117490E-02
   36.7500000       4.25807461E-02
   37.2500000       4.75576669E-02
   37.7500000       5.25905080E-02
   38.2500000       5.77501208E-02
   38.7500000       6.27366379E-02
   39.2500000       6.83560595E-02
   39.7500000       7.32601210E-02
   40.2500000       7.80451819E-02
   40.7500000       8.51723924E-02
   41.2500000       8.85165781E-02
   41.7500000       9.29241255E-02
   42.2500000      0.104031071    
   42.7500000      0.102560602    
   43.2500000      0.106154598    
   43.7500000      0.127113849    
   44.2500000      0.114455424    
   44.7500000      0.114621021    
   45.2500000      0.157635078    
   45.7500000      0.125392154    
   46.2500000      0.111882433    
   46.7500000      0.196582243    
   47.2500000      0.142768815    
   47.7500000       9.09786969E-02
   48.2500000      0.233474806    
   48.7500000      0.181571320    
   49.2500000       5.74652590E-02
   49.7500000      0.238033116    
   50.2500000      0.253065795    
   50.7500000       4.02086638E-02
   51.2500000      0.184998110    
   51.7500000      0.330852538    
   52.2500000       6.53557777E-02
   52.7500000      -9.68319457E-03
   53.2500000       1.68677812E-04
   53.7500000       2.31581071E-04
   54.2500000      -4.40507210E-05
   54.7500000       1.49276070E-06
   55.2500000       8.54875111E-07
   55.7500000      -1.97793881E-07
   56.2500000       1.24901316E-08
   56.7500000       4.27795532E-09
   57.2500000      -1.00822839E-09
   57.7500000      -2.39484474E-11
   58.2500000       2.39783922E-11
   58.7500000       1.12087856E-12
   59.2500000      -3.49445272E-13
   59.7500000      -1.96165322E-13
   60.2500000       1.45345128E-14
   60.7500000       1.38252938E-14
   61.2500000      -1.31954371E-15
   61.7500000      -7.04274279E-16
   62.2500000       9.70102070E-17
   62.7500000       3.06565642E-17
   63.2500000      -6.18245626E-18
   63.7500000      -1.13374698E-18
   64.2500000       3.58136325E-19
   64.7500000       2.90961621E-20
   65.2500000      -1.84555271E-20
   65.7500000       1.29460228E-22
   66.2500000       8.06399517E-22
   66.7500000      -7.74836852E-23
   67.2500000      -2.73154196E-23
   67.7500000       5.98098758E-24
   68.2500000       5.18672988E-25
   68.7500000      -3.01744942E-25
   69.2500000       1.28121781E-26
   69.7500000       1.05809497E-26
   70.2500000      -1.77483496E-27
   70.7500000      -1.93241154E-28
   71.2500000       9.29299777E-29
   71.7500000      -4.76802175E-30
   72.2500000      -2.85956473E-30
   72.7500000       5.68664858E-31
   73.2500000       2.57378015E-32
   73.7500000      -2.43796470E-32
   74.2500000       2.61918123E-33
   74.7500000       4.81579097E-34
   75.2500000      -1.65090387E-34
   75.7500000       8.45257781E-36
   76.2500000       4.40393463E-36
   76.7500000      -9.85719078E-37
   77.2500000       8.11340040E-39
   77.7500000       3.19131768E-38
   78.2500000      -5.51954650E-39
   78.7500000      -1.38550583E-40
   79.2500000       2.04714291E-40
   79.7500000      -3.03563286E-41
   80.2500000      -1.38868678E-42
   80.7500000       1.21492577E-42
   81.2500000      -1.66754517E-43
   81.7500000      -5.60519386E-45
   82.2500000       8.40779079E-45
   82.7500000       0.00000000    
   83.2500000       0.00000000    
   83.7500000       0.00000000    
   84.2500000       0.00000000    
   84.7500000       0.00000000    
   85.2500000       0.00000000    
   85.7500000       0.00000000    
   86.2500000       0.00000000    
   86.7500000       0.00000000    
   87.2500000       0.00000000    
   87.7500000       0.00000000    
   88.2500000       0.00000000    
   88.7500000       0.00000000    
   89.2500000       0.00000000    
   89.7500000       0.00000000    
   90.2500000       0.00000000    
   90.7500000       0.00000000    
   91.2500000       0.00000000    
   91.7500000       0.00000000    
   92.2500000       0.00000000    
   92.7500000       0.00000000    
   93.2500000       0.00000000    
   93.7500000       0.00000000    
   94.2500000       0.00000000    
   94.7500000       0.00000000    
   95.2500000       0.00000000    
   95.7500000       0.00000000    
   96.2500000       0.00000000    
   96.7500000       0.00000000    
   97.2500000       0.00000000    
   97.7500000       0.00000000    
   98.2500000       0.00000000    
   98.7500000       0.00000000    
   99.2500000       0.00000000    
   99.7500000       0.00000000    
   100.250000       0.00000000    
