   0.00000000       0.00000000    
  0.500000000       4.64209370E-06
   1.00000000      -8.04462434E-06
   1.50000000       1.40421716E-05
   2.00000000      -1.63053992E-05
   2.50000000       2.33462306E-05
   3.00000000      -2.39746769E-05
   3.50000000       3.14475619E-05
   4.00000000      -2.92628829E-05
   4.50000000       3.57395402E-05
   5.00000000      -2.88994124E-05
   5.50000000       3.30378389E-05
   6.00000000      -2.09589398E-05
   6.50000000       2.29267971E-05
   7.00000000      -6.54512587E-06
   7.50000000       9.35384924E-06
   8.00000000       7.53812719E-06
   8.50000000       1.01360763E-06
   9.00000000       1.15350931E-05
   9.50000000       7.11045686E-06
   10.0000000      -2.04516255E-07
   10.5000000       2.72576381E-05
   11.0000000      -2.01742059E-05
   11.5000000       4.65351986E-05
   12.0000000      -2.81198572E-05
   12.5000000       4.45611076E-05
   13.0000000      -9.54842744E-06
   13.5000000       1.88362046E-05
   14.0000000       2.22375220E-05
   14.5000000      -2.81773646E-06
   15.0000000       3.23362874E-05
   15.5000000       8.69377254E-06
   16.0000000       1.20125751E-05
   16.5000000       3.33760836E-05
   17.0000000       6.03228636E-06
   17.5000000       1.92539592E-05
   18.0000000       4.61652671E-05
   18.5000000      -2.10776416E-05
   19.0000000       7.08027073E-05
   19.5000000      -1.98615453E-06
   20.0000000       1.97844056E-05
   20.5000000       6.42048108E-05
   21.0000000      -1.40171996E-05
   21.5000000       5.26660806E-05
   22.0000000       3.96769319E-05
   22.5000000       1.23135851E-05
   23.0000000       3.52792922E-05
   23.5000000       6.79581717E-05
   24.0000000      -2.61644254E-06
   24.5000000       3.56362107E-05
   25.0000000       1.02033620E-04
   25.5000000      -3.54418917E-05
   26.0000000       5.46129086E-05
   26.5000000       1.10126974E-04
   27.0000000      -2.28871431E-05
   27.5000000       2.84152557E-05
   28.0000000       1.05737003E-04
   28.5000000       7.12120673E-05
   29.0000000      -4.64170225E-05
   29.5000000       2.90737808E-05
   30.0000000       2.51284888E-04
   30.5000000       1.07810571E-04
   31.0000000       5.91709104E-05
   31.5000000       8.21634138E-04
   32.0000000       2.47793854E-03
   32.5000000       5.12972381E-03
   33.0000000       8.45913962E-03
   33.5000000       1.20540373E-02
   34.0000000       1.60905011E-02
   34.5000000       2.03372966E-02
   35.0000000       2.46020313E-02
   35.5000000       2.92123053E-02
   36.0000000       3.38546894E-02
   36.5000000       3.84941772E-02
   37.0000000       4.34137434E-02
   37.5000000       4.82297055E-02
   38.0000000       5.32103516E-02
   38.5000000       5.81551902E-02
   39.0000000       6.30509183E-02
   39.5000000       6.86106384E-02
   40.0000000       7.29056969E-02
   40.5000000       7.80809447E-02
   41.0000000       8.49584937E-02
   41.5000000       8.67891237E-02
   42.0000000       9.31658149E-02
   42.5000000      0.103226624    
   43.0000000       9.82349142E-02
   43.5000000      0.107822642    
   44.0000000      0.125728801    
   44.5000000      0.105131939    
   45.0000000      0.119742520    
   45.5000000      0.156542614    
   46.0000000      0.106990941    
   46.5000000      0.121987514    
   47.0000000      0.199291766    
   47.5000000      0.110308893    
   48.0000000      0.103114344    
   48.5000000      0.248318240    
   49.0000000      0.132464558    
   49.5000000       6.06210381E-02
   50.0000000      0.275373191    
   50.5000000      0.192731917    
   51.0000000       2.17146426E-02
   51.5000000      0.241039217    
   52.0000000      0.279962361    
   52.5000000       1.92623772E-02
   53.0000000      -8.48515611E-03
   53.5000000       9.87014500E-04
   54.0000000       5.50998375E-05
   54.5000000      -3.53638752E-05
   55.0000000       4.60712545E-06
   55.5000000       9.81653727E-08
   56.0000000      -1.43535033E-07
   56.5000000       2.39548008E-08
   57.0000000       4.99553732E-10
   57.5000000      -7.91451793E-10
   58.0000000       5.95776761E-11
   58.5000000       1.33489487E-11
   59.0000000      -2.59057641E-13
   59.5000000      -3.69742973E-13
   60.0000000      -1.15922422E-13
   60.5000000       2.97310089E-14
   61.0000000       7.40456636E-15
   61.5000000      -2.07266887E-15
   62.0000000      -3.09788801E-16
   62.5000000       1.19479013E-16
   63.0000000       9.77504559E-18
   63.5000000      -6.27907385E-18
   64.0000000      -1.20743864E-19
   64.5000000       3.03453043E-19
   65.0000000      -1.48785914E-20
   65.5000000      -1.28040693E-20
   66.0000000       1.69347701E-21
   66.5000000       4.23644055E-22
   67.0000000      -1.12507620E-22
   67.5000000      -7.44370649E-24
   68.0000000       5.51900500E-24
   68.5000000      -2.69327516E-25
   69.0000000      -1.97905714E-25
   69.5000000       3.34207178E-26
   70.0000000       4.01117435E-27
   70.5000000      -1.80976478E-27
   71.0000000       6.91144155E-29
   71.5000000       6.10515399E-29
   72.0000000      -1.06769990E-29
   72.5000000      -8.64503685E-31
   73.0000000       5.17755280E-31
   73.5000000      -4.10331194E-32
   74.0000000      -1.30134189E-32
   74.5000000       3.38959049E-33
   75.0000000      -3.98595900E-35
   75.5000000      -1.14042019E-34
   76.0000000       1.89780865E-35
   76.5000000       9.92943590E-37
   77.0000000      -8.11196300E-37
   77.5000000       9.67553990E-38
   78.0000000       1.16463471E-38
   78.5000000      -5.16881690E-39
   79.0000000       4.77426591E-40
   79.5000000       8.96172407E-41
   80.0000000      -3.09420714E-41
   80.5000000       2.44666712E-42
   81.0000000       5.70328475E-43
   81.5000000      -1.75162308E-43
   82.0000000       1.68155816E-44
   82.5000000       5.60519386E-45
   83.0000000       0.00000000    
   83.5000000       0.00000000    
   84.0000000       0.00000000    
   84.5000000       0.00000000    
   85.0000000       0.00000000    
   85.5000000       0.00000000    
   86.0000000       0.00000000    
   86.5000000       0.00000000    
   87.0000000       0.00000000    
   87.5000000       0.00000000    
   88.0000000       0.00000000    
   88.5000000       0.00000000    
   89.0000000       0.00000000    
   89.5000000       0.00000000    
   90.0000000       0.00000000    
   90.5000000       0.00000000    
   91.0000000       0.00000000    
   91.5000000       0.00000000    
   92.0000000       0.00000000    
   92.5000000       0.00000000    
   93.0000000       0.00000000    
   93.5000000       0.00000000    
   94.0000000       0.00000000    
   94.5000000       0.00000000    
   95.0000000       0.00000000    
   95.5000000       0.00000000    
   96.0000000       0.00000000    
   96.5000000       0.00000000    
   97.0000000       0.00000000    
   97.5000000       0.00000000    
   98.0000000       0.00000000    
   98.5000000       0.00000000    
   99.0000000       0.00000000    
   99.5000000       0.00000000    
   100.000000       0.00000000    
