 -0.250000000       6.08836262E-06
  0.250000000       6.08836262E-06
  0.750000000      -2.28243298E-05
   1.25000000       3.68889632E-05
   1.75000000      -4.85900237E-05
   2.25000000       3.99885357E-05
   2.75000000      -8.89168768E-06
   3.25000000      -4.45075784E-05
   3.75000000       8.26186952E-05
   4.25000000      -6.74960611E-05
   4.75000000      -1.62846220E-06
   5.25000000       1.24483282E-04
   5.75000000       1.71572989E-04
   6.25000000       5.05745120E-04
   6.75000000       2.29227380E-03
   7.25000000       5.60856936E-03
   7.75000000       1.03110783E-02
   8.25000000       1.58361606E-02
   8.75000000       2.21562218E-02
   9.25000000       2.89342124E-02
   9.75000000       3.62684950E-02
   10.2500000       4.38709892E-02
   10.7500000       5.18628322E-02
   11.2500000       6.00058660E-02
   11.7500000       6.83960393E-02
   12.2500000       7.68759623E-02
   12.7500000       8.54581967E-02
   13.2500000       9.41072851E-02
   13.7500000      0.102704294    
   14.2500000      0.111358777    
   14.7500000      0.119810767    
   15.2500000      0.128284886    
   15.7500000      0.136436462    
   16.2500000      0.144506112    
   16.7500000      0.152181849    
   17.2500000      0.159569740    
   17.7500000      0.166528910    
   18.2500000      0.172893465    
   18.7500000      0.178756371    
   19.2500000      0.183645800    
   19.7500000      0.187785149    
   20.2500000      0.190506950    
   20.7500000      0.191844508    
   21.2500000      0.191079676    
   21.7500000      0.187618807    
   22.2500000      0.180110663    
   22.7500000      0.167165324    
   23.2500000      0.142710045    
   23.7500000      0.101065844    
   24.2500000       5.76284006E-02
   24.7500000       2.78457887E-02
   25.2500000       1.13205658E-02
   25.7500000       3.42773367E-03
   26.2500000       5.60893386E-04
   26.7500000      -5.27866505E-05
   27.2500000      -4.88902515E-05
   27.7500000      -5.89633100E-06
   28.2500000       2.03938521E-06
   28.7500000       5.20251831E-07
   29.2500000      -7.54648539E-08
   29.7500000      -2.80914882E-08
   30.2500000       3.46599127E-09
   30.7500000       1.20943744E-09
   31.2500000      -1.96214822E-10
   31.7500000      -3.99161364E-11
   32.2500000       1.06915397E-11
   32.7500000       6.76055891E-13
   33.2500000      -4.68491023E-13
   33.7500000       2.42917157E-14
   34.2500000       1.39775454E-14
   34.7500000      -2.56660470E-15
   35.2500000      -1.39547222E-16
   35.7500000       1.04583449E-16
   36.2500000      -1.05820628E-17
   36.7500000      -1.73841187E-18
   37.2500000       6.01998010E-19
   37.7500000      -4.37653992E-20
   38.2500000      -1.08678018E-20
   38.7500000       3.14734751E-21
   39.2500000      -2.32399710E-22
   39.7500000      -4.88542442E-23
   40.2500000       1.54479996E-23
   40.7500000      -1.49835175E-24
   41.2500000      -1.42490935E-25
   41.7500000       6.78611677E-26
   42.2500000      -9.33849996E-27
   42.7500000       3.91905077E-29
   43.2500000       2.36311412E-28
   43.7500000      -4.85339642E-29
   44.2500000       3.82379698E-30
   44.7500000       4.42582980E-31
   45.2500000      -1.87427332E-31
   45.7500000       2.82054286E-32
   46.2500000      -1.34274874E-33
   46.7500000      -4.00854686E-34
   47.2500000       1.18119768E-34
   47.7500000      -1.58654056E-35
   48.2500000       6.41236913E-37
   48.7500000       2.32913203E-37
   49.2500000      -6.60506179E-38
   49.7500000       9.18519614E-39
   50.2500000      -5.20917290E-40
   50.7500000      -9.31891505E-41
   51.2500000       3.26530568E-41
   51.7500000      -5.25206664E-42
   52.2500000       4.58224598E-43
   52.7500000       1.40129846E-44
   53.2500000      -1.26116862E-44
   53.7500000       2.80259693E-45
   54.2500000       0.00000000    
   54.7500000       0.00000000    
   55.2500000       0.00000000    
   55.7500000       0.00000000    
   56.2500000       0.00000000    
   56.7500000       0.00000000    
   57.2500000       0.00000000    
   57.7500000       0.00000000    
   58.2500000       0.00000000    
   58.7500000       0.00000000    
   59.2500000       0.00000000    
   59.7500000       0.00000000    
   60.2500000       0.00000000    
   60.7500000       0.00000000    
   61.2500000       0.00000000    
   61.7500000       0.00000000    
   62.2500000       0.00000000    
   62.7500000       0.00000000    
   63.2500000       0.00000000    
   63.7500000       0.00000000    
   64.2500000       0.00000000    
   64.7500000       0.00000000    
   65.2500000       0.00000000    
   65.7500000       0.00000000    
   66.2500000       0.00000000    
   66.7500000       0.00000000    
   67.2500000       0.00000000    
   67.7500000       0.00000000    
   68.2500000       0.00000000    
   68.7500000       0.00000000    
   69.2500000       0.00000000    
   69.7500000       0.00000000    
   70.2500000       0.00000000    
   70.7500000       0.00000000    
   71.2500000       0.00000000    
   71.7500000       0.00000000    
   72.2500000       0.00000000    
   72.7500000       0.00000000    
   73.2500000       0.00000000    
   73.7500000       0.00000000    
   74.2500000       0.00000000    
   74.7500000       0.00000000    
   75.2500000       0.00000000    
   75.7500000       0.00000000    
   76.2500000       0.00000000    
   76.7500000       0.00000000    
   77.2500000       0.00000000    
   77.7500000       0.00000000    
   78.2500000       0.00000000    
   78.7500000       0.00000000    
   79.2500000       0.00000000    
   79.7500000       0.00000000    
   80.2500000       0.00000000    
   80.7500000       0.00000000    
   81.2500000       0.00000000    
   81.7500000       0.00000000    
   82.2500000       0.00000000    
   82.7500000       0.00000000    
   83.2500000       0.00000000    
   83.7500000       0.00000000    
   84.2500000       0.00000000    
   84.7500000       0.00000000    
   85.2500000       0.00000000    
   85.7500000       0.00000000    
   86.2500000       0.00000000    
   86.7500000       0.00000000    
   87.2500000       0.00000000    
   87.7500000       0.00000000    
   88.2500000       0.00000000    
   88.7500000       0.00000000    
   89.2500000       0.00000000    
   89.7500000       0.00000000    
   90.2500000       0.00000000    
   90.7500000       0.00000000    
   91.2500000       0.00000000    
   91.7500000       0.00000000    
   92.2500000       0.00000000    
   92.7500000       0.00000000    
   93.2500000       0.00000000    
   93.7500000       0.00000000    
   94.2500000       0.00000000    
   94.7500000       0.00000000    
   95.2500000       0.00000000    
   95.7500000       0.00000000    
   96.2500000       0.00000000    
   96.7500000       0.00000000    
   97.2500000       0.00000000    
   97.7500000       0.00000000    
   98.2500000       0.00000000    
   98.7500000       0.00000000    
   99.2500000       0.00000000    
   99.7500000       0.00000000    
   100.250000       0.00000000    
