   0.00000000       0.00000000    
  0.500000000      -2.17643683E-05
   1.00000000       3.14093486E-05
   1.50000000      -2.20707516E-05
   2.00000000      -1.23880454E-06
   2.50000000       2.26532411E-05
   3.00000000      -1.78831542E-05
   3.50000000      -2.31609192E-05
   4.00000000       8.24386880E-05
   4.50000000      -9.64233404E-05
   5.00000000       4.00505960E-05
   5.50000000       1.55257352E-04
   6.00000000       1.57304603E-04
   6.50000000       7.51843210E-04
   7.00000000       2.92274170E-03
   7.50000000       6.62177941E-03
   8.00000000       1.15361558E-02
   8.50000000       1.72194187E-02
   9.00000000       2.35941876E-02
   9.50000000       3.03923767E-02
   10.0000000       3.76783051E-02
   10.5000000       4.51736823E-02
   11.0000000       5.30277342E-02
   11.5000000       6.09406941E-02
   12.0000000       6.91124648E-02
   12.5000000       7.72477388E-02
   13.0000000       8.55330750E-02
   13.5000000       9.37400907E-02
   14.0000000      0.101956859    
   14.5000000      0.110099420    
   15.0000000      0.118079826    
   15.5000000      0.126005903    
   16.0000000      0.133592725    
   16.5000000      0.141108304    
   17.0000000      0.148141921    
   17.5000000      0.154987574    
   18.0000000      0.161270827    
   18.5000000      0.167108104    
   19.0000000      0.172331840    
   19.5000000      0.176708698    
   20.0000000      0.180326998    
   20.5000000      0.182576239    
   21.0000000      0.183565259    
   21.5000000      0.182449967    
   22.0000000      0.178794697    
   22.5000000      0.171048343    
   23.0000000      0.158080816    
   23.5000000      0.131691143    
   24.0000000       8.87924731E-02
   24.5000000       4.82259579E-02
   25.0000000       2.23049112E-02
   25.5000000       8.46409239E-03
   26.0000000       2.23369244E-03
   26.5000000       2.29762940E-04
   27.0000000      -8.41234069E-05
   27.5000000      -3.41786217E-05
   28.0000000      -6.69709380E-07
   28.5000000       1.92622065E-06
   29.0000000       1.99930014E-07
   29.5000000      -9.13779274E-08
   30.0000000      -1.19580399E-08
   30.5000000       4.40127312E-09
   31.0000000       4.37191866E-10
   31.5000000      -2.11807155E-10
   32.0000000      -5.83040560E-12
   32.5000000       9.05390259E-12
   33.0000000      -5.54961892E-13
   33.5000000      -2.91264734E-13
   34.0000000       5.21228704E-14
   34.5000000       4.38420272E-15
   35.0000000      -2.38505970E-15
   35.5000000       1.67998715E-16
   36.0000000       5.64007079E-17
   36.5000000      -1.37973792E-17
   37.0000000       2.94020573E-19
   37.5000000       3.88453063E-19
   38.0000000      -7.24614999E-20
   38.5000000       3.48760834E-22
   39.0000000       2.10508257E-21
   39.5000000      -3.80786945E-22
   40.0000000       7.51716443E-24
   40.5000000       9.47980618E-24
   41.0000000      -1.97879329E-24
   41.5000000       1.12167158E-25
   42.0000000       3.25588595E-26
   42.5000000      -9.37920795E-27
   43.0000000       9.84053424E-28
   43.5000000       5.05747759E-29
   44.0000000      -3.58746040E-29
   44.5000000       6.02377021E-30
   45.0000000      -3.27347999E-31
   45.5000000      -8.39401003E-32
   46.0000000       2.58033823E-32
   46.5000000      -3.38264699E-33
   47.0000000       8.84798042E-35
   47.5000000       6.32041731E-35
   48.0000000      -1.57964859E-35
   48.5000000       1.92751568E-36
   49.0000000      -4.77680674E-38
   49.5000000      -3.47726945E-38
   50.0000000       8.81017784E-39
   50.5000000      -1.15559059E-39
   51.0000000       5.60295178E-41
   51.5000000       1.37621522E-41
   52.0000000      -4.37064991E-42
   52.5000000       6.81031054E-43
   53.0000000      -5.60519386E-44
   53.5000000      -1.40129846E-45
   54.0000000       2.80259693E-45
   54.5000000       0.00000000    
   55.0000000       0.00000000    
   55.5000000       0.00000000    
   56.0000000       0.00000000    
   56.5000000       0.00000000    
   57.0000000       0.00000000    
   57.5000000       0.00000000    
   58.0000000       0.00000000    
   58.5000000       0.00000000    
   59.0000000       0.00000000    
   59.5000000       0.00000000    
   60.0000000       0.00000000    
   60.5000000       0.00000000    
   61.0000000       0.00000000    
   61.5000000       0.00000000    
   62.0000000       0.00000000    
   62.5000000       0.00000000    
   63.0000000       0.00000000    
   63.5000000       0.00000000    
   64.0000000       0.00000000    
   64.5000000       0.00000000    
   65.0000000       0.00000000    
   65.5000000       0.00000000    
   66.0000000       0.00000000    
   66.5000000       0.00000000    
   67.0000000       0.00000000    
   67.5000000       0.00000000    
   68.0000000       0.00000000    
   68.5000000       0.00000000    
   69.0000000       0.00000000    
   69.5000000       0.00000000    
   70.0000000       0.00000000    
   70.5000000       0.00000000    
   71.0000000       0.00000000    
   71.5000000       0.00000000    
   72.0000000       0.00000000    
   72.5000000       0.00000000    
   73.0000000       0.00000000    
   73.5000000       0.00000000    
   74.0000000       0.00000000    
   74.5000000       0.00000000    
   75.0000000       0.00000000    
   75.5000000       0.00000000    
   76.0000000       0.00000000    
   76.5000000       0.00000000    
   77.0000000       0.00000000    
   77.5000000       0.00000000    
   78.0000000       0.00000000    
   78.5000000       0.00000000    
   79.0000000       0.00000000    
   79.5000000       0.00000000    
   80.0000000       0.00000000    
   80.5000000       0.00000000    
   81.0000000       0.00000000    
   81.5000000       0.00000000    
   82.0000000       0.00000000    
   82.5000000       0.00000000    
   83.0000000       0.00000000    
   83.5000000       0.00000000    
   84.0000000       0.00000000    
   84.5000000       0.00000000    
   85.0000000       0.00000000    
   85.5000000       0.00000000    
   86.0000000       0.00000000    
   86.5000000       0.00000000    
   87.0000000       0.00000000    
   87.5000000       0.00000000    
   88.0000000       0.00000000    
   88.5000000       0.00000000    
   89.0000000       0.00000000    
   89.5000000       0.00000000    
   90.0000000       0.00000000    
   90.5000000       0.00000000    
   91.0000000       0.00000000    
   91.5000000       0.00000000    
   92.0000000       0.00000000    
   92.5000000       0.00000000    
   93.0000000       0.00000000    
   93.5000000       0.00000000    
   94.0000000       0.00000000    
   94.5000000       0.00000000    
   95.0000000       0.00000000    
   95.5000000       0.00000000    
   96.0000000       0.00000000    
   96.5000000       0.00000000    
   97.0000000       0.00000000    
   97.5000000       0.00000000    
   98.0000000       0.00000000    
   98.5000000       0.00000000    
   99.0000000       0.00000000    
   99.5000000       0.00000000    
   100.000000       0.00000000    
