 -0.250000000      -1.63062691E-06
  0.250000000      -1.63062691E-06
  0.750000000      -7.13627969E-06
   1.25000000       4.41122756E-06
   1.75000000      -1.40744014E-05
   2.25000000       1.21827234E-05
   2.75000000      -2.25528729E-05
   3.25000000       2.02886804E-05
   3.75000000      -2.91758643E-05
   4.25000000       2.34872768E-05
   4.75000000      -2.77433974E-05
   5.25000000       1.59790343E-05
   5.75000000      -1.47178962E-05
   6.25000000      -1.86478860E-06
   6.75000000       4.38681082E-06
   7.25000000      -1.84513538E-05
   7.75000000       1.30793960E-05
   8.25000000      -1.62196338E-05
   8.75000000      -2.35315679E-06
   9.25000000       8.84031851E-06
   9.75000000      -3.12685006E-05
   10.2500000       3.06440852E-05
   10.7500000      -3.82254038E-05
   11.2500000       1.69497780E-05
   11.7500000      -9.60916259E-06
   12.2500000      -1.45932809E-05
   12.7500000       5.37152528E-06
   13.2500000      -2.78140033E-06
   13.7500000      -3.24227003E-05
   14.2500000       3.77667966E-05
   14.7500000      -4.72896827E-05
   15.2500000       5.03329784E-06
   15.7500000       1.95785269E-05
   16.2500000      -5.62232453E-05
   16.7500000       2.53659273E-05
   17.2500000      -2.59418107E-06
   17.7500000      -3.88756198E-05
   18.2500000      -5.51674339E-06
   18.7500000       4.06502913E-05
   19.2500000      -7.58784372E-05
   19.7500000      -1.59422780E-05
   20.2500000       8.08664627E-05
   20.7500000      -8.65611219E-05
   21.2500000      -6.15170284E-05
   21.7500000       8.37931220E-05
   22.2500000       1.16238640E-04
   22.7500000       4.49190957E-05
   23.2500000       4.49819461E-04
   23.7500000       2.05642171E-03
   24.2500000       4.68557887E-03
   24.7500000       8.17283336E-03
   25.2500000       1.22991344E-02
   25.7500000       1.66959502E-02
   26.2500000       2.15151999E-02
   26.7500000       2.65500508E-02
   27.2500000       3.16964351E-02
   27.7500000       3.71795706E-02
   28.2500000       4.26580831E-02
   28.7500000       4.82784361E-02
   29.2500000       5.41284792E-02
   29.7500000       5.98493889E-02
   30.2500000       6.57959878E-02
   30.7500000       7.18145445E-02
   31.2500000       7.77007937E-02
   31.7500000       8.37968290E-02
   32.2500000       8.99553522E-02
   32.7500000       9.58527103E-02
   33.2500000      0.101890855    
   33.7500000      0.108565427    
   34.2500000      0.113595627    
   34.7500000      0.120002083    
   35.2500000      0.127900615    
   35.7500000      0.129235625    
   36.2500000      0.139253691    
   36.7500000      0.147811398    
   37.2500000      0.139626175    
   37.7500000      0.163095430    
   38.2500000      0.166614667    
   38.7500000      0.140296355    
   39.2500000      0.196769774    
   39.7500000      0.181876674    
   40.2500000      0.125456154    
   40.7500000      0.241348639    
   41.2500000      0.197273061    
   41.7500000       8.86511952E-02
   42.2500000      0.275755286    
   42.7500000      0.232632130    
   43.2500000       1.64522436E-02
   43.7500000      -5.55107184E-03
   44.2500000       3.41224280E-04
   44.7500000       5.56350860E-05
   45.2500000      -1.86994530E-05
   45.7500000       3.06800644E-06
   46.2500000       5.74206922E-07
   46.7500000      -1.67978186E-07
   47.2500000      -3.06992618E-08
   47.7500000       4.33906333E-09
   48.2500000       2.22126695E-09
   48.7500000      -3.32427419E-11
   49.2500000      -1.42469078E-10
   49.7500000      -3.49389614E-12
   50.2500000       8.11218107E-12
   50.7500000       2.23390262E-13
   51.2500000      -4.31828835E-13
   51.7500000      -3.17993787E-15
   52.2500000       2.17216009E-14
   52.7500000      -6.97828941E-16
   53.2500000      -1.00299575E-15
   53.7500000       8.98129019E-17
   54.2500000       3.99558908E-17
   54.7500000      -6.92198551E-18
   55.2500000      -1.19933062E-18
   55.7500000       4.01310939E-19
   56.2500000       1.34239846E-20
   56.7500000      -1.79617003E-20
   57.2500000       1.32365781E-21
   57.7500000       5.75066221E-22
   58.2500000      -1.17989370E-22
   58.7500000      -8.27768156E-24
   59.2500000       5.53692437E-24
   59.7500000      -3.95856762E-25
   60.2500000      -1.53635247E-25
   60.7500000       3.53793608E-26
   61.2500000       6.26595722E-28
   61.7500000      -1.35384180E-27
   62.2500000       1.76008162E-28
   62.7500000       2.08839673E-29
   63.2500000      -9.25287839E-30
   63.7500000       7.27938136E-31
   64.2500000       1.96462134E-31
   64.7500000      -5.59112780E-32
   65.2500000       2.67254334E-33
   65.7500000       1.38104093E-33
   66.2500000      -3.19186940E-34
   66.7500000       1.03435152E-35
   67.2500000       8.32817156E-36
   67.7500000      -1.78423616E-36
   68.2500000       5.71195542E-38
   68.7500000       4.48020539E-38
   69.2500000      -9.86407760E-39
   69.7500000       4.46738154E-40
   70.2500000       2.14098787E-40
   70.7500000      -5.32619533E-41
   71.2500000       3.68541496E-42
   71.7500000       8.63199854E-43
   72.2500000      -2.69049305E-43
   72.7500000       2.80259693E-44
   73.2500000       2.80259693E-45
   73.7500000      -1.40129846E-45
   74.2500000       0.00000000    
   74.7500000       0.00000000    
   75.2500000       0.00000000    
   75.7500000       0.00000000    
   76.2500000       0.00000000    
   76.7500000       0.00000000    
   77.2500000       0.00000000    
   77.7500000       0.00000000    
   78.2500000       0.00000000    
   78.7500000       0.00000000    
   79.2500000       0.00000000    
   79.7500000       0.00000000    
   80.2500000       0.00000000    
   80.7500000       0.00000000    
   81.2500000       0.00000000    
   81.7500000       0.00000000    
   82.2500000       0.00000000    
   82.7500000       0.00000000    
   83.2500000       0.00000000    
   83.7500000       0.00000000    
   84.2500000       0.00000000    
   84.7500000       0.00000000    
   85.2500000       0.00000000    
   85.7500000       0.00000000    
   86.2500000       0.00000000    
   86.7500000       0.00000000    
   87.2500000       0.00000000    
   87.7500000       0.00000000    
   88.2500000       0.00000000    
   88.7500000       0.00000000    
   89.2500000       0.00000000    
   89.7500000       0.00000000    
   90.2500000       0.00000000    
   90.7500000       0.00000000    
   91.2500000       0.00000000    
   91.7500000       0.00000000    
   92.2500000       0.00000000    
   92.7500000       0.00000000    
   93.2500000       0.00000000    
   93.7500000       0.00000000    
   94.2500000       0.00000000    
   94.7500000       0.00000000    
   95.2500000       0.00000000    
   95.7500000       0.00000000    
   96.2500000       0.00000000    
   96.7500000       0.00000000    
   97.2500000       0.00000000    
   97.7500000       0.00000000    
   98.2500000       0.00000000    
   98.7500000       0.00000000    
   99.2500000       0.00000000    
   99.7500000       0.00000000    
   100.250000       0.00000000    
