   0.00000000       0.00000000    
  0.500000000      -5.23475228E-06
   1.00000000       1.02088970E-05
   1.50000000      -1.27965595E-05
   2.00000000       1.50881770E-05
   2.50000000      -1.29536529E-05
   3.00000000       1.11526879E-05
   3.50000000      -4.68214421E-06
   4.00000000       4.30176442E-07
   4.50000000       7.49003630E-06
   5.00000000      -9.42026782E-06
   5.50000000       1.33956119E-05
   6.00000000      -7.58724946E-06
   6.50000000       3.50419759E-06
   7.00000000       1.07109299E-05
   7.50000000      -1.88975628E-05
   8.00000000       3.32431882E-05
   8.50000000      -3.31299525E-05
   9.00000000       3.44942964E-05
   9.50000000      -1.67028847E-05
   10.0000000       4.23753590E-06
   10.5000000       2.02469273E-05
   11.0000000      -2.47269454E-05
   11.5000000       3.06234506E-05
   12.0000000      -9.21425999E-06
   12.5000000      -2.00958766E-06
   13.0000000       2.37348831E-05
   13.5000000      -1.00629677E-05
   14.0000000      -3.85406747E-06
   14.5000000       4.64491641E-05
   15.0000000      -5.37765663E-05
   15.5000000       5.42110392E-05
   16.0000000      -9.23912012E-07
   16.5000000      -2.67392625E-05
   17.0000000       5.01137765E-05
   17.5000000      -3.99728378E-07
   18.0000000      -2.37678832E-05
   18.5000000       3.60943050E-05
   19.0000000       4.70103223E-05
   19.5000000      -8.04586161E-05
   20.0000000       6.07655966E-05
   20.5000000       7.84245130E-05
   21.0000000      -9.24717533E-05
   21.5000000       4.61369200E-06
   22.0000000       1.38424890E-04
   22.5000000       1.33793568E-04
   23.0000000       6.98968652E-05
   23.5000000       7.27318518E-04
   24.0000000       2.63592601E-03
   24.5000000       5.47127007E-03
   25.0000000       9.15610418E-03
   25.5000000       1.33391116E-02
   26.0000000       1.77759174E-02
   26.5000000       2.26453785E-02
   27.0000000       2.76090410E-02
   27.5000000       3.27503420E-02
   28.0000000       3.81744765E-02
   28.5000000       4.35118899E-02
   29.0000000       4.90875356E-02
   29.5000000       5.47633357E-02
   30.0000000       6.03131056E-02
   30.5000000       6.61459565E-02
   31.0000000       7.19025284E-02
   31.5000000       7.75873512E-02
   32.0000000       8.34844112E-02
   32.5000000       8.93599764E-02
   33.0000000       9.48963389E-02
   33.5000000      0.100842349    
   34.0000000      0.107110776    
   34.5000000      0.111397803    
   35.0000000      0.118566997    
   35.5000000      0.124946952    
   36.0000000      0.125511110    
   36.5000000      0.138522536    
   37.0000000      0.141377807    
   37.5000000      0.135091603    
   38.0000000      0.164775237    
   38.5000000      0.152517617    
   39.0000000      0.137740269    
   39.5000000      0.202552453    
   40.0000000      0.154004484    
   40.5000000      0.128650874    
   41.0000000      0.253498316    
   41.5000000      0.150091916    
   42.0000000       9.55437198E-02
   42.5000000      0.301809758    
   43.0000000      0.167600572    
   43.5000000      -5.36435191E-03
   44.0000000      -3.34172416E-03
   44.5000000       5.58103260E-04
   45.0000000      -1.92483876E-05
   45.5000000      -1.01808300E-05
   46.0000000       3.50507298E-06
   46.5000000       4.85969167E-08
   47.0000000      -1.47399149E-07
   47.5000000      -9.53127532E-09
   48.0000000       5.32059286E-09
   48.5000000       1.28204458E-09
   49.0000000      -2.13261492E-10
   49.5000000      -9.51591445E-11
   50.0000000       9.96789283E-12
   50.5000000       5.58685997E-12
   51.0000000      -5.51703648E-13
   51.5000000      -2.89474364E-13
   52.0000000       3.50048292E-14
   52.5000000       1.33769135E-14
   53.0000000      -2.28086851E-15
   53.5000000      -5.23052956E-16
   54.0000000       1.38026798E-16
   54.5000000       1.46101702E-17
   55.0000000      -7.29020082E-18
   55.5000000      -4.40547088E-20
   56.0000000       3.18403066E-19
   56.5000000      -2.83062595E-20
   57.0000000      -1.03999940E-20
   57.5000000       2.26016076E-21
   58.0000000       1.67001437E-22
   58.5000000      -1.08855270E-22
   59.0000000       6.63386898E-24
   59.5000000       3.34976294E-24
   60.0000000      -6.84377659E-25
   60.5000000      -3.37609911E-26
   61.0000000       2.98283469E-26
   61.5000000      -2.97253728E-27
   62.0000000      -6.41328797E-28
   62.5000000       1.99961314E-28
   63.0000000      -7.68765256E-30
   63.5000000      -5.73672577E-30
   64.0000000       1.16171003E-30
   64.5000000       8.84766974E-33
   65.0000000      -4.03134054E-32
   65.5000000       6.34575491E-33
   66.0000000       2.60785947E-34
   66.5000000      -2.50140032E-34
   67.0000000       3.45887749E-35
   67.5000000       1.94515401E-36
   68.0000000      -1.43337614E-36
   68.5000000       1.94510070E-37
   69.0000000       9.37667096E-39
   69.5000000      -7.67959203E-39
   70.0000000       1.12583682E-39
   70.5000000       2.30317416E-41
   71.0000000      -3.80368455E-41
   71.5000000       6.50062358E-42
   72.0000000      -1.17709071E-43
   72.5000000      -1.65353219E-43
   73.0000000       3.50324616E-44
   73.5000000      -2.80259693E-45
   74.0000000       0.00000000    
   74.5000000       0.00000000    
   75.0000000       0.00000000    
   75.5000000       0.00000000    
   76.0000000       0.00000000    
   76.5000000       0.00000000    
   77.0000000       0.00000000    
   77.5000000       0.00000000    
   78.0000000       0.00000000    
   78.5000000       0.00000000    
   79.0000000       0.00000000    
   79.5000000       0.00000000    
   80.0000000       0.00000000    
   80.5000000       0.00000000    
   81.0000000       0.00000000    
   81.5000000       0.00000000    
   82.0000000       0.00000000    
   82.5000000       0.00000000    
   83.0000000       0.00000000    
   83.5000000       0.00000000    
   84.0000000       0.00000000    
   84.5000000       0.00000000    
   85.0000000       0.00000000    
   85.5000000       0.00000000    
   86.0000000       0.00000000    
   86.5000000       0.00000000    
   87.0000000       0.00000000    
   87.5000000       0.00000000    
   88.0000000       0.00000000    
   88.5000000       0.00000000    
   89.0000000       0.00000000    
   89.5000000       0.00000000    
   90.0000000       0.00000000    
   90.5000000       0.00000000    
   91.0000000       0.00000000    
   91.5000000       0.00000000    
   92.0000000       0.00000000    
   92.5000000       0.00000000    
   93.0000000       0.00000000    
   93.5000000       0.00000000    
   94.0000000       0.00000000    
   94.5000000       0.00000000    
   95.0000000       0.00000000    
   95.5000000       0.00000000    
   96.0000000       0.00000000    
   96.5000000       0.00000000    
   97.0000000       0.00000000    
   97.5000000       0.00000000    
   98.0000000       0.00000000    
   98.5000000       0.00000000    
   99.0000000       0.00000000    
   99.5000000       0.00000000    
   100.000000       0.00000000    
