 -0.250000000      -1.65441434E-05
  0.250000000      -1.65441434E-05
  0.750000000       4.60053852E-05
   1.25000000      -6.97784417E-05
   1.75000000       6.41196530E-05
   2.25000000      -1.39918720E-05
   2.75000000      -5.98521292E-05
   3.25000000       1.61440737E-04
   3.75000000       1.40550997E-04
   4.25000000       5.65060065E-04
   4.75000000       2.27200799E-03
   5.25000000       5.79632586E-03
   5.75000000       1.05954232E-02
   6.25000000       1.64711159E-02
   6.75000000       2.30191890E-02
   7.25000000       3.02600935E-02
   7.75000000       3.79192494E-02
   8.25000000       4.60589193E-02
   8.75000000       5.44333421E-02
   9.25000000       6.31460026E-02
   9.75000000       7.19487295E-02
   10.2500000       8.09862465E-02
   10.7500000       8.99891704E-02
   11.2500000       9.91371498E-02
   11.7500000      0.108139493    
   12.2500000      0.117188439    
   12.7500000      0.125994891    
   13.2500000      0.134718373    
   13.7500000      0.143117398    
   14.2500000      0.151252747    
   14.7500000      0.158985287    
   15.2500000      0.166207686    
   15.7500000      0.172923908    
   16.2500000      0.178807348    
   16.7500000      0.183988929    
   17.2500000      0.187924594    
   17.7500000      0.190752044    
   18.2500000      0.191760987    
   18.7500000      0.190825939    
   19.2500000      0.187096909    
   19.7500000      0.179655626    
   20.2500000      0.167234823    
   20.7500000      0.147113666    
   21.2500000      0.117004640    
   21.7500000       8.01776052E-02
   22.2500000       4.73736897E-02
   22.7500000       2.45579910E-02
   23.2500000       1.05823325E-02
   23.7500000       3.30984918E-03
   24.2500000       5.49130898E-04
   24.7500000      -4.79505215E-05
   25.2500000      -4.38106872E-05
   25.7500000      -4.40428266E-06
   26.2500000       1.87906539E-06
   26.7500000       3.61427198E-07
   27.2500000      -7.78728335E-08
   27.7500000      -1.72718764E-08
   28.2500000       3.72483644E-09
   28.7500000       5.82699888E-10
   29.2500000      -1.83790524E-10
   29.7500000      -9.19933921E-12
   30.2500000       7.70488014E-12
   30.7500000      -4.34933394E-13
   31.2500000      -2.23324180E-13
   31.7500000       4.18807241E-14
   32.2500000       2.01484617E-15
   32.7500000      -1.63953730E-15
   33.2500000       1.73780879E-16
   33.7500000       2.45688888E-17
   34.2500000      -9.15851893E-18
   34.7500000       7.62414749E-19
   35.2500000       1.39552271E-19
   35.7500000      -4.60358064E-20
   36.2500000       4.22059052E-21
   36.7500000       5.13667043E-22
   37.2500000      -2.10421906E-22
   37.7500000       2.58048267E-23
   38.2500000       6.44168630E-25
   38.7500000      -8.01330627E-25
   39.2500000       1.41500557E-25
   39.7500000      -7.83809114E-27
   40.2500000      -1.98242825E-27
   40.7500000       6.01210473E-28
   41.2500000      -7.54946964E-29
   41.7500000       1.10850020E-30
   42.2500000       1.58817525E-30
   42.7500000      -3.64098749E-31
   43.2500000       4.04451695E-32
   43.7500000      -1.98247857E-34
   44.2500000      -8.96175312E-34
   44.7500000       2.00672796E-34
   45.2500000      -2.37320687E-35
   45.7500000       7.13889866E-37
   46.2500000       3.73888739E-37
   46.7500000      -9.96039697E-38
   47.2500000       1.41403543E-38
   47.7500000      -1.00973784E-39
   48.2500000      -7.89225308E-41
   48.7500000       3.98473231E-41
   49.2500000      -7.42267797E-42
   49.7500000       8.56193362E-43
   50.2500000      -3.64337601E-44
   50.7500000      -8.40779079E-45
   51.2500000       2.80259693E-45
   51.7500000       0.00000000    
   52.2500000       0.00000000    
   52.7500000       0.00000000    
   53.2500000       0.00000000    
   53.7500000       0.00000000    
   54.2500000       0.00000000    
   54.7500000       0.00000000    
   55.2500000       0.00000000    
   55.7500000       0.00000000    
   56.2500000       0.00000000    
   56.7500000       0.00000000    
   57.2500000       0.00000000    
   57.7500000       0.00000000    
   58.2500000       0.00000000    
   58.7500000       0.00000000    
   59.2500000       0.00000000    
   59.7500000       0.00000000    
   60.2500000       0.00000000    
   60.7500000       0.00000000    
   61.2500000       0.00000000    
   61.7500000       0.00000000    
   62.2500000       0.00000000    
   62.7500000       0.00000000    
   63.2500000       0.00000000    
   63.7500000       0.00000000    
   64.2500000       0.00000000    
   64.7500000       0.00000000    
   65.2500000       0.00000000    
   65.7500000       0.00000000    
   66.2500000       0.00000000    
   66.7500000       0.00000000    
   67.2500000       0.00000000    
   67.7500000       0.00000000    
   68.2500000       0.00000000    
   68.7500000       0.00000000    
   69.2500000       0.00000000    
   69.7500000       0.00000000    
   70.2500000       0.00000000    
   70.7500000       0.00000000    
   71.2500000       0.00000000    
   71.7500000       0.00000000    
   72.2500000       0.00000000    
   72.7500000       0.00000000    
   73.2500000       0.00000000    
   73.7500000       0.00000000    
   74.2500000       0.00000000    
   74.7500000       0.00000000    
   75.2500000       0.00000000    
   75.7500000       0.00000000    
   76.2500000       0.00000000    
   76.7500000       0.00000000    
   77.2500000       0.00000000    
   77.7500000       0.00000000    
   78.2500000       0.00000000    
   78.7500000       0.00000000    
   79.2500000       0.00000000    
   79.7500000       0.00000000    
   80.2500000       0.00000000    
   80.7500000       0.00000000    
   81.2500000       0.00000000    
   81.7500000       0.00000000    
   82.2500000       0.00000000    
   82.7500000       0.00000000    
   83.2500000       0.00000000    
   83.7500000       0.00000000    
   84.2500000       0.00000000    
   84.7500000       0.00000000    
   85.2500000       0.00000000    
   85.7500000       0.00000000    
   86.2500000       0.00000000    
   86.7500000       0.00000000    
   87.2500000       0.00000000    
   87.7500000       0.00000000    
   88.2500000       0.00000000    
   88.7500000       0.00000000    
   89.2500000       0.00000000    
   89.7500000       0.00000000    
   90.2500000       0.00000000    
   90.7500000       0.00000000    
   91.2500000       0.00000000    
   91.7500000       0.00000000    
   92.2500000       0.00000000    
   92.7500000       0.00000000    
   93.2500000       0.00000000    
   93.7500000       0.00000000    
   94.2500000       0.00000000    
   94.7500000       0.00000000    
   95.2500000       0.00000000    
   95.7500000       0.00000000    
   96.2500000       0.00000000    
   96.7500000       0.00000000    
   97.2500000       0.00000000    
   97.7500000       0.00000000    
   98.2500000       0.00000000    
   98.7500000       0.00000000    
   99.2500000       0.00000000    
   99.7500000       0.00000000    
   100.250000       0.00000000    
