   0.00000000       0.00000000    
  0.500000000       1.93632004E-05
   1.00000000      -1.79597118E-05
   1.50000000      -8.06517346E-06
   2.00000000       3.74110568E-05
   2.50000000      -2.33230894E-05
   3.00000000      -3.62667706E-05
   3.50000000       1.97264410E-04
   4.00000000       1.43296391E-04
   4.50000000       7.83042342E-04
   5.00000000       2.94709485E-03
   5.50000000       6.81489613E-03
   6.00000000       1.19047929E-02
   6.50000000       1.78859532E-02
   7.00000000       2.45549008E-02
   7.50000000       3.17616016E-02
   8.00000000       3.94124240E-02
   8.50000000       4.73946743E-02
   9.00000000       5.56373559E-02
   9.50000000       6.40806258E-02
   10.0000000       7.26328120E-02
   10.5000000       8.13019127E-02
   11.0000000       8.99392664E-02
   11.5000000       9.86357480E-02
   12.0000000      0.107163236    
   12.5000000      0.115697533    
   13.0000000      0.123930261    
   13.5000000      0.132098034    
   14.0000000      0.139844775    
   14.5000000      0.147404879    
   15.0000000      0.154440686    
   15.5000000      0.161088675    
   16.0000000      0.167115539    
   16.5000000      0.172444850    
   17.0000000      0.177013382    
   17.5000000      0.180441707    
   18.0000000      0.182810694    
   18.5000000      0.183400437    
   19.0000000      0.182227179    
   19.5000000      0.178218499    
   20.0000000      0.170726717    
   20.5000000      0.158128381    
   21.0000000      0.137590975    
   21.5000000      0.106750757    
   22.0000000       7.06012323E-02
   22.5000000       4.03441079E-02
   23.0000000       2.00745668E-02
   23.5000000       8.02470651E-03
   24.0000000       2.17292132E-03
   24.5000000       2.26759003E-04
   25.0000000      -7.80038317E-05
   25.5000000      -2.99359072E-05
   26.0000000       8.78417268E-08
   26.5000000       1.65193046E-06
   27.0000000       9.63116591E-08
   27.5000000      -7.83225858E-08
   28.0000000      -4.44604087E-09
   28.5000000       3.58643981E-09
   29.0000000       2.78749801E-11
   29.5000000      -1.48061216E-10
   30.0000000       1.04715689E-11
   30.5000000       4.65586293E-12
   31.0000000      -8.67557111E-13
   31.5000000      -6.64998994E-14
   32.0000000       3.82794924E-14
   32.5000000      -2.83817172E-15
   33.0000000      -8.59340548E-16
   33.5000000       2.17888135E-16
   34.0000000      -6.57874939E-18
   34.5000000      -5.64411140E-18
   35.0000000       1.13080739E-18
   35.5000000      -2.56506026E-20
   36.0000000      -2.83377861E-20
   36.5000000       5.80308478E-21
   37.0000000      -2.65884849E-22
   37.5000000      -1.10737959E-22
   38.0000000       2.82577171E-23
   38.5000000      -2.48191812E-24
   39.0000000      -2.61535690E-25
   39.5000000       1.16752338E-25
   40.0000000      -1.67427715E-26
   40.5000000       4.34314969E-28
   41.0000000       3.32082852E-28
   41.5000000      -7.98524018E-29
   42.0000000       8.58467173E-30
   42.5000000       1.27432286E-31
   43.0000000      -2.34231496E-31
   43.5000000       4.73611405E-32
   44.0000000      -4.72569043E-33
   44.5000000      -7.86262457E-35
   45.0000000       1.27045799E-34
   45.5000000      -2.62656005E-35
   46.0000000       2.93632412E-36
   46.5000000      -6.11512973E-38
   47.0000000      -5.22610002E-38
   47.5000000       1.31586592E-38
   48.0000000      -1.82632630E-39
   48.5000000       1.26638145E-40
   49.0000000       1.09063059E-41
   49.5000000      -5.24926405E-42
   50.0000000       9.73902433E-43
   50.5000000      -1.12103877E-43
   51.0000000       5.60519386E-45
   51.5000000       1.40129846E-45
   52.0000000       0.00000000    
   52.5000000       0.00000000    
   53.0000000       0.00000000    
   53.5000000       0.00000000    
   54.0000000       0.00000000    
   54.5000000       0.00000000    
   55.0000000       0.00000000    
   55.5000000       0.00000000    
   56.0000000       0.00000000    
   56.5000000       0.00000000    
   57.0000000       0.00000000    
   57.5000000       0.00000000    
   58.0000000       0.00000000    
   58.5000000       0.00000000    
   59.0000000       0.00000000    
   59.5000000       0.00000000    
   60.0000000       0.00000000    
   60.5000000       0.00000000    
   61.0000000       0.00000000    
   61.5000000       0.00000000    
   62.0000000       0.00000000    
   62.5000000       0.00000000    
   63.0000000       0.00000000    
   63.5000000       0.00000000    
   64.0000000       0.00000000    
   64.5000000       0.00000000    
   65.0000000       0.00000000    
   65.5000000       0.00000000    
   66.0000000       0.00000000    
   66.5000000       0.00000000    
   67.0000000       0.00000000    
   67.5000000       0.00000000    
   68.0000000       0.00000000    
   68.5000000       0.00000000    
   69.0000000       0.00000000    
   69.5000000       0.00000000    
   70.0000000       0.00000000    
   70.5000000       0.00000000    
   71.0000000       0.00000000    
   71.5000000       0.00000000    
   72.0000000       0.00000000    
   72.5000000       0.00000000    
   73.0000000       0.00000000    
   73.5000000       0.00000000    
   74.0000000       0.00000000    
   74.5000000       0.00000000    
   75.0000000       0.00000000    
   75.5000000       0.00000000    
   76.0000000       0.00000000    
   76.5000000       0.00000000    
   77.0000000       0.00000000    
   77.5000000       0.00000000    
   78.0000000       0.00000000    
   78.5000000       0.00000000    
   79.0000000       0.00000000    
   79.5000000       0.00000000    
   80.0000000       0.00000000    
   80.5000000       0.00000000    
   81.0000000       0.00000000    
   81.5000000       0.00000000    
   82.0000000       0.00000000    
   82.5000000       0.00000000    
   83.0000000       0.00000000    
   83.5000000       0.00000000    
   84.0000000       0.00000000    
   84.5000000       0.00000000    
   85.0000000       0.00000000    
   85.5000000       0.00000000    
   86.0000000       0.00000000    
   86.5000000       0.00000000    
   87.0000000       0.00000000    
   87.5000000       0.00000000    
   88.0000000       0.00000000    
   88.5000000       0.00000000    
   89.0000000       0.00000000    
   89.5000000       0.00000000    
   90.0000000       0.00000000    
   90.5000000       0.00000000    
   91.0000000       0.00000000    
   91.5000000       0.00000000    
   92.0000000       0.00000000    
   92.5000000       0.00000000    
   93.0000000       0.00000000    
   93.5000000       0.00000000    
   94.0000000       0.00000000    
   94.5000000       0.00000000    
   95.0000000       0.00000000    
   95.5000000       0.00000000    
   96.0000000       0.00000000    
   96.5000000       0.00000000    
   97.0000000       0.00000000    
   97.5000000       0.00000000    
   98.0000000       0.00000000    
   98.5000000       0.00000000    
   99.0000000       0.00000000    
   99.5000000       0.00000000    
   100.000000       0.00000000    
