 -0.250000000      -9.74307659E-06
  0.250000000      -9.74307659E-06
  0.750000000      -3.50206710E-06
   1.25000000      -1.60148884E-05
   1.75000000       2.69374550E-06
   2.25000000      -2.27953878E-05
   2.75000000       9.12338965E-06
   3.25000000      -2.95902555E-05
   3.75000000       1.47967958E-05
   4.25000000      -3.49637485E-05
   4.75000000       1.76153644E-05
   5.25000000      -3.67417852E-05
   5.75000000       1.53997989E-05
   6.25000000      -3.28248570E-05
   6.75000000       7.03392880E-06
   7.25000000      -2.37211061E-05
   7.75000000      -5.12180077E-06
   8.25000000      -1.36356102E-05
   8.75000000      -1.54631725E-05
   9.25000000      -9.48336310E-06
   9.75000000      -1.66015816E-05
   10.2500000      -1.69422801E-05
   10.7500000      -6.10333791E-06
   11.2500000      -3.42327367E-05
   11.7500000       8.76052309E-06
   12.2500000      -4.87270190E-05
   12.7500000       1.24232938E-05
   13.2500000      -4.57416245E-05
   13.7500000      -4.77445337E-06
   14.2500000      -2.46977816E-05
   14.7500000      -3.19597129E-05
   15.2500000      -6.73725481E-06
   15.7500000      -4.28711974E-05
   16.2500000      -1.41215842E-05
   16.7500000      -2.90085263E-05
   17.2500000      -3.55915727E-05
   17.7500000      -2.02126230E-05
   18.2500000      -3.27596281E-05
   18.7500000      -4.52491659E-05
   19.2500000      -4.14980559E-06
   19.7500000      -7.05716011E-05
   20.2500000      -8.35933406E-06
   20.7500000      -4.12007066E-05
   21.2500000      -6.17936239E-05
   21.7500000       1.06813013E-06
   22.2500000      -7.71240302E-05
   22.7500000      -2.84683028E-05
   23.2500000      -3.09131065E-05
   23.7500000      -6.54468604E-05
   24.2500000      -3.87884902E-05
   24.7500000      -2.99406329E-05
   25.2500000      -6.89687586E-05
   25.7500000      -5.41900990E-05
   26.2500000      -5.11192184E-06
   26.7500000      -1.03594226E-04
   27.2500000      -4.21663681E-05
   27.7500000       1.15023306E-06
   28.2500000      -1.22728379E-04
   28.7500000      -4.00535791E-05
   29.2500000      -3.59482692E-06
   29.7500000      -9.54861898E-05
   30.2500000      -8.77473431E-05
   30.7500000      -1.47603505E-05
   31.2500000      -3.72662589E-06
   31.7500000      -1.51727771E-04
   32.2500000      -1.05835003E-04
   32.7500000       1.25324092E-04
   33.2500000       2.20175407E-05
   33.7500000      -7.16936120E-05
   34.2500000       4.67912032E-04
   34.7500000       1.83817628E-03
   35.2500000       4.21282742E-03
   35.7500000       7.29304040E-03
   36.2500000       1.06769316E-02
   36.7500000       1.45046636E-02
   37.2500000       1.85688343E-02
   37.7500000       2.26539075E-02
   38.2500000       2.70727649E-02
   38.7500000       3.15623991E-02
   39.2500000       3.60437073E-02
   39.7500000       4.08236049E-02
   40.2500000       4.54651862E-02
   40.7500000       5.03439121E-02
   41.2500000       5.53312972E-02
   41.7500000       5.97507395E-02
   42.2500000       6.54385909E-02
   42.7500000       7.03981668E-02
   43.2500000       7.37399161E-02
   43.7500000       8.15752894E-02
   44.2500000       8.61489028E-02
   44.7500000       8.61217380E-02
   45.2500000       9.92717966E-02
   45.7500000      0.103685230    
   46.2500000       9.44342241E-02
   46.7500000      0.118313119    
   47.2500000      0.126482651    
   47.7500000       9.57630426E-02
   48.2500000      0.134453580    
   48.7500000      0.161061883    
   49.2500000       9.15334448E-02
   49.7500000      0.135036036    
   50.2500000      0.211926952    
   50.7500000       9.54594314E-02
   51.2500000      0.104896910    
   51.7500000      0.265568376    
   52.2500000      0.132602468    
   52.7500000       5.33431210E-02
   53.2500000      0.276526749    
   53.7500000      0.218963668    
   54.2500000       2.54039392E-02
   54.7500000      0.213824540    
   55.2500000      0.315326720    
   55.7500000       4.61945795E-02
   56.2500000      -8.78746621E-03
   56.7500000       4.68067970E-04
   57.2500000       1.50991298E-04
   57.7500000      -3.92566144E-05
   58.2500000       2.86738600E-06
   58.7500000       5.22932680E-07
   59.2500000      -1.66338367E-07
   59.7500000       1.65031473E-08
   60.2500000       1.65410519E-09
   60.7500000      -8.06387623E-10
   61.2500000       7.85869425E-11
   61.7500000       1.25978021E-11
   62.2500000      -3.02564527E-12
   62.7500000      -7.12707142E-14
   63.2500000       2.41303915E-14
   63.7500000       1.03750372E-14
   64.2500000       1.06407243E-15
   64.7500000      -1.07408987E-15
   65.2500000      -1.33219621E-17
   65.7500000       6.32667834E-17
   66.2500000      -3.00008337E-18
   66.7500000      -2.95995539E-18
   67.2500000       3.08351969E-19
   67.7500000       1.21761128E-19
   68.2500000      -2.18087025E-20
   68.7500000      -4.18182007E-21
   69.2500000       1.29657057E-21
   69.7500000       8.83586755E-23
   70.2500000      -6.51103198E-23
   70.7500000       1.87257238E-24
   71.2500000       2.64478004E-24
   71.7500000      -3.39129035E-25
   72.2500000      -7.66174128E-26
   72.7500000       2.22486108E-26
   73.2500000       6.81280673E-28
   73.7500000      -9.78271589E-28
   74.2500000       8.81773544E-29
   74.7500000       2.79256171E-29
   75.2500000      -6.92846301E-30
   75.7500000      -1.90368536E-31
   76.2500000       2.89438259E-31
   76.7500000      -3.16595335E-32
   77.2500000      -6.47325711E-33
   77.7500000       2.07650949E-33
   78.2500000      -5.91654891E-35
   78.7500000      -6.66839578E-35
   79.2500000       1.19766086E-35
   79.7500000       5.73156004E-37
   80.2500000      -5.09506158E-37
   80.7500000       5.88596867E-38
   81.2500000       8.39676677E-39
   81.7500000      -3.35648957E-39
   82.2500000       2.55358619E-40
   82.7500000       7.16077528E-41
   83.2500000      -2.03720771E-41
   83.7500000       1.02434918E-42
   84.2500000       5.00263552E-43
   84.7500000      -1.14906474E-43
   85.2500000       5.60519386E-45
   85.7500000       2.80259693E-45
   86.2500000       0.00000000    
   86.7500000       0.00000000    
   87.2500000       0.00000000    
   87.7500000       0.00000000    
   88.2500000       0.00000000    
   88.7500000       0.00000000    
   89.2500000       0.00000000    
   89.7500000       0.00000000    
   90.2500000       0.00000000    
   90.7500000       0.00000000    
   91.2500000       0.00000000    
   91.7500000       0.00000000    
   92.2500000       0.00000000    
   92.7500000       0.00000000    
   93.2500000       0.00000000    
   93.7500000       0.00000000    
   94.2500000       0.00000000    
   94.7500000       0.00000000    
   95.2500000       0.00000000    
   95.7500000       0.00000000    
   96.2500000       0.00000000    
   96.7500000       0.00000000    
   97.2500000       0.00000000    
   97.7500000       0.00000000    
   98.2500000       0.00000000    
   98.7500000       0.00000000    
   99.2500000       0.00000000    
   99.7500000       0.00000000    
   100.250000       0.00000000    
