   0.00000000       0.00000000    
  0.500000000       2.04807338E-06
   1.00000000      -2.18492278E-06
   1.50000000       5.24436018E-06
   2.00000000      -2.24088035E-06
   2.50000000       5.46484989E-06
   3.00000000       1.12012276E-06
   3.50000000       2.10630606E-06
   4.00000000       8.11957216E-06
   4.50000000      -4.05756873E-06
   5.00000000       1.69211417E-05
   5.50000000      -1.05230974E-05
   6.00000000       2.40376539E-05
   6.50000000      -1.26304894E-05
   7.00000000       2.51263100E-05
   7.50000000      -7.15687202E-06
   8.00000000       1.82239291E-05
   8.50000000       5.71687860E-06
   9.00000000       6.29863916E-06
   9.50000000       2.00100858E-05
   10.0000000      -1.61126331E-06
   10.5000000       2.51768197E-05
   11.0000000       4.58192335E-06
   11.5000000       1.40293287E-05
   12.0000000       2.62529793E-05
   12.5000000      -7.21326796E-06
   13.0000000       4.97327055E-05
   13.5000000      -1.90589162E-05
   14.0000000       5.36039697E-05
   14.5000000      -5.12427459E-06
   15.0000000       3.30356706E-05
   15.5000000       2.44613911E-05
   16.0000000       1.27144922E-05
   16.5000000       3.69567788E-05
   17.0000000       2.15220025E-05
   17.5000000       2.02431038E-05
   18.0000000       4.55119552E-05
   18.5000000       1.31213574E-05
   19.0000000       3.56358541E-05
   19.5000000       5.02260009E-05
   20.0000000      -4.71026942E-06
   20.5000000       8.21598805E-05
   21.0000000       1.94012682E-06
   21.5000000       4.30168038E-05
   22.0000000       6.53062598E-05
   22.5000000      -1.16922820E-06
   23.0000000       7.28903833E-05
   23.5000000       3.84256200E-05
   24.0000000       2.69236098E-05
   24.5000000       5.78275612E-05
   25.0000000       5.98989573E-05
   25.5000000       1.30681456E-05
   26.0000000       6.72881506E-05
   26.5000000       7.96092645E-05
   27.0000000      -1.88237027E-05
   27.5000000       1.01232916E-04
   28.0000000       7.42949778E-05
   28.5000000      -2.38618304E-05
   29.0000000       1.03085556E-04
   29.5000000       8.39954591E-05
   30.0000000       2.95520977E-06
   30.5000000       3.79342600E-05
   31.0000000       1.19426826E-04
   31.5000000       8.63054665E-05
   32.0000000      -7.07747458E-05
   32.5000000       7.39187235E-05
   33.0000000       2.66941293E-04
   33.5000000       7.55971196E-05
   34.0000000       8.95841804E-05
   34.5000000       8.15761043E-04
   35.0000000       2.42058770E-03
   35.5000000       5.03361970E-03
   36.0000000       8.19374993E-03
   36.5000000       1.16432700E-02
   37.0000000       1.55538609E-02
   37.5000000       1.95696875E-02
   38.0000000       2.36548558E-02
   38.5000000       2.80900709E-02
   39.0000000       3.24622430E-02
   39.5000000       3.69289853E-02
   40.0000000       4.16316763E-02
   40.5000000       4.61179726E-02
   41.0000000       5.10268658E-02
   41.5000000       5.57038710E-02
   42.0000000       6.00476973E-02
   42.5000000       6.59338236E-02
   43.0000000       6.99439496E-02
   43.5000000       7.36305788E-02
   44.0000000       8.21488425E-02
   44.5000000       8.41041282E-02
   45.0000000       8.55531693E-02
   45.5000000      0.100823045    
   46.0000000       9.86774489E-02
   46.5000000       9.29021537E-02
   47.0000000      0.123071909    
   47.5000000      0.116698638    
   48.0000000       9.10195932E-02
   48.5000000      0.146479473    
   49.0000000      0.145777673    
   49.5000000       7.79819265E-02
   50.0000000      0.158256918    
   50.5000000      0.195205137    
   51.0000000       6.53550774E-02
   51.5000000      0.135597527    
   52.0000000      0.261038214    
   52.5000000       8.13600123E-02
   53.0000000       7.41505325E-02
   53.5000000      0.303190351    
   54.0000000      0.151390076    
   54.5000000       1.94987729E-02
   55.0000000      0.268510371    
   55.5000000      0.254745126    
   56.0000000       7.26088136E-03
   56.5000000      -6.61452068E-03
   57.0000000       9.92677640E-04
   57.5000000      -6.83518010E-07
   58.0000000      -2.63074944E-05
   58.5000000       4.61784293E-06
   59.0000000      -1.21738026E-07
   59.5000000      -9.86825910E-08
   60.0000000       2.13498925E-08
   60.5000000      -1.12574106E-09
   61.0000000      -4.42079817E-10
   61.5000000       1.01619879E-10
   62.0000000      -9.91564903E-13
   62.5000000      -2.12459369E-12
   63.0000000       1.19721588E-13
   63.5000000       1.30255041E-14
   64.0000000       8.24397093E-15
   64.5000000      -5.68431952E-16
   65.0000000      -7.96141355E-16
   65.5000000       9.67167829E-17
   66.0000000       3.86937157E-17
   66.5000000      -7.38239175E-18
   67.0000000      -1.46499022E-18
   67.5000000       4.35274277E-19
   68.0000000       4.34075951E-20
   68.5000000      -2.30154669E-20
   69.0000000      -4.53678072E-22
   69.5000000       1.08799777E-21
   70.0000000      -6.56206119E-23
   70.5000000      -4.30464262E-23
   71.0000000       6.76715335E-24
   71.5000000       1.22623221E-24
   72.0000000      -4.11701009E-25
   72.5000000      -8.98159741E-27
   73.0000000       1.81110200E-26
   73.5000000      -1.65758704E-27
   74.0000000      -5.43123655E-28
   74.5000000       1.31194613E-28
   75.0000000       5.40990562E-30
   75.5000000      -5.81700658E-30
   76.0000000       5.42374269E-31
   76.5000000       1.50883681E-31
   77.0000000      -4.09507378E-32
   77.5000000       4.40369571E-36
   78.0000000       1.51806647E-33
   78.5000000      -2.18157953E-34
   79.0000000      -2.33008006E-35
   79.5000000       1.13198198E-35
   80.0000000      -8.79023540E-37
   80.5000000      -2.65257750E-37
   81.0000000       7.20828659E-38
   81.5000000      -2.16763076E-39
   82.0000000      -2.13465821E-39
   82.5000000       4.19815007E-40
   83.0000000       3.42337215E-42
   83.5000000      -1.46603845E-41
   84.0000000       2.34717493E-42
   84.5000000       8.82818033E-44
   85.0000000      -8.96831017E-44
   85.5000000       1.40129846E-44
   86.0000000       1.40129846E-45
   86.5000000       0.00000000    
   87.0000000       0.00000000    
   87.5000000       0.00000000    
   88.0000000       0.00000000    
   88.5000000       0.00000000    
   89.0000000       0.00000000    
   89.5000000       0.00000000    
   90.0000000       0.00000000    
   90.5000000       0.00000000    
   91.0000000       0.00000000    
   91.5000000       0.00000000    
   92.0000000       0.00000000    
   92.5000000       0.00000000    
   93.0000000       0.00000000    
   93.5000000       0.00000000    
   94.0000000       0.00000000    
   94.5000000       0.00000000    
   95.0000000       0.00000000    
   95.5000000       0.00000000    
   96.0000000       0.00000000    
   96.5000000       0.00000000    
   97.0000000       0.00000000    
   97.5000000       0.00000000    
   98.0000000       0.00000000    
   98.5000000       0.00000000    
   99.0000000       0.00000000    
   99.5000000       0.00000000    
   100.000000       0.00000000    
