 -0.250000000       2.57109559E-06
  0.250000000       2.57109559E-06
  0.750000000      -1.11178515E-05
   1.25000000       1.00646803E-05
   1.75000000      -8.02297291E-06
   2.25000000      -3.57726549E-06
   2.75000000       1.08918930E-05
   3.25000000      -1.74721936E-05
   3.75000000       8.14516534E-06
   4.25000000       9.29355883E-06
   4.75000000      -3.89572706E-05
   5.25000000       5.75392150E-05
   5.75000000      -5.92621145E-05
   6.25000000       2.75706007E-05
   6.75000000       1.24540593E-05
   7.25000000      -3.59727019E-05
   7.75000000       1.81709800E-06
   8.25000000       6.54395481E-05
   8.75000000      -9.95329319E-05
   9.25000000       3.77373435E-05
   9.75000000       1.37726136E-04
   10.2500000       1.26951374E-04
   10.7500000       5.01554692E-04
   11.2500000       2.21295236E-03
   11.7500000       5.34480345E-03
   12.2500000       9.61650815E-03
   12.7500000       1.47109879E-02
   13.2500000       2.03320719E-02
   13.7500000       2.65049227E-02
   14.2500000       3.29479612E-02
   14.7500000       3.98093499E-02
   15.2500000       4.68273386E-02
   15.7500000       5.41075431E-02
   16.2500000       6.15450069E-02
   16.7500000       6.90577775E-02
   17.2500000       7.67755881E-02
   17.7500000       8.44167545E-02
   18.2500000       9.22491476E-02
   18.7500000       9.99725759E-02
   19.2500000      0.107742272    
   19.7500000      0.115494646    
   20.2500000      0.123064674    
   20.7500000      0.130715758    
   21.2500000      0.138016313    
   21.7500000      0.145347655    
   22.2500000      0.152317479    
   22.7500000      0.159074903    
   23.2500000      0.165573105    
   23.7500000      0.171463728    
   24.2500000      0.177275270    
   24.7500000      0.181821898    
   25.2500000      0.186533362    
   25.7500000      0.189482376    
   26.2500000      0.190866336    
   26.7500000      0.193836212    
   27.2500000      0.186960295    
   27.7500000      0.184932292    
   28.2500000      0.180103645    
   28.7500000      0.117852978    
   29.2500000       4.63858247E-02
   29.7500000       1.38938492E-02
   30.2500000       3.63712572E-03
   30.7500000       5.72754536E-04
   31.2500000      -6.54755568E-05
   31.7500000      -5.99360901E-05
   32.2500000      -9.38586891E-06
   32.7500000       2.23473876E-06
   33.2500000       9.07811000E-07
   33.7500000      -3.79770313E-08
   34.2500000      -5.44754855E-08
   34.7500000      -4.76154616E-10
   35.2500000       2.81974422E-09
   35.7500000       2.99981706E-11
   36.2500000      -1.35716133E-10
   36.7500000       2.99309362E-12
   37.2500000       5.92691434E-12
   37.7500000      -4.83986711E-13
   38.2500000      -2.14379133E-13
   38.7500000       3.73913038E-14
   39.2500000       5.08592124E-15
   39.7500000      -1.96215733E-15
   40.2500000       2.13461170E-17
   40.7500000       7.00907455E-17
   41.2500000      -9.42120833E-18
   41.7500000      -1.26201705E-18
   42.2500000       4.98789703E-19
   42.7500000      -2.74192699E-20
   43.2500000      -1.26945430E-20
   43.7500000       2.82274334E-21
   44.2500000      -2.85099506E-23
   44.7500000      -8.54110052E-23
   45.2500000       1.48957449E-23
   45.7500000       1.44696516E-25
   46.2500000      -4.79037609E-25
   46.7500000       7.92189528E-26
   47.2500000       1.54960323E-28
   47.7500000      -2.35026104E-27
   48.2500000       4.26359819E-28
   48.7500000      -1.20340138E-29
   49.2500000      -9.79291291E-30
   49.7500000       2.20563478E-30
   50.2500000      -1.54911841E-31
   50.7500000      -3.01586653E-32
   51.2500000       1.01504841E-32
   51.7500000      -1.21295056E-33
   52.2500000      -2.59594956E-35
   52.7500000       3.72220745E-35
   53.2500000      -6.93744423E-36
   53.7500000       4.67246718E-37
   54.2500000       8.09398064E-38
   54.7500000      -2.88255670E-38
   55.2500000       4.02914647E-39
   55.7500000      -1.32341430E-40
   56.2500000      -7.18978216E-41
   56.7500000       1.86919202E-41
   57.2500000      -2.27290611E-42
   57.7500000       3.92363570E-44
   58.2500000       4.76441478E-44
   58.7500000      -1.12103877E-44
   59.2500000       0.00000000    
   59.7500000       0.00000000    
   60.2500000       0.00000000    
   60.7500000       0.00000000    
   61.2500000       0.00000000    
   61.7500000       0.00000000    
   62.2500000       0.00000000    
   62.7500000       0.00000000    
   63.2500000       0.00000000    
   63.7500000       0.00000000    
   64.2500000       0.00000000    
   64.7500000       0.00000000    
   65.2500000       0.00000000    
   65.7500000       0.00000000    
   66.2500000       0.00000000    
   66.7500000       0.00000000    
   67.2500000       0.00000000    
   67.7500000       0.00000000    
   68.2500000       0.00000000    
   68.7500000       0.00000000    
   69.2500000       0.00000000    
   69.7500000       0.00000000    
   70.2500000       0.00000000    
   70.7500000       0.00000000    
   71.2500000       0.00000000    
   71.7500000       0.00000000    
   72.2500000       0.00000000    
   72.7500000       0.00000000    
   73.2500000       0.00000000    
   73.7500000       0.00000000    
   74.2500000       0.00000000    
   74.7500000       0.00000000    
   75.2500000       0.00000000    
   75.7500000       0.00000000    
   76.2500000       0.00000000    
   76.7500000       0.00000000    
   77.2500000       0.00000000    
   77.7500000       0.00000000    
   78.2500000       0.00000000    
   78.7500000       0.00000000    
   79.2500000       0.00000000    
   79.7500000       0.00000000    
   80.2500000       0.00000000    
   80.7500000       0.00000000    
   81.2500000       0.00000000    
   81.7500000       0.00000000    
   82.2500000       0.00000000    
   82.7500000       0.00000000    
   83.2500000       0.00000000    
   83.7500000       0.00000000    
   84.2500000       0.00000000    
   84.7500000       0.00000000    
   85.2500000       0.00000000    
   85.7500000       0.00000000    
   86.2500000       0.00000000    
   86.7500000       0.00000000    
   87.2500000       0.00000000    
   87.7500000       0.00000000    
   88.2500000       0.00000000    
   88.7500000       0.00000000    
   89.2500000       0.00000000    
   89.7500000       0.00000000    
   90.2500000       0.00000000    
   90.7500000       0.00000000    
   91.2500000       0.00000000    
   91.7500000       0.00000000    
   92.2500000       0.00000000    
   92.7500000       0.00000000    
   93.2500000       0.00000000    
   93.7500000       0.00000000    
   94.2500000       0.00000000    
   94.7500000       0.00000000    
   95.2500000       0.00000000    
   95.7500000       0.00000000    
   96.2500000       0.00000000    
   96.7500000       0.00000000    
   97.2500000       0.00000000    
   97.7500000       0.00000000    
   98.2500000       0.00000000    
   98.7500000       0.00000000    
   99.2500000       0.00000000    
   99.7500000       0.00000000    
   100.250000       0.00000000    
