   0.00000000       0.00000000    
  0.500000000       2.21201790E-05
   1.00000000      -4.00408971E-05
   1.50000000       5.01518989E-05
   2.00000000      -4.90646562E-05
   2.50000000       3.75400268E-05
   3.00000000      -1.68186907E-05
   3.50000000      -4.02976457E-06
   4.00000000       1.74353809E-05
   4.50000000      -1.22709898E-05
   5.00000000      -1.04869396E-05
   5.50000000       4.38442985E-05
   6.00000000      -6.28308626E-05
   6.50000000       5.08877529E-05
   7.00000000      -2.36956112E-06
   7.50000000      -4.44975449E-05
   8.00000000       4.29856664E-05
   8.50000000       3.29273025E-05
   9.00000000      -1.07220192E-04
   9.50000000       9.52535775E-05
   10.0000000       1.35630326E-04
   10.5000000       1.35312381E-04
   11.0000000       7.27988314E-04
   11.5000000       2.84148753E-03
   12.0000000       6.25307765E-03
   12.5000000       1.07725067E-02
   13.0000000       1.59445051E-02
   13.5000000       2.16607712E-02
   14.0000000       2.78191101E-02
   14.5000000       3.42360213E-02
   15.0000000       4.10292186E-02
   15.5000000       4.78984229E-02
   16.0000000       5.50626442E-02
   16.5000000       6.22502565E-02
   17.0000000       6.95748478E-02
   17.5000000       7.69857243E-02
   18.0000000       8.43297616E-02
   18.5000000       9.18372422E-02
   19.0000000       9.91424695E-02
   19.5000000      0.106570169    
   20.0000000      0.113821156    
   20.5000000      0.120989598    
   21.0000000      0.128125727    
   21.5000000      0.134920225    
   22.0000000      0.141773269    
   22.5000000      0.148133904    
   23.0000000      0.154453635    
   23.5000000      0.160290390    
   24.0000000      0.165754914    
   24.5000000      0.170963451    
   25.0000000      0.174952313    
   25.5000000      0.179474443    
   26.0000000      0.181320742    
   26.5000000      0.183225214    
   27.0000000      0.185380638    
   27.5000000      0.176746905    
   28.0000000      0.179348171    
   28.5000000      0.168027714    
   29.0000000       9.71036851E-02
   29.5000000       3.38094458E-02
   30.0000000       9.59600881E-03
   30.5000000       2.31148396E-03
   31.0000000       2.28929828E-04
   31.5000000      -9.84277285E-05
   32.0000000      -4.33721762E-05
   32.5000000      -2.60544039E-06
   33.0000000       2.43823388E-06
   33.5000000       4.83814006E-07
   34.0000000      -1.00170880E-07
   34.5000000      -3.41818236E-08
   35.0000000       4.12913526E-09
   35.5000000       1.85087101E-09
   36.0000000      -2.13796841E-10
   36.5000000      -8.46241410E-11
   37.0000000       1.30813138E-11
   37.5000000       3.13420774E-12
   38.0000000      -7.69557161E-13
   38.5000000      -7.45641884E-14
   39.0000000       3.79998021E-14
   39.5000000      -6.28871565E-16
   40.0000000      -1.41710952E-15
   40.5000000       1.82170264E-16
   41.0000000       3.10869264E-17
   41.5000000      -1.05456512E-17
   42.0000000       2.82458863E-19
   42.5000000       3.30111497E-19
   43.0000000      -5.69777192E-20
   43.5000000      -2.68675735E-21
   44.0000000       2.29994560E-21
   44.5000000      -2.74372639E-22
   45.0000000      -2.94962697E-23
   45.5000000       1.35511000E-23
   46.0000000      -1.37230716E-24
   46.5000000      -1.79394563E-25
   47.0000000       7.30977990E-26
   47.5000000      -7.70811090E-27
   48.0000000      -7.56944972E-28
   48.5000000       3.64364399E-28
   49.0000000      -4.63485694E-29
   49.5000000      -1.59360998E-30
   50.0000000       1.61122415E-30
   50.5000000      -2.68321491E-31
   51.0000000       8.22024081E-33
   51.5000000       5.69425186E-33
   52.0000000      -1.36184216E-33
   52.5000000       1.22632461E-34
   53.0000000       1.11335982E-35
   53.5000000      -5.50973911E-36
   54.0000000       8.50417501E-37
   54.5000000      -3.50168231E-38
   55.0000000      -1.44296579E-38
   55.5000000       3.93968477E-39
   56.0000000      -4.74314307E-40
   56.5000000       2.96374625E-42
   57.0000000       1.11347176E-41
   57.5000000      -2.48310088E-42
   58.0000000       2.67648007E-43
   58.5000000       2.80259693E-45
   59.0000000      -8.40779079E-45
   59.5000000       0.00000000    
   60.0000000       0.00000000    
   60.5000000       0.00000000    
   61.0000000       0.00000000    
   61.5000000       0.00000000    
   62.0000000       0.00000000    
   62.5000000       0.00000000    
   63.0000000       0.00000000    
   63.5000000       0.00000000    
   64.0000000       0.00000000    
   64.5000000       0.00000000    
   65.0000000       0.00000000    
   65.5000000       0.00000000    
   66.0000000       0.00000000    
   66.5000000       0.00000000    
   67.0000000       0.00000000    
   67.5000000       0.00000000    
   68.0000000       0.00000000    
   68.5000000       0.00000000    
   69.0000000       0.00000000    
   69.5000000       0.00000000    
   70.0000000       0.00000000    
   70.5000000       0.00000000    
   71.0000000       0.00000000    
   71.5000000       0.00000000    
   72.0000000       0.00000000    
   72.5000000       0.00000000    
   73.0000000       0.00000000    
   73.5000000       0.00000000    
   74.0000000       0.00000000    
   74.5000000       0.00000000    
   75.0000000       0.00000000    
   75.5000000       0.00000000    
   76.0000000       0.00000000    
   76.5000000       0.00000000    
   77.0000000       0.00000000    
   77.5000000       0.00000000    
   78.0000000       0.00000000    
   78.5000000       0.00000000    
   79.0000000       0.00000000    
   79.5000000       0.00000000    
   80.0000000       0.00000000    
   80.5000000       0.00000000    
   81.0000000       0.00000000    
   81.5000000       0.00000000    
   82.0000000       0.00000000    
   82.5000000       0.00000000    
   83.0000000       0.00000000    
   83.5000000       0.00000000    
   84.0000000       0.00000000    
   84.5000000       0.00000000    
   85.0000000       0.00000000    
   85.5000000       0.00000000    
   86.0000000       0.00000000    
   86.5000000       0.00000000    
   87.0000000       0.00000000    
   87.5000000       0.00000000    
   88.0000000       0.00000000    
   88.5000000       0.00000000    
   89.0000000       0.00000000    
   89.5000000       0.00000000    
   90.0000000       0.00000000    
   90.5000000       0.00000000    
   91.0000000       0.00000000    
   91.5000000       0.00000000    
   92.0000000       0.00000000    
   92.5000000       0.00000000    
   93.0000000       0.00000000    
   93.5000000       0.00000000    
   94.0000000       0.00000000    
   94.5000000       0.00000000    
   95.0000000       0.00000000    
   95.5000000       0.00000000    
   96.0000000       0.00000000    
   96.5000000       0.00000000    
   97.0000000       0.00000000    
   97.5000000       0.00000000    
   98.0000000       0.00000000    
   98.5000000       0.00000000    
   99.0000000       0.00000000    
   99.5000000       0.00000000    
   100.000000       0.00000000    
