    0.250000E-01    0.102041E-03   -0.204083E-02    0.102052E-03
    0.750000E-01    0.000000E+00    0.000000E+00    0.000000E+00
    0.125000E+00    0.000000E+00    0.000000E+00    0.000000E+00
    0.175000E+00    0.000000E+00    0.000000E+00    0.000000E+00
    0.225000E+00    0.000000E+00    0.000000E+00    0.000000E+00
    0.275000E+00    0.000000E+00    0.000000E+00    0.000000E+00
    0.325000E+00    0.000000E+00    0.000000E+00    0.000000E+00
    0.375000E+00    0.000000E+00    0.000000E+00    0.000000E+00
    0.425000E+00    0.000000E+00    0.000000E+00    0.000000E+00
    0.475000E+00    0.000000E+00    0.000000E+00    0.000000E+00
    0.525000E+00    0.000000E+00    0.000000E+00    0.000000E+00
    0.575000E+00    0.000000E+00    0.000000E+00    0.000000E+00
    0.625000E+00    0.000000E+00    0.000000E+00    0.000000E+00
    0.675000E+00    0.000000E+00    0.000000E+00    0.000000E+00
    0.725000E+00    0.000000E+00    0.000000E+00    0.000000E+00
    0.775000E+00    0.000000E+00    0.000000E+00    0.000000E+00
    0.825000E+00    0.000000E+00    0.000000E+00    0.000000E+00
    0.875000E+00    0.000000E+00    0.000000E+00    0.000000E+00
    0.925000E+00    0.000000E+00    0.000000E+00    0.000000E+00
    0.975000E+00    0.000000E+00    0.000000E+00    0.000000E+00
    0.102500E+01    0.000000E+00    0.000000E+00    0.000000E+00
    0.107500E+01    0.000000E+00    0.000000E+00    0.000000E+00
    0.112500E+01    0.000000E+00    0.000000E+00    0.000000E+00
    0.117500E+01    0.000000E+00    0.000000E+00    0.000000E+00
    0.122500E+01    0.000000E+00    0.000000E+00    0.000000E+00
    0.127500E+01    0.000000E+00    0.000000E+00    0.000000E+00
    0.132500E+01    0.000000E+00    0.000000E+00    0.000000E+00
    0.137500E+01    0.000000E+00    0.000000E+00    0.000000E+00
    0.142500E+01    0.000000E+00    0.000000E+00    0.000000E+00
    0.147500E+01    0.000000E+00    0.000000E+00    0.000000E+00
    0.152500E+01    0.000000E+00    0.000000E+00    0.000000E+00
    0.157500E+01    0.000000E+00    0.000000E+00    0.000000E+00
    0.162500E+01    0.000000E+00    0.000000E+00    0.000000E+00
    0.167500E+01    0.000000E+00    0.000000E+00    0.000000E+00
    0.172500E+01    0.000000E+00    0.000000E+00    0.000000E+00
    0.177500E+01    0.000000E+00    0.000000E+00    0.000000E+00
    0.182500E+01    0.000000E+00    0.000000E+00    0.000000E+00
    0.187500E+01    0.000000E+00    0.000000E+00    0.000000E+00
    0.192500E+01    0.000000E+00    0.000000E+00    0.000000E+00
    0.197500E+01    0.000000E+00    0.000000E+00    0.000000E+00
    0.202500E+01    0.000000E+00    0.000000E+00    0.000000E+00
    0.207500E+01    0.000000E+00    0.000000E+00    0.000000E+00
    0.212500E+01    0.000000E+00    0.000000E+00    0.000000E+00
    0.217500E+01    0.000000E+00    0.000000E+00    0.000000E+00
    0.222500E+01    0.000000E+00    0.000000E+00    0.000000E+00
    0.227500E+01    0.000000E+00    0.000000E+00    0.000000E+00
    0.232500E+01    0.000000E+00    0.000000E+00    0.000000E+00
    0.237500E+01    0.000000E+00    0.000000E+00    0.000000E+00
    0.242500E+01    0.000000E+00    0.000000E+00    0.000000E+00
    0.247500E+01    0.000000E+00    0.000000E+00    0.000000E+00
    0.252500E+01    0.000000E+00    0.000000E+00    0.000000E+00
    0.257500E+01    0.000000E+00    0.000000E+00    0.000000E+00
    0.262500E+01    0.000000E+00    0.000000E+00    0.000000E+00
    0.267500E+01    0.000000E+00    0.000000E+00    0.000000E+00
    0.272500E+01    0.000000E+00    0.000000E+00    0.000000E+00
    0.277500E+01    0.000000E+00    0.000000E+00    0.000000E+00
    0.282500E+01    0.000000E+00    0.000000E+00    0.000000E+00
    0.287500E+01    0.000000E+00    0.000000E+00    0.000000E+00
    0.292500E+01    0.000000E+00    0.000000E+00    0.000000E+00
    0.297500E+01    0.000000E+00    0.000000E+00    0.000000E+00
    0.302500E+01    0.000000E+00    0.000000E+00    0.000000E+00
    0.307500E+01    0.000000E+00    0.000000E+00    0.000000E+00
    0.312500E+01    0.000000E+00    0.000000E+00    0.000000E+00
    0.317500E+01    0.000000E+00    0.000000E+00    0.000000E+00
    0.322500E+01    0.000000E+00    0.000000E+00    0.000000E+00
    0.327500E+01    0.000000E+00    0.000000E+00    0.000000E+00
    0.332500E+01    0.000000E+00    0.000000E+00    0.000000E+00
    0.337500E+01    0.000000E+00    0.000000E+00    0.000000E+00
    0.342500E+01    0.000000E+00    0.000000E+00    0.000000E+00
    0.347500E+01    0.000000E+00    0.000000E+00    0.000000E+00
    0.352500E+01    0.000000E+00    0.000000E+00    0.000000E+00
    0.357500E+01    0.000000E+00    0.000000E+00    0.000000E+00
    0.362500E+01    0.000000E+00    0.000000E+00    0.000000E+00
    0.367500E+01    0.000000E+00    0.000000E+00    0.000000E+00
    0.372500E+01    0.000000E+00    0.000000E+00    0.000000E+00
    0.377500E+01    0.000000E+00    0.000000E+00    0.000000E+00
    0.382500E+01    0.000000E+00    0.000000E+00    0.000000E+00
    0.387500E+01    0.000000E+00    0.000000E+00    0.000000E+00
    0.392500E+01    0.000000E+00    0.000000E+00    0.000000E+00
    0.397500E+01    0.000000E+00    0.000000E+00    0.000000E+00
    0.402500E+01    0.000000E+00    0.000000E+00    0.000000E+00
    0.407500E+01    0.000000E+00    0.000000E+00    0.000000E+00
    0.412500E+01    0.000000E+00    0.000000E+00    0.000000E+00
    0.417500E+01    0.000000E+00    0.000000E+00    0.000000E+00
    0.422500E+01    0.000000E+00    0.000000E+00    0.000000E+00
    0.427500E+01    0.000000E+00    0.000000E+00    0.000000E+00
    0.432500E+01    0.000000E+00    0.000000E+00    0.000000E+00
    0.437500E+01    0.000000E+00    0.000000E+00    0.000000E+00
    0.442500E+01    0.000000E+00    0.000000E+00    0.000000E+00
    0.447500E+01    0.000000E+00    0.000000E+00    0.000000E+00
    0.452500E+01    0.000000E+00    0.000000E+00    0.000000E+00
    0.457500E+01    0.000000E+00    0.000000E+00    0.000000E+00
    0.462500E+01    0.000000E+00    0.000000E+00    0.000000E+00
    0.467500E+01    0.000000E+00    0.000000E+00    0.000000E+00
    0.472500E+01    0.000000E+00    0.000000E+00    0.000000E+00
    0.477500E+01    0.000000E+00    0.000000E+00    0.000000E+00
    0.482500E+01    0.000000E+00    0.000000E+00    0.000000E+00
    0.487500E+01    0.000000E+00    0.000000E+00    0.000000E+00
    0.492500E+01    0.000000E+00    0.000000E+00    0.000000E+00
    0.497500E+01    0.000000E+00    0.000000E+00    0.000000E+00
    0.502500E+01    0.000000E+00    0.000000E+00    0.000000E+00
    0.507500E+01    0.000000E+00    0.000000E+00    0.000000E+00
    0.512500E+01    0.000000E+00    0.000000E+00    0.000000E+00
    0.517500E+01    0.000000E+00    0.000000E+00    0.000000E+00
    0.522500E+01    0.000000E+00    0.000000E+00    0.000000E+00
    0.527500E+01    0.000000E+00    0.000000E+00    0.000000E+00
    0.532500E+01    0.000000E+00    0.000000E+00    0.000000E+00
    0.537500E+01    0.000000E+00    0.000000E+00    0.000000E+00
    0.542500E+01    0.000000E+00    0.000000E+00    0.000000E+00
    0.547500E+01    0.000000E+00    0.000000E+00    0.000000E+00
    0.552500E+01    0.000000E+00    0.000000E+00    0.000000E+00
    0.557500E+01    0.000000E+00    0.000000E+00    0.000000E+00
    0.562500E+01    0.000000E+00    0.000000E+00    0.000000E+00
    0.567500E+01    0.000000E+00    0.000000E+00    0.000000E+00
    0.572500E+01    0.000000E+00    0.000000E+00    0.000000E+00
    0.577500E+01    0.000000E+00    0.000000E+00    0.000000E+00
    0.582500E+01    0.000000E+00    0.000000E+00    0.000000E+00
    0.587500E+01    0.000000E+00    0.000000E+00    0.000000E+00
    0.592500E+01    0.000000E+00    0.000000E+00    0.000000E+00
    0.597500E+01    0.000000E+00    0.000000E+00    0.000000E+00
    0.602500E+01    0.000000E+00    0.000000E+00    0.000000E+00
    0.607501E+01    0.000000E+00    0.000000E+00    0.000000E+00
    0.612501E+01    0.000000E+00    0.000000E+00    0.000000E+00
    0.617501E+01    0.000000E+00    0.000000E+00    0.000000E+00
    0.622501E+01    0.000000E+00    0.000000E+00    0.000000E+00
    0.627501E+01    0.000000E+00    0.000000E+00    0.000000E+00
    0.632501E+01    0.000000E+00    0.000000E+00    0.000000E+00
    0.637501E+01    0.000000E+00    0.000000E+00    0.000000E+00
    0.642501E+01    0.000000E+00    0.000000E+00    0.000000E+00
    0.647501E+01    0.000000E+00    0.000000E+00    0.000000E+00
    0.652501E+01    0.000000E+00    0.000000E+00    0.000000E+00
    0.657501E+01    0.000000E+00    0.000000E+00    0.000000E+00
    0.662501E+01    0.000000E+00    0.000000E+00    0.000000E+00
    0.667501E+01    0.000000E+00    0.000000E+00    0.000000E+00
    0.672501E+01    0.000000E+00    0.000000E+00    0.000000E+00
    0.677501E+01    0.000000E+00    0.000000E+00    0.000000E+00
    0.682501E+01    0.000000E+00    0.000000E+00    0.000000E+00
    0.687501E+01    0.000000E+00    0.000000E+00    0.000000E+00
    0.692501E+01    0.000000E+00    0.000000E+00    0.000000E+00
    0.697501E+01    0.000000E+00    0.000000E+00    0.000000E+00
    0.702501E+01    0.000000E+00    0.000000E+00    0.000000E+00
    0.707501E+01    0.000000E+00    0.000000E+00    0.000000E+00
    0.712501E+01    0.000000E+00    0.000000E+00    0.000000E+00
    0.717501E+01    0.000000E+00    0.000000E+00    0.000000E+00
    0.722501E+01    0.000000E+00    0.000000E+00    0.000000E+00
    0.727501E+01    0.000000E+00    0.000000E+00    0.000000E+00
    0.732501E+01    0.000000E+00    0.000000E+00    0.000000E+00
    0.737501E+01    0.000000E+00    0.000000E+00    0.000000E+00
    0.742501E+01    0.000000E+00    0.000000E+00    0.000000E+00
    0.747501E+01    0.000000E+00    0.000000E+00    0.000000E+00
    0.752501E+01    0.000000E+00    0.000000E+00    0.000000E+00
    0.757501E+01    0.000000E+00    0.000000E+00    0.000000E+00
    0.762501E+01    0.000000E+00    0.000000E+00    0.000000E+00
    0.767501E+01    0.000000E+00    0.000000E+00    0.000000E+00
    0.772501E+01    0.000000E+00    0.000000E+00    0.000000E+00
    0.777501E+01    0.000000E+00    0.000000E+00    0.000000E+00
    0.782501E+01    0.000000E+00    0.000000E+00    0.000000E+00
    0.787501E+01    0.000000E+00    0.000000E+00    0.000000E+00
    0.792501E+01    0.000000E+00    0.000000E+00    0.000000E+00
    0.797501E+01    0.000000E+00    0.000000E+00    0.000000E+00
    0.802501E+01    0.000000E+00    0.000000E+00    0.000000E+00
    0.807501E+01    0.000000E+00    0.000000E+00    0.000000E+00
    0.812501E+01    0.000000E+00    0.000000E+00    0.000000E+00
    0.817501E+01    0.000000E+00    0.000000E+00    0.000000E+00
    0.822501E+01    0.000000E+00    0.000000E+00    0.000000E+00
    0.827501E+01    0.000000E+00    0.000000E+00    0.000000E+00
    0.832501E+01    0.000000E+00    0.000000E+00    0.000000E+00
    0.837501E+01    0.000000E+00    0.000000E+00    0.000000E+00
    0.842501E+01    0.000000E+00    0.000000E+00    0.000000E+00
    0.847501E+01    0.000000E+00    0.000000E+00    0.000000E+00
    0.852501E+01    0.000000E+00    0.000000E+00    0.000000E+00
    0.857501E+01    0.000000E+00    0.000000E+00    0.000000E+00
    0.862501E+01    0.000000E+00    0.000000E+00    0.000000E+00
    0.867501E+01    0.000000E+00    0.000000E+00    0.000000E+00
    0.872501E+01    0.000000E+00    0.000000E+00    0.000000E+00
    0.877501E+01    0.000000E+00    0.000000E+00    0.000000E+00
    0.882502E+01    0.000000E+00    0.000000E+00    0.000000E+00
    0.887502E+01    0.000000E+00    0.000000E+00    0.000000E+00
    0.892502E+01    0.000000E+00    0.000000E+00    0.000000E+00
    0.897502E+01    0.000000E+00    0.000000E+00    0.000000E+00
    0.902502E+01    0.000000E+00    0.000000E+00    0.000000E+00
    0.907502E+01    0.000000E+00    0.000000E+00    0.000000E+00
    0.912502E+01    0.000000E+00    0.000000E+00    0.000000E+00
    0.917502E+01    0.000000E+00    0.000000E+00    0.000000E+00
    0.922502E+01    0.000000E+00    0.000000E+00    0.000000E+00
    0.927502E+01    0.000000E+00    0.000000E+00    0.000000E+00
    0.932502E+01    0.000000E+00    0.000000E+00    0.000000E+00
    0.937502E+01    0.000000E+00    0.000000E+00    0.000000E+00
    0.942502E+01    0.000000E+00    0.000000E+00    0.000000E+00
    0.947502E+01    0.000000E+00    0.000000E+00    0.000000E+00
    0.952502E+01    0.000000E+00    0.000000E+00    0.000000E+00
    0.957502E+01    0.000000E+00    0.000000E+00    0.000000E+00
    0.962502E+01    0.000000E+00    0.000000E+00    0.000000E+00
    0.967502E+01    0.000000E+00    0.000000E+00    0.000000E+00
    0.972502E+01    0.000000E+00    0.000000E+00    0.000000E+00
    0.977502E+01    0.000000E+00    0.000000E+00    0.000000E+00
    0.982502E+01    0.000000E+00    0.000000E+00    0.000000E+00
    0.987502E+01    0.000000E+00    0.000000E+00    0.000000E+00
    0.992502E+01    0.000000E+00    0.000000E+00    0.000000E+00
    0.997502E+01    0.000000E+00    0.000000E+00    0.000000E+00
    0.100250E+02    0.000000E+00    0.000000E+00    0.000000E+00
    0.100750E+02    0.000000E+00    0.000000E+00    0.000000E+00
    0.101250E+02    0.000000E+00    0.000000E+00    0.000000E+00
    0.101750E+02    0.000000E+00    0.000000E+00    0.000000E+00
    0.102250E+02    0.000000E+00    0.000000E+00    0.000000E+00
    0.102750E+02    0.000000E+00    0.000000E+00    0.000000E+00
    0.103250E+02    0.000000E+00    0.000000E+00    0.000000E+00
    0.103750E+02    0.000000E+00    0.000000E+00    0.000000E+00
    0.104250E+02    0.000000E+00    0.000000E+00    0.000000E+00
    0.104750E+02    0.000000E+00    0.000000E+00    0.000000E+00
    0.105250E+02    0.000000E+00    0.000000E+00    0.000000E+00
    0.105750E+02    0.000000E+00    0.000000E+00    0.000000E+00
    0.106250E+02    0.000000E+00    0.000000E+00    0.000000E+00
    0.106750E+02    0.000000E+00    0.000000E+00    0.000000E+00
    0.107250E+02    0.000000E+00    0.000000E+00    0.000000E+00
    0.107750E+02    0.000000E+00    0.000000E+00    0.000000E+00
    0.108250E+02    0.000000E+00    0.000000E+00    0.000000E+00
    0.108750E+02    0.000000E+00    0.000000E+00    0.000000E+00
    0.109250E+02    0.000000E+00    0.000000E+00    0.000000E+00
    0.109750E+02    0.000000E+00    0.000000E+00    0.000000E+00
    0.110250E+02    0.000000E+00    0.000000E+00    0.000000E+00
    0.110750E+02    0.000000E+00    0.000000E+00    0.000000E+00
    0.111250E+02    0.000000E+00    0.000000E+00    0.000000E+00
    0.111750E+02    0.000000E+00    0.000000E+00    0.000000E+00
    0.112250E+02    0.000000E+00    0.000000E+00    0.000000E+00
    0.112750E+02    0.000000E+00    0.000000E+00    0.000000E+00
    0.113250E+02    0.000000E+00    0.000000E+00    0.000000E+00
    0.113750E+02    0.000000E+00    0.000000E+00    0.000000E+00
    0.114250E+02    0.000000E+00    0.000000E+00    0.000000E+00
    0.114750E+02    0.000000E+00    0.000000E+00    0.000000E+00
    0.115250E+02    0.000000E+00    0.000000E+00    0.000000E+00
    0.115750E+02    0.000000E+00    0.000000E+00    0.000000E+00
    0.116250E+02    0.000000E+00    0.000000E+00    0.000000E+00
    0.116750E+02    0.000000E+00    0.000000E+00    0.000000E+00
    0.117250E+02    0.000000E+00    0.000000E+00    0.000000E+00
    0.117750E+02    0.000000E+00    0.000000E+00    0.000000E+00
    0.118250E+02    0.000000E+00    0.000000E+00    0.000000E+00
    0.118750E+02    0.000000E+00    0.000000E+00    0.000000E+00
    0.119250E+02    0.000000E+00    0.000000E+00    0.000000E+00
    0.119750E+02    0.000000E+00    0.000000E+00    0.000000E+00
    0.120250E+02    0.000000E+00    0.000000E+00    0.000000E+00
    0.120750E+02    0.000000E+00    0.000000E+00    0.000000E+00
    0.121250E+02    0.000000E+00    0.000000E+00    0.000000E+00
    0.121750E+02    0.000000E+00    0.000000E+00    0.000000E+00
    0.122250E+02    0.000000E+00    0.000000E+00    0.000000E+00
    0.122750E+02    0.000000E+00    0.000000E+00    0.000000E+00
    0.123250E+02    0.000000E+00    0.000000E+00    0.000000E+00
    0.123750E+02    0.000000E+00    0.000000E+00    0.000000E+00
    0.124250E+02    0.000000E+00    0.000000E+00    0.000000E+00
    0.124750E+02    0.000000E+00    0.000000E+00    0.000000E+00
    0.125250E+02    0.000000E+00    0.000000E+00    0.000000E+00
    0.125750E+02    0.000000E+00    0.000000E+00    0.000000E+00
    0.126250E+02    0.000000E+00    0.000000E+00    0.000000E+00
    0.126750E+02    0.000000E+00    0.000000E+00    0.000000E+00
    0.127250E+02    0.000000E+00    0.000000E+00    0.000000E+00
    0.127750E+02    0.000000E+00    0.000000E+00    0.000000E+00
    0.128250E+02    0.000000E+00    0.000000E+00    0.000000E+00
    0.128750E+02    0.000000E+00    0.000000E+00    0.000000E+00
    0.129250E+02    0.000000E+00    0.000000E+00    0.000000E+00
    0.129750E+02    0.000000E+00    0.000000E+00    0.000000E+00
    0.130250E+02    0.000000E+00    0.000000E+00    0.000000E+00
    0.130750E+02    0.000000E+00    0.000000E+00    0.000000E+00
    0.131250E+02    0.000000E+00    0.000000E+00    0.000000E+00
    0.131750E+02    0.000000E+00    0.000000E+00    0.000000E+00
    0.132250E+02    0.000000E+00    0.000000E+00    0.000000E+00
    0.132750E+02    0.000000E+00    0.000000E+00    0.000000E+00
    0.133250E+02    0.000000E+00    0.000000E+00    0.000000E+00
    0.133750E+02    0.000000E+00    0.000000E+00    0.000000E+00
    0.134250E+02    0.000000E+00    0.000000E+00    0.000000E+00
    0.134750E+02    0.000000E+00    0.000000E+00    0.000000E+00
    0.135250E+02    0.000000E+00    0.000000E+00    0.000000E+00
    0.135750E+02    0.000000E+00    0.000000E+00    0.000000E+00
    0.136250E+02    0.000000E+00    0.000000E+00    0.000000E+00
    0.136750E+02    0.000000E+00    0.000000E+00    0.000000E+00
    0.137250E+02    0.000000E+00    0.000000E+00    0.000000E+00
    0.137750E+02    0.000000E+00    0.000000E+00    0.000000E+00
    0.138250E+02    0.000000E+00    0.000000E+00    0.000000E+00
    0.138750E+02    0.000000E+00    0.000000E+00    0.000000E+00
    0.139250E+02    0.000000E+00    0.000000E+00    0.000000E+00
    0.139750E+02    0.000000E+00    0.000000E+00    0.000000E+00
    0.140250E+02    0.000000E+00    0.000000E+00    0.000000E+00
    0.140750E+02    0.000000E+00    0.000000E+00    0.000000E+00
    0.141250E+02    0.000000E+00    0.000000E+00    0.000000E+00
    0.141750E+02    0.000000E+00    0.000000E+00    0.000000E+00
    0.142250E+02    0.000000E+00    0.000000E+00    0.000000E+00
    0.142750E+02    0.000000E+00    0.000000E+00    0.000000E+00
    0.143250E+02    0.000000E+00    0.000000E+00    0.000000E+00
    0.143750E+02    0.000000E+00    0.000000E+00    0.000000E+00
    0.144250E+02    0.000000E+00    0.000000E+00    0.000000E+00
    0.144750E+02    0.000000E+00    0.000000E+00    0.000000E+00
    0.145250E+02    0.000000E+00    0.000000E+00    0.000000E+00
    0.145750E+02    0.000000E+00    0.000000E+00    0.000000E+00
    0.146250E+02    0.000000E+00    0.000000E+00    0.000000E+00
    0.146750E+02    0.000000E+00    0.000000E+00    0.000000E+00
    0.147250E+02    0.000000E+00    0.000000E+00    0.000000E+00
    0.147750E+02    0.000000E+00    0.000000E+00    0.000000E+00
    0.148250E+02    0.000000E+00    0.000000E+00    0.000000E+00
    0.148750E+02    0.000000E+00    0.000000E+00    0.000000E+00
    0.149250E+02    0.000000E+00    0.000000E+00    0.000000E+00
    0.149750E+02    0.000000E+00    0.000000E+00    0.000000E+00
    0.150250E+02    0.000000E+00    0.000000E+00    0.000000E+00
    0.150750E+02    0.000000E+00    0.000000E+00    0.000000E+00
    0.151250E+02    0.000000E+00    0.000000E+00    0.000000E+00
    0.151750E+02    0.000000E+00    0.000000E+00    0.000000E+00
    0.152250E+02    0.000000E+00    0.000000E+00    0.000000E+00
    0.152750E+02    0.000000E+00    0.000000E+00    0.000000E+00
    0.153250E+02    0.000000E+00    0.000000E+00    0.000000E+00
    0.153750E+02    0.000000E+00    0.000000E+00    0.000000E+00
    0.154250E+02    0.000000E+00    0.000000E+00    0.000000E+00
    0.154750E+02    0.000000E+00    0.000000E+00    0.000000E+00
    0.155250E+02    0.000000E+00    0.000000E+00    0.000000E+00
    0.155750E+02    0.000000E+00    0.000000E+00    0.000000E+00
    0.156250E+02    0.000000E+00    0.000000E+00    0.000000E+00
    0.156750E+02    0.000000E+00    0.000000E+00    0.000000E+00
    0.157250E+02    0.000000E+00    0.000000E+00    0.000000E+00
    0.157750E+02    0.000000E+00    0.000000E+00    0.000000E+00
    0.158250E+02    0.000000E+00    0.000000E+00    0.000000E+00
    0.158750E+02    0.000000E+00    0.000000E+00    0.000000E+00
    0.159250E+02    0.000000E+00    0.000000E+00    0.000000E+00
    0.159750E+02    0.000000E+00    0.000000E+00    0.000000E+00
    0.160250E+02    0.000000E+00    0.000000E+00    0.000000E+00
    0.160750E+02    0.000000E+00    0.000000E+00    0.000000E+00
    0.161250E+02    0.000000E+00    0.000000E+00    0.000000E+00
    0.161750E+02    0.000000E+00    0.000000E+00    0.000000E+00
    0.162250E+02    0.000000E+00    0.000000E+00    0.000000E+00
    0.162750E+02    0.000000E+00    0.000000E+00    0.000000E+00
    0.163250E+02    0.000000E+00    0.000000E+00    0.000000E+00
    0.163750E+02    0.000000E+00    0.000000E+00    0.000000E+00
    0.164250E+02    0.000000E+00    0.000000E+00    0.000000E+00
    0.164750E+02    0.000000E+00    0.000000E+00    0.000000E+00
    0.165250E+02    0.000000E+00    0.000000E+00    0.000000E+00
    0.165750E+02    0.000000E+00    0.000000E+00    0.000000E+00
    0.166250E+02    0.000000E+00    0.000000E+00    0.000000E+00
    0.166750E+02    0.000000E+00    0.000000E+00    0.000000E+00
    0.167250E+02    0.000000E+00    0.000000E+00    0.000000E+00
    0.167750E+02    0.000000E+00    0.000000E+00    0.000000E+00
    0.168250E+02    0.000000E+00    0.000000E+00    0.000000E+00
    0.168750E+02    0.000000E+00    0.000000E+00    0.000000E+00
    0.169250E+02    0.000000E+00    0.000000E+00    0.000000E+00
    0.169750E+02    0.000000E+00    0.000000E+00    0.000000E+00
    0.170250E+02    0.000000E+00    0.000000E+00    0.000000E+00
    0.170750E+02    0.000000E+00    0.000000E+00    0.000000E+00
    0.171250E+02    0.000000E+00    0.000000E+00    0.000000E+00
    0.171750E+02    0.000000E+00    0.000000E+00    0.000000E+00
    0.172250E+02    0.000000E+00    0.000000E+00    0.000000E+00
    0.172750E+02    0.000000E+00    0.000000E+00    0.000000E+00
    0.173250E+02    0.000000E+00    0.000000E+00    0.000000E+00
    0.173750E+02    0.000000E+00    0.000000E+00    0.000000E+00
    0.174250E+02    0.000000E+00    0.000000E+00    0.000000E+00
    0.174750E+02    0.000000E+00    0.000000E+00    0.000000E+00
    0.175250E+02    0.000000E+00    0.000000E+00    0.000000E+00
    0.175750E+02    0.000000E+00    0.000000E+00    0.000000E+00
    0.176250E+02    0.000000E+00    0.000000E+00    0.000000E+00
    0.176750E+02    0.000000E+00    0.000000E+00    0.000000E+00
    0.177250E+02    0.000000E+00    0.000000E+00    0.000000E+00
    0.177750E+02    0.000000E+00    0.000000E+00    0.000000E+00
    0.178250E+02    0.000000E+00    0.000000E+00    0.000000E+00
    0.178750E+02    0.000000E+00    0.000000E+00    0.000000E+00
    0.179250E+02    0.000000E+00    0.000000E+00    0.000000E+00
    0.179750E+02    0.000000E+00    0.000000E+00    0.000000E+00
    0.180250E+02    0.000000E+00    0.000000E+00    0.000000E+00
    0.180750E+02    0.000000E+00    0.000000E+00    0.000000E+00
    0.181250E+02    0.000000E+00    0.000000E+00    0.000000E+00
    0.181750E+02    0.000000E+00    0.000000E+00    0.000000E+00
    0.182250E+02    0.000000E+00    0.000000E+00    0.000000E+00
    0.182750E+02    0.000000E+00    0.000000E+00    0.000000E+00
    0.183250E+02    0.000000E+00    0.000000E+00    0.000000E+00
    0.183750E+02    0.000000E+00    0.000000E+00    0.000000E+00
    0.184250E+02    0.000000E+00    0.000000E+00    0.000000E+00
    0.184750E+02    0.000000E+00    0.000000E+00    0.000000E+00
    0.185250E+02    0.000000E+00    0.000000E+00    0.000000E+00
    0.185750E+02    0.000000E+00    0.000000E+00    0.000000E+00
    0.186250E+02    0.000000E+00    0.000000E+00    0.000000E+00
    0.186750E+02    0.000000E+00    0.000000E+00    0.000000E+00
    0.187250E+02    0.000000E+00    0.000000E+00    0.000000E+00
    0.187750E+02    0.000000E+00    0.000000E+00    0.000000E+00
    0.188250E+02    0.000000E+00    0.000000E+00    0.000000E+00
    0.188750E+02    0.000000E+00    0.000000E+00    0.000000E+00
    0.189250E+02    0.000000E+00    0.000000E+00    0.000000E+00
    0.189750E+02    0.000000E+00    0.000000E+00    0.000000E+00
    0.190250E+02    0.000000E+00    0.000000E+00    0.000000E+00
    0.190750E+02    0.000000E+00    0.000000E+00    0.000000E+00
    0.191250E+02    0.000000E+00    0.000000E+00    0.000000E+00
    0.191750E+02    0.000000E+00    0.000000E+00    0.000000E+00
    0.192250E+02    0.000000E+00    0.000000E+00    0.000000E+00
    0.192750E+02    0.000000E+00    0.000000E+00    0.000000E+00
    0.193250E+02    0.000000E+00    0.000000E+00    0.000000E+00
    0.193750E+02    0.000000E+00    0.000000E+00    0.000000E+00
    0.194250E+02    0.000000E+00    0.000000E+00    0.000000E+00
    0.194750E+02    0.000000E+00    0.000000E+00    0.000000E+00
    0.195250E+02    0.000000E+00    0.000000E+00    0.000000E+00
    0.195750E+02    0.000000E+00    0.000000E+00    0.000000E+00
    0.196250E+02    0.000000E+00    0.000000E+00    0.000000E+00
    0.196750E+02    0.000000E+00    0.000000E+00    0.000000E+00
    0.197250E+02    0.000000E+00    0.000000E+00    0.000000E+00
    0.197750E+02    0.000000E+00    0.000000E+00    0.000000E+00
    0.198250E+02    0.000000E+00    0.000000E+00    0.000000E+00
    0.198750E+02    0.000000E+00    0.000000E+00    0.000000E+00
    0.199250E+02    0.000000E+00    0.000000E+00    0.000000E+00
    0.199750E+02    0.000000E+00    0.000000E+00    0.000000E+00
    0.200250E+02    0.000000E+00    0.000000E+00    0.000000E+00
    0.200750E+02    0.000000E+00    0.000000E+00    0.000000E+00
    0.201250E+02    0.000000E+00    0.000000E+00    0.000000E+00
    0.201750E+02    0.000000E+00    0.000000E+00    0.000000E+00
    0.202250E+02    0.000000E+00    0.000000E+00    0.000000E+00
    0.202750E+02    0.000000E+00    0.000000E+00    0.000000E+00
    0.203250E+02    0.000000E+00    0.000000E+00    0.000000E+00
    0.203750E+02    0.000000E+00    0.000000E+00    0.000000E+00
    0.204250E+02    0.000000E+00    0.000000E+00    0.000000E+00
    0.204750E+02    0.000000E+00    0.000000E+00    0.000000E+00
    0.205250E+02    0.000000E+00    0.000000E+00    0.000000E+00
    0.205750E+02    0.000000E+00    0.000000E+00    0.000000E+00
    0.206250E+02    0.000000E+00    0.000000E+00    0.000000E+00
    0.206750E+02    0.000000E+00    0.000000E+00    0.000000E+00
    0.207250E+02    0.000000E+00    0.000000E+00    0.000000E+00
    0.207750E+02    0.000000E+00    0.000000E+00    0.000000E+00
    0.208250E+02    0.000000E+00    0.000000E+00    0.000000E+00
    0.208750E+02    0.000000E+00    0.000000E+00    0.000000E+00
    0.209250E+02    0.000000E+00    0.000000E+00    0.000000E+00
    0.209750E+02    0.000000E+00    0.000000E+00    0.000000E+00
    0.210250E+02    0.000000E+00    0.000000E+00    0.000000E+00
    0.210750E+02    0.000000E+00    0.000000E+00    0.000000E+00
    0.211250E+02    0.000000E+00    0.000000E+00    0.000000E+00
    0.211750E+02    0.000000E+00    0.000000E+00    0.000000E+00
    0.212250E+02    0.000000E+00    0.000000E+00    0.000000E+00
    0.212750E+02    0.000000E+00    0.000000E+00    0.000000E+00
    0.213250E+02    0.000000E+00    0.000000E+00    0.000000E+00
    0.213750E+02    0.000000E+00    0.000000E+00    0.000000E+00
    0.214250E+02    0.000000E+00    0.000000E+00    0.000000E+00
    0.214750E+02    0.000000E+00    0.000000E+00    0.000000E+00
    0.215250E+02    0.000000E+00    0.000000E+00    0.000000E+00
    0.215750E+02    0.000000E+00    0.000000E+00    0.000000E+00
    0.216250E+02    0.000000E+00    0.000000E+00    0.000000E+00
    0.216750E+02    0.000000E+00    0.000000E+00    0.000000E+00
    0.217250E+02    0.000000E+00    0.000000E+00    0.000000E+00
    0.217750E+02    0.000000E+00    0.000000E+00    0.000000E+00
    0.218250E+02    0.000000E+00    0.000000E+00    0.000000E+00
    0.218750E+02    0.000000E+00    0.000000E+00    0.000000E+00
    0.219250E+02    0.000000E+00    0.000000E+00    0.000000E+00
    0.219750E+02    0.000000E+00    0.000000E+00    0.000000E+00
    0.220250E+02    0.000000E+00    0.000000E+00    0.000000E+00
    0.220749E+02    0.000000E+00    0.000000E+00    0.000000E+00
    0.221249E+02    0.000000E+00    0.000000E+00    0.000000E+00
    0.221749E+02    0.000000E+00    0.000000E+00    0.000000E+00
    0.222249E+02    0.000000E+00    0.000000E+00    0.000000E+00
    0.222749E+02    0.000000E+00    0.000000E+00    0.000000E+00
    0.223249E+02    0.000000E+00    0.000000E+00    0.000000E+00
    0.223749E+02    0.000000E+00    0.000000E+00    0.000000E+00
    0.224249E+02    0.000000E+00    0.000000E+00    0.000000E+00
    0.224749E+02    0.000000E+00    0.000000E+00    0.000000E+00
    0.225249E+02    0.000000E+00    0.000000E+00    0.000000E+00
    0.225749E+02    0.000000E+00    0.000000E+00    0.000000E+00
    0.226249E+02    0.000000E+00    0.000000E+00    0.000000E+00
    0.226749E+02    0.000000E+00    0.000000E+00    0.000000E+00
    0.227249E+02    0.000000E+00    0.000000E+00    0.000000E+00
    0.227749E+02    0.000000E+00    0.000000E+00    0.000000E+00
    0.228249E+02    0.000000E+00    0.000000E+00    0.000000E+00
    0.228749E+02    0.000000E+00    0.000000E+00    0.000000E+00
    0.229249E+02    0.000000E+00    0.000000E+00    0.000000E+00
    0.229749E+02    0.000000E+00    0.000000E+00    0.000000E+00
    0.230249E+02    0.000000E+00    0.000000E+00    0.000000E+00
    0.230749E+02    0.000000E+00    0.000000E+00    0.000000E+00
    0.231249E+02    0.000000E+00    0.000000E+00    0.000000E+00
    0.231749E+02    0.000000E+00    0.000000E+00    0.000000E+00
    0.232249E+02    0.000000E+00    0.000000E+00    0.000000E+00
    0.232749E+02    0.000000E+00    0.000000E+00    0.000000E+00
    0.233249E+02    0.000000E+00    0.000000E+00    0.000000E+00
    0.233749E+02    0.000000E+00    0.000000E+00    0.000000E+00
    0.234249E+02    0.000000E+00    0.000000E+00    0.000000E+00
    0.234749E+02    0.000000E+00    0.000000E+00    0.000000E+00
    0.235249E+02    0.000000E+00    0.000000E+00    0.000000E+00
    0.235749E+02    0.000000E+00    0.000000E+00    0.000000E+00
    0.236249E+02    0.000000E+00    0.000000E+00    0.000000E+00
    0.236749E+02    0.000000E+00    0.000000E+00    0.000000E+00
    0.237249E+02    0.000000E+00    0.000000E+00    0.000000E+00
    0.237749E+02    0.000000E+00    0.000000E+00    0.000000E+00
    0.238249E+02    0.000000E+00    0.000000E+00    0.000000E+00
    0.238749E+02    0.000000E+00    0.000000E+00    0.000000E+00
    0.239249E+02    0.000000E+00    0.000000E+00    0.000000E+00
    0.239749E+02    0.000000E+00    0.000000E+00    0.000000E+00
    0.240249E+02    0.000000E+00    0.000000E+00    0.000000E+00
    0.240749E+02    0.000000E+00    0.000000E+00    0.000000E+00
    0.241249E+02    0.000000E+00    0.000000E+00    0.000000E+00
    0.241749E+02    0.000000E+00    0.000000E+00    0.000000E+00
    0.242249E+02    0.000000E+00    0.000000E+00    0.000000E+00
    0.242749E+02    0.000000E+00    0.000000E+00    0.000000E+00
    0.243249E+02    0.000000E+00    0.000000E+00    0.000000E+00
    0.243749E+02    0.000000E+00    0.000000E+00    0.000000E+00
    0.244249E+02    0.000000E+00    0.000000E+00    0.000000E+00
    0.244749E+02    0.000000E+00    0.000000E+00    0.000000E+00
    0.245249E+02    0.000000E+00    0.000000E+00    0.000000E+00
    0.245749E+02    0.000000E+00    0.000000E+00    0.000000E+00
    0.246249E+02    0.000000E+00    0.000000E+00    0.000000E+00
    0.246749E+02    0.000000E+00    0.000000E+00    0.000000E+00
    0.247249E+02    0.000000E+00    0.000000E+00    0.000000E+00
    0.247749E+02    0.000000E+00    0.000000E+00    0.000000E+00
    0.248249E+02    0.000000E+00    0.000000E+00    0.000000E+00
    0.248749E+02    0.000000E+00    0.000000E+00    0.000000E+00
    0.249249E+02    0.000000E+00    0.000000E+00    0.000000E+00
    0.249749E+02    0.000000E+00    0.000000E+00    0.000000E+00
    0.250249E+02    0.000000E+00    0.000000E+00    0.000000E+00
    0.250749E+02    0.000000E+00    0.000000E+00    0.000000E+00
    0.251249E+02    0.000000E+00    0.000000E+00    0.000000E+00
    0.251749E+02    0.000000E+00    0.000000E+00    0.000000E+00
    0.252249E+02    0.000000E+00    0.000000E+00    0.000000E+00
    0.252749E+02    0.000000E+00    0.000000E+00    0.000000E+00
    0.253249E+02    0.000000E+00    0.000000E+00    0.000000E+00
    0.253749E+02    0.000000E+00    0.000000E+00    0.000000E+00
    0.254249E+02    0.000000E+00    0.000000E+00    0.000000E+00
    0.254749E+02    0.000000E+00    0.000000E+00    0.000000E+00
    0.255249E+02    0.000000E+00    0.000000E+00    0.000000E+00
    0.255749E+02    0.000000E+00    0.000000E+00    0.000000E+00
    0.256249E+02    0.000000E+00    0.000000E+00    0.000000E+00
    0.256749E+02    0.000000E+00    0.000000E+00    0.000000E+00
    0.257249E+02    0.000000E+00    0.000000E+00    0.000000E+00
    0.257749E+02    0.000000E+00    0.000000E+00    0.000000E+00
    0.258249E+02    0.000000E+00    0.000000E+00    0.000000E+00
    0.258749E+02    0.000000E+00    0.000000E+00    0.000000E+00
    0.259249E+02    0.000000E+00    0.000000E+00    0.000000E+00
    0.259749E+02    0.000000E+00    0.000000E+00    0.000000E+00
    0.260249E+02    0.000000E+00    0.000000E+00    0.000000E+00
    0.260749E+02    0.000000E+00    0.000000E+00    0.000000E+00
    0.261249E+02    0.000000E+00    0.000000E+00    0.000000E+00
    0.261749E+02    0.000000E+00    0.000000E+00    0.000000E+00
    0.262249E+02    0.000000E+00    0.000000E+00    0.000000E+00
    0.262749E+02    0.000000E+00    0.000000E+00    0.000000E+00
    0.263249E+02    0.000000E+00    0.000000E+00    0.000000E+00
    0.263749E+02    0.000000E+00    0.000000E+00    0.000000E+00
    0.264249E+02    0.000000E+00    0.000000E+00    0.000000E+00
    0.264749E+02    0.000000E+00    0.000000E+00    0.000000E+00
    0.265249E+02    0.000000E+00    0.000000E+00    0.000000E+00
    0.265749E+02    0.000000E+00    0.000000E+00    0.000000E+00
    0.266249E+02    0.000000E+00    0.000000E+00    0.000000E+00
    0.266749E+02    0.000000E+00    0.000000E+00    0.000000E+00
    0.267249E+02    0.000000E+00    0.000000E+00    0.000000E+00
    0.267749E+02    0.000000E+00    0.000000E+00    0.000000E+00
    0.268249E+02    0.000000E+00    0.000000E+00    0.000000E+00
    0.268749E+02    0.000000E+00    0.000000E+00    0.000000E+00
    0.269249E+02    0.000000E+00    0.000000E+00    0.000000E+00
    0.269749E+02    0.000000E+00    0.000000E+00    0.000000E+00
    0.270249E+02    0.000000E+00    0.000000E+00    0.000000E+00
    0.270749E+02    0.000000E+00    0.000000E+00    0.000000E+00
    0.271249E+02    0.000000E+00    0.000000E+00    0.000000E+00
    0.271749E+02    0.000000E+00    0.000000E+00    0.000000E+00
    0.272249E+02    0.000000E+00    0.000000E+00    0.000000E+00
    0.272749E+02    0.000000E+00    0.000000E+00    0.000000E+00
    0.273249E+02    0.000000E+00    0.000000E+00    0.000000E+00
    0.273749E+02    0.000000E+00    0.000000E+00    0.000000E+00
    0.274249E+02    0.000000E+00    0.000000E+00    0.000000E+00
    0.274749E+02    0.000000E+00    0.000000E+00    0.000000E+00
    0.275249E+02    0.000000E+00    0.000000E+00    0.000000E+00
    0.275749E+02    0.000000E+00    0.000000E+00    0.000000E+00
    0.276249E+02    0.000000E+00    0.000000E+00    0.000000E+00
    0.276749E+02    0.000000E+00    0.000000E+00    0.000000E+00
    0.277249E+02    0.000000E+00    0.000000E+00    0.000000E+00
    0.277749E+02    0.000000E+00    0.000000E+00    0.000000E+00
    0.278249E+02    0.000000E+00    0.000000E+00    0.000000E+00
    0.278749E+02    0.000000E+00    0.000000E+00    0.000000E+00
    0.279249E+02    0.000000E+00    0.000000E+00    0.000000E+00
    0.279749E+02    0.000000E+00    0.000000E+00    0.000000E+00
    0.280249E+02    0.000000E+00    0.000000E+00    0.000000E+00
    0.280749E+02    0.000000E+00    0.000000E+00    0.000000E+00
    0.281249E+02    0.000000E+00    0.000000E+00    0.000000E+00
    0.281749E+02    0.000000E+00    0.000000E+00    0.000000E+00
    0.282249E+02    0.000000E+00    0.000000E+00    0.000000E+00
    0.282749E+02    0.000000E+00    0.000000E+00    0.000000E+00
    0.283249E+02    0.000000E+00    0.000000E+00    0.000000E+00
    0.283749E+02    0.000000E+00    0.000000E+00    0.000000E+00
    0.284249E+02    0.000000E+00    0.000000E+00    0.000000E+00
    0.284749E+02    0.000000E+00    0.000000E+00    0.000000E+00
    0.285249E+02    0.000000E+00    0.000000E+00    0.000000E+00
    0.285749E+02    0.000000E+00    0.000000E+00    0.000000E+00
    0.286248E+02    0.000000E+00    0.000000E+00    0.000000E+00
    0.286748E+02    0.000000E+00    0.000000E+00    0.000000E+00
    0.287248E+02    0.000000E+00    0.000000E+00    0.000000E+00
    0.287748E+02    0.000000E+00    0.000000E+00    0.000000E+00
    0.288248E+02    0.000000E+00    0.000000E+00    0.000000E+00
    0.288748E+02    0.000000E+00    0.000000E+00    0.000000E+00
    0.289248E+02    0.000000E+00    0.000000E+00    0.000000E+00
    0.289748E+02    0.000000E+00    0.000000E+00    0.000000E+00
    0.290248E+02    0.000000E+00    0.000000E+00    0.000000E+00
    0.290748E+02    0.000000E+00    0.000000E+00    0.000000E+00
    0.291248E+02    0.000000E+00    0.000000E+00    0.000000E+00
    0.291748E+02    0.000000E+00    0.000000E+00    0.000000E+00
    0.292248E+02    0.000000E+00    0.000000E+00    0.000000E+00
    0.292748E+02    0.000000E+00    0.000000E+00    0.000000E+00
    0.293248E+02    0.000000E+00    0.000000E+00    0.000000E+00
    0.293748E+02    0.000000E+00    0.000000E+00    0.000000E+00
    0.294248E+02    0.000000E+00    0.000000E+00    0.000000E+00
    0.294748E+02    0.000000E+00    0.000000E+00    0.000000E+00
    0.295248E+02    0.000000E+00    0.000000E+00    0.000000E+00
    0.295748E+02    0.000000E+00    0.000000E+00    0.000000E+00
    0.296248E+02    0.000000E+00    0.000000E+00    0.000000E+00
    0.296748E+02    0.000000E+00    0.000000E+00    0.000000E+00
    0.297248E+02    0.000000E+00    0.000000E+00    0.000000E+00
    0.297748E+02    0.000000E+00    0.000000E+00    0.000000E+00
    0.298248E+02    0.000000E+00    0.000000E+00    0.000000E+00
    0.298748E+02    0.000000E+00    0.000000E+00    0.000000E+00
    0.299248E+02    0.000000E+00    0.000000E+00    0.000000E+00
    0.299748E+02    0.000000E+00    0.000000E+00    0.000000E+00
    0.300248E+02    0.000000E+00    0.000000E+00    0.000000E+00
    0.300748E+02    0.000000E+00    0.000000E+00    0.000000E+00
    0.301248E+02    0.000000E+00    0.000000E+00    0.000000E+00
    0.301748E+02    0.000000E+00    0.000000E+00    0.000000E+00
    0.302248E+02    0.000000E+00    0.000000E+00    0.000000E+00
    0.302748E+02    0.000000E+00    0.000000E+00    0.000000E+00
    0.303248E+02    0.000000E+00    0.000000E+00    0.000000E+00
    0.303748E+02    0.000000E+00    0.000000E+00    0.000000E+00
    0.304248E+02    0.000000E+00    0.000000E+00    0.000000E+00
    0.304748E+02    0.000000E+00    0.000000E+00    0.000000E+00
    0.305248E+02    0.000000E+00    0.000000E+00    0.000000E+00
    0.305748E+02    0.000000E+00    0.000000E+00    0.000000E+00
    0.306248E+02    0.000000E+00    0.000000E+00    0.000000E+00
    0.306748E+02    0.000000E+00    0.000000E+00    0.000000E+00
    0.307248E+02    0.000000E+00    0.000000E+00    0.000000E+00
    0.307748E+02    0.000000E+00    0.000000E+00    0.000000E+00
    0.308248E+02    0.000000E+00    0.000000E+00    0.000000E+00
    0.308748E+02    0.000000E+00    0.000000E+00    0.000000E+00
    0.309248E+02    0.000000E+00    0.000000E+00    0.000000E+00
    0.309748E+02    0.000000E+00    0.000000E+00    0.000000E+00
    0.310248E+02    0.000000E+00    0.000000E+00    0.000000E+00
    0.310748E+02    0.000000E+00    0.000000E+00    0.000000E+00
    0.311248E+02    0.000000E+00    0.000000E+00    0.000000E+00
    0.311748E+02    0.000000E+00    0.000000E+00    0.000000E+00
    0.312248E+02    0.000000E+00    0.000000E+00    0.000000E+00
    0.312748E+02    0.000000E+00    0.000000E+00    0.000000E+00
    0.313248E+02    0.000000E+00    0.000000E+00    0.000000E+00
    0.313748E+02    0.000000E+00    0.000000E+00    0.000000E+00
    0.314248E+02    0.000000E+00    0.000000E+00    0.000000E+00
    0.314748E+02    0.000000E+00    0.000000E+00    0.000000E+00
    0.315248E+02    0.000000E+00    0.000000E+00    0.000000E+00
    0.315748E+02    0.000000E+00    0.000000E+00    0.000000E+00
    0.316248E+02    0.000000E+00    0.000000E+00    0.000000E+00
    0.316748E+02    0.000000E+00    0.000000E+00    0.000000E+00
    0.317248E+02    0.000000E+00    0.000000E+00    0.000000E+00
    0.317748E+02    0.000000E+00    0.000000E+00    0.000000E+00
    0.318248E+02    0.000000E+00    0.000000E+00    0.000000E+00
    0.318748E+02    0.000000E+00    0.000000E+00    0.000000E+00
    0.319248E+02    0.000000E+00    0.000000E+00    0.000000E+00
    0.319748E+02    0.000000E+00    0.000000E+00    0.000000E+00
    0.320248E+02    0.000000E+00    0.000000E+00    0.000000E+00
    0.320748E+02    0.000000E+00    0.000000E+00    0.000000E+00
    0.321248E+02    0.000000E+00    0.000000E+00    0.000000E+00
    0.321748E+02    0.000000E+00    0.000000E+00    0.000000E+00
    0.322248E+02    0.000000E+00    0.000000E+00    0.000000E+00
    0.322748E+02    0.000000E+00    0.000000E+00    0.000000E+00
    0.323248E+02    0.000000E+00    0.000000E+00    0.000000E+00
    0.323748E+02    0.000000E+00    0.000000E+00    0.000000E+00
    0.324248E+02    0.000000E+00    0.000000E+00    0.000000E+00
    0.324748E+02    0.000000E+00    0.000000E+00    0.000000E+00
    0.325248E+02    0.000000E+00    0.000000E+00    0.000000E+00
    0.325748E+02    0.000000E+00    0.000000E+00    0.000000E+00
    0.326248E+02    0.000000E+00    0.000000E+00    0.000000E+00
    0.326748E+02    0.000000E+00    0.000000E+00    0.000000E+00
    0.327248E+02    0.000000E+00    0.000000E+00    0.000000E+00
    0.327748E+02    0.000000E+00    0.000000E+00    0.000000E+00
    0.328248E+02    0.000000E+00    0.000000E+00    0.000000E+00
    0.328748E+02    0.000000E+00    0.000000E+00    0.000000E+00
    0.329248E+02    0.000000E+00    0.000000E+00    0.000000E+00
    0.329748E+02    0.000000E+00    0.000000E+00    0.000000E+00
    0.330248E+02    0.000000E+00    0.000000E+00    0.000000E+00
    0.330748E+02    0.000000E+00    0.000000E+00    0.000000E+00
    0.331248E+02    0.000000E+00    0.000000E+00    0.000000E+00
    0.331748E+02    0.000000E+00    0.000000E+00    0.000000E+00
    0.332248E+02    0.000000E+00    0.000000E+00    0.000000E+00
    0.332748E+02    0.000000E+00    0.000000E+00    0.000000E+00
    0.333248E+02    0.000000E+00    0.000000E+00    0.000000E+00
    0.333748E+02    0.000000E+00    0.000000E+00    0.000000E+00
    0.334248E+02    0.000000E+00    0.000000E+00    0.000000E+00
    0.334748E+02    0.000000E+00    0.000000E+00    0.000000E+00
    0.335248E+02    0.000000E+00    0.000000E+00    0.000000E+00
    0.335748E+02    0.000000E+00    0.000000E+00    0.000000E+00
    0.336248E+02    0.000000E+00    0.000000E+00    0.000000E+00
    0.336748E+02    0.000000E+00    0.000000E+00    0.000000E+00
    0.337248E+02    0.000000E+00    0.000000E+00    0.000000E+00
    0.337748E+02    0.000000E+00    0.000000E+00    0.000000E+00
    0.338248E+02    0.000000E+00    0.000000E+00    0.000000E+00
    0.338748E+02    0.000000E+00    0.000000E+00    0.000000E+00
    0.339248E+02    0.000000E+00    0.000000E+00    0.000000E+00
    0.339748E+02    0.000000E+00    0.000000E+00    0.000000E+00
    0.340248E+02    0.000000E+00    0.000000E+00    0.000000E+00
    0.340748E+02    0.000000E+00    0.000000E+00    0.000000E+00
    0.341248E+02    0.000000E+00    0.000000E+00    0.000000E+00
    0.341748E+02    0.000000E+00    0.000000E+00    0.000000E+00
    0.342248E+02    0.000000E+00    0.000000E+00    0.000000E+00
    0.342748E+02    0.000000E+00    0.000000E+00    0.000000E+00
    0.343248E+02    0.000000E+00    0.000000E+00    0.000000E+00
    0.343748E+02    0.000000E+00    0.000000E+00    0.000000E+00
    0.344248E+02    0.000000E+00    0.000000E+00    0.000000E+00
    0.344748E+02    0.000000E+00    0.000000E+00    0.000000E+00
    0.345248E+02    0.000000E+00    0.000000E+00    0.000000E+00
    0.345748E+02    0.000000E+00    0.000000E+00    0.000000E+00
    0.346248E+02    0.000000E+00    0.000000E+00    0.000000E+00
    0.346748E+02    0.000000E+00    0.000000E+00    0.000000E+00
    0.347248E+02    0.000000E+00    0.000000E+00    0.000000E+00
    0.347748E+02    0.000000E+00    0.000000E+00    0.000000E+00
    0.348248E+02    0.000000E+00    0.000000E+00    0.000000E+00
    0.348748E+02    0.000000E+00    0.000000E+00    0.000000E+00
    0.349248E+02    0.000000E+00    0.000000E+00    0.000000E+00
    0.349748E+02    0.000000E+00    0.000000E+00    0.000000E+00
    0.350248E+02    0.000000E+00    0.000000E+00    0.000000E+00
    0.350748E+02    0.000000E+00    0.000000E+00    0.000000E+00
    0.351248E+02    0.000000E+00    0.000000E+00    0.000000E+00
    0.351748E+02    0.000000E+00    0.000000E+00    0.000000E+00
    0.352248E+02    0.000000E+00    0.000000E+00    0.000000E+00
    0.352747E+02    0.000000E+00    0.000000E+00    0.000000E+00
    0.353247E+02    0.000000E+00    0.000000E+00    0.000000E+00
    0.353747E+02    0.000000E+00    0.000000E+00    0.000000E+00
    0.354247E+02    0.000000E+00    0.000000E+00    0.000000E+00
    0.354747E+02    0.000000E+00    0.000000E+00    0.000000E+00
    0.355247E+02    0.000000E+00    0.000000E+00    0.000000E+00
    0.355747E+02    0.000000E+00    0.000000E+00    0.000000E+00
    0.356247E+02    0.000000E+00    0.000000E+00    0.000000E+00
    0.356747E+02    0.000000E+00    0.000000E+00    0.000000E+00
    0.357247E+02    0.000000E+00    0.000000E+00    0.000000E+00
    0.357747E+02    0.000000E+00    0.000000E+00    0.000000E+00
    0.358247E+02    0.000000E+00    0.000000E+00    0.000000E+00
    0.358747E+02    0.000000E+00    0.000000E+00    0.000000E+00
    0.359247E+02    0.000000E+00    0.000000E+00    0.000000E+00
    0.359747E+02    0.000000E+00    0.000000E+00    0.000000E+00
    0.360247E+02    0.000000E+00    0.000000E+00    0.000000E+00
    0.360747E+02    0.000000E+00    0.000000E+00    0.000000E+00
    0.361247E+02    0.000000E+00    0.000000E+00    0.000000E+00
    0.361747E+02    0.000000E+00    0.000000E+00    0.000000E+00
    0.362247E+02    0.000000E+00    0.000000E+00    0.000000E+00
    0.362747E+02    0.000000E+00    0.000000E+00    0.000000E+00
    0.363247E+02    0.000000E+00    0.000000E+00    0.000000E+00
    0.363747E+02    0.000000E+00    0.000000E+00    0.000000E+00
    0.364247E+02    0.000000E+00    0.000000E+00    0.000000E+00
    0.364747E+02    0.000000E+00    0.000000E+00    0.000000E+00
    0.365247E+02    0.000000E+00    0.000000E+00    0.000000E+00
    0.365747E+02    0.000000E+00    0.000000E+00    0.000000E+00
    0.366247E+02    0.000000E+00    0.000000E+00    0.000000E+00
    0.366747E+02    0.000000E+00    0.000000E+00    0.000000E+00
    0.367247E+02    0.000000E+00    0.000000E+00    0.000000E+00
    0.367747E+02    0.000000E+00    0.000000E+00    0.000000E+00
    0.368247E+02    0.000000E+00    0.000000E+00    0.000000E+00
    0.368747E+02    0.000000E+00    0.000000E+00    0.000000E+00
    0.369247E+02    0.000000E+00    0.000000E+00    0.000000E+00
    0.369747E+02    0.000000E+00    0.000000E+00    0.000000E+00
    0.370247E+02    0.000000E+00    0.000000E+00    0.000000E+00
    0.370747E+02    0.000000E+00    0.000000E+00    0.000000E+00
    0.371247E+02    0.000000E+00    0.000000E+00    0.000000E+00
    0.371747E+02    0.000000E+00    0.000000E+00    0.000000E+00
    0.372247E+02    0.000000E+00    0.000000E+00    0.000000E+00
    0.372747E+02    0.000000E+00    0.000000E+00    0.000000E+00
    0.373247E+02    0.000000E+00    0.000000E+00    0.000000E+00
    0.373747E+02    0.000000E+00    0.000000E+00    0.000000E+00
    0.374247E+02    0.000000E+00    0.000000E+00    0.000000E+00
    0.374747E+02    0.000000E+00    0.000000E+00    0.000000E+00
    0.375247E+02    0.000000E+00    0.000000E+00    0.000000E+00
    0.375747E+02    0.000000E+00    0.000000E+00    0.000000E+00
    0.376247E+02    0.000000E+00    0.000000E+00    0.000000E+00
    0.376747E+02    0.000000E+00    0.000000E+00    0.000000E+00
    0.377247E+02    0.000000E+00    0.000000E+00    0.000000E+00
    0.377747E+02    0.000000E+00    0.000000E+00    0.000000E+00
    0.378247E+02    0.000000E+00    0.000000E+00    0.000000E+00
    0.378747E+02    0.000000E+00    0.000000E+00    0.000000E+00
    0.379247E+02    0.000000E+00    0.000000E+00    0.000000E+00
    0.379747E+02    0.000000E+00    0.000000E+00    0.000000E+00
    0.380247E+02    0.000000E+00    0.000000E+00    0.000000E+00
    0.380747E+02    0.000000E+00    0.000000E+00    0.000000E+00
    0.381247E+02    0.000000E+00    0.000000E+00    0.000000E+00
    0.381747E+02    0.000000E+00    0.000000E+00    0.000000E+00
    0.382247E+02    0.000000E+00    0.000000E+00    0.000000E+00
    0.382747E+02    0.000000E+00    0.000000E+00    0.000000E+00
    0.383247E+02    0.000000E+00    0.000000E+00    0.000000E+00
    0.383747E+02    0.000000E+00    0.000000E+00    0.000000E+00
    0.384247E+02    0.000000E+00    0.000000E+00    0.000000E+00
    0.384747E+02    0.000000E+00    0.000000E+00    0.000000E+00
    0.385247E+02    0.000000E+00    0.000000E+00    0.000000E+00
    0.385747E+02    0.000000E+00    0.000000E+00    0.000000E+00
    0.386247E+02    0.000000E+00    0.000000E+00    0.000000E+00
    0.386747E+02    0.000000E+00    0.000000E+00    0.000000E+00
    0.387247E+02    0.000000E+00    0.000000E+00    0.000000E+00
    0.387747E+02    0.000000E+00    0.000000E+00    0.000000E+00
    0.388247E+02    0.000000E+00    0.000000E+00    0.000000E+00
    0.388747E+02    0.000000E+00    0.000000E+00    0.000000E+00
    0.389247E+02    0.000000E+00    0.000000E+00    0.000000E+00
    0.389747E+02    0.000000E+00    0.000000E+00    0.000000E+00
    0.390247E+02    0.000000E+00    0.000000E+00    0.000000E+00
    0.390747E+02    0.000000E+00    0.000000E+00    0.000000E+00
    0.391247E+02    0.000000E+00    0.000000E+00    0.000000E+00
    0.391747E+02    0.000000E+00    0.000000E+00    0.000000E+00
    0.392247E+02    0.000000E+00    0.000000E+00    0.000000E+00
    0.392747E+02    0.000000E+00    0.000000E+00    0.000000E+00
    0.393247E+02    0.000000E+00    0.000000E+00    0.000000E+00
    0.393747E+02    0.000000E+00    0.000000E+00    0.000000E+00
    0.394247E+02    0.000000E+00    0.000000E+00    0.000000E+00
    0.394747E+02    0.000000E+00    0.000000E+00    0.000000E+00
    0.395247E+02    0.000000E+00    0.000000E+00    0.000000E+00
    0.395747E+02    0.000000E+00    0.000000E+00    0.000000E+00
    0.396247E+02    0.000000E+00    0.000000E+00    0.000000E+00
    0.396747E+02    0.000000E+00    0.000000E+00    0.000000E+00
    0.397247E+02    0.000000E+00    0.000000E+00    0.000000E+00
    0.397747E+02    0.000000E+00    0.000000E+00    0.000000E+00
    0.398247E+02    0.000000E+00    0.000000E+00    0.000000E+00
    0.398747E+02    0.000000E+00    0.000000E+00    0.000000E+00
    0.399247E+02    0.000000E+00    0.000000E+00    0.000000E+00
    0.399747E+02    0.000000E+00    0.000000E+00    0.000000E+00
    0.400247E+02    0.000000E+00    0.000000E+00    0.000000E+00
    0.400747E+02    0.000000E+00    0.000000E+00    0.000000E+00
    0.401247E+02    0.000000E+00    0.000000E+00    0.000000E+00
    0.401747E+02    0.000000E+00    0.000000E+00    0.000000E+00
    0.402247E+02    0.000000E+00    0.000000E+00    0.000000E+00
    0.402747E+02    0.000000E+00    0.000000E+00    0.000000E+00
    0.403247E+02    0.000000E+00    0.000000E+00    0.000000E+00
    0.403747E+02    0.000000E+00    0.000000E+00    0.000000E+00
    0.404247E+02    0.000000E+00    0.000000E+00    0.000000E+00
    0.404747E+02    0.000000E+00    0.000000E+00    0.000000E+00
    0.405247E+02    0.000000E+00    0.000000E+00    0.000000E+00
    0.405747E+02    0.000000E+00    0.000000E+00    0.000000E+00
    0.406247E+02    0.000000E+00    0.000000E+00    0.000000E+00
    0.406747E+02    0.000000E+00    0.000000E+00    0.000000E+00
    0.407247E+02    0.000000E+00    0.000000E+00    0.000000E+00
    0.407747E+02    0.000000E+00    0.000000E+00    0.000000E+00
    0.408247E+02    0.000000E+00    0.000000E+00    0.000000E+00
    0.408747E+02    0.000000E+00    0.000000E+00    0.000000E+00
    0.409247E+02    0.000000E+00    0.000000E+00    0.000000E+00
    0.409747E+02    0.000000E+00    0.000000E+00    0.000000E+00
    0.410247E+02    0.000000E+00    0.000000E+00    0.000000E+00
    0.410747E+02    0.000000E+00    0.000000E+00    0.000000E+00
    0.411247E+02    0.000000E+00    0.000000E+00    0.000000E+00
    0.411747E+02    0.000000E+00    0.000000E+00    0.000000E+00
    0.412247E+02    0.000000E+00    0.000000E+00    0.000000E+00
    0.412747E+02    0.000000E+00    0.000000E+00    0.000000E+00
    0.413247E+02    0.000000E+00    0.000000E+00    0.000000E+00
    0.413747E+02    0.000000E+00    0.000000E+00    0.000000E+00
    0.414247E+02    0.000000E+00    0.000000E+00    0.000000E+00
    0.414747E+02    0.000000E+00    0.000000E+00    0.000000E+00
    0.415247E+02    0.000000E+00    0.000000E+00    0.000000E+00
    0.415747E+02    0.000000E+00    0.000000E+00    0.000000E+00
    0.416247E+02    0.000000E+00    0.000000E+00    0.000000E+00
    0.416747E+02    0.000000E+00    0.000000E+00    0.000000E+00
    0.417247E+02    0.000000E+00    0.000000E+00    0.000000E+00
    0.417747E+02    0.000000E+00    0.000000E+00    0.000000E+00
    0.418246E+02    0.000000E+00    0.000000E+00    0.000000E+00
    0.418746E+02    0.000000E+00    0.000000E+00    0.000000E+00
    0.419246E+02    0.000000E+00    0.000000E+00    0.000000E+00
    0.419746E+02    0.000000E+00    0.000000E+00    0.000000E+00
    0.420246E+02    0.000000E+00    0.000000E+00    0.000000E+00
    0.420746E+02    0.000000E+00    0.000000E+00    0.000000E+00
    0.421246E+02    0.000000E+00    0.000000E+00    0.000000E+00
    0.421746E+02    0.000000E+00    0.000000E+00    0.000000E+00
    0.422246E+02    0.000000E+00    0.000000E+00    0.000000E+00
    0.422746E+02    0.000000E+00    0.000000E+00    0.000000E+00
    0.423246E+02    0.000000E+00    0.000000E+00    0.000000E+00
    0.423746E+02    0.000000E+00    0.000000E+00    0.000000E+00
    0.424246E+02    0.000000E+00    0.000000E+00    0.000000E+00
    0.424746E+02    0.000000E+00    0.000000E+00    0.000000E+00
    0.425246E+02    0.000000E+00    0.000000E+00    0.000000E+00
    0.425746E+02    0.000000E+00    0.000000E+00    0.000000E+00
    0.426246E+02    0.000000E+00    0.000000E+00    0.000000E+00
    0.426746E+02    0.000000E+00    0.000000E+00    0.000000E+00
    0.427246E+02    0.000000E+00    0.000000E+00    0.000000E+00
    0.427746E+02    0.000000E+00    0.000000E+00    0.000000E+00
    0.428246E+02    0.000000E+00    0.000000E+00    0.000000E+00
    0.428746E+02    0.000000E+00    0.000000E+00    0.000000E+00
    0.429246E+02    0.000000E+00    0.000000E+00    0.000000E+00
    0.429746E+02    0.000000E+00    0.000000E+00    0.000000E+00
    0.430246E+02    0.000000E+00    0.000000E+00    0.000000E+00
    0.430746E+02    0.000000E+00    0.000000E+00    0.000000E+00
    0.431246E+02    0.000000E+00    0.000000E+00    0.000000E+00
    0.431746E+02    0.000000E+00    0.000000E+00    0.000000E+00
    0.432246E+02    0.000000E+00    0.000000E+00    0.000000E+00
    0.432746E+02    0.000000E+00    0.000000E+00    0.000000E+00
    0.433246E+02    0.000000E+00    0.000000E+00    0.000000E+00
    0.433746E+02    0.000000E+00    0.000000E+00    0.000000E+00
    0.434246E+02    0.000000E+00    0.000000E+00    0.000000E+00
    0.434746E+02    0.000000E+00    0.000000E+00    0.000000E+00
    0.435246E+02    0.000000E+00    0.000000E+00    0.000000E+00
    0.435746E+02    0.000000E+00    0.000000E+00    0.000000E+00
    0.436246E+02    0.000000E+00    0.000000E+00    0.000000E+00
    0.436746E+02    0.000000E+00    0.000000E+00    0.000000E+00
    0.437246E+02    0.000000E+00    0.000000E+00    0.000000E+00
    0.437746E+02    0.000000E+00    0.000000E+00    0.000000E+00
    0.438246E+02    0.000000E+00    0.000000E+00    0.000000E+00
    0.438746E+02    0.000000E+00    0.000000E+00    0.000000E+00
    0.439246E+02    0.000000E+00    0.000000E+00    0.000000E+00
    0.439746E+02    0.000000E+00    0.000000E+00    0.000000E+00
    0.440246E+02    0.000000E+00    0.000000E+00    0.000000E+00
    0.440746E+02    0.000000E+00    0.000000E+00    0.000000E+00
    0.441246E+02    0.000000E+00    0.000000E+00    0.000000E+00
    0.441746E+02    0.000000E+00    0.000000E+00    0.000000E+00
    0.442246E+02    0.000000E+00    0.000000E+00    0.000000E+00
    0.442746E+02    0.000000E+00    0.000000E+00    0.000000E+00
    0.443246E+02    0.000000E+00    0.000000E+00    0.000000E+00
    0.443746E+02    0.000000E+00    0.000000E+00    0.000000E+00
    0.444246E+02    0.000000E+00    0.000000E+00    0.000000E+00
    0.444746E+02    0.000000E+00    0.000000E+00    0.000000E+00
    0.445246E+02    0.000000E+00    0.000000E+00    0.000000E+00
    0.445746E+02    0.000000E+00    0.000000E+00    0.000000E+00
    0.446246E+02    0.000000E+00    0.000000E+00    0.000000E+00
    0.446746E+02    0.000000E+00    0.000000E+00    0.000000E+00
    0.447246E+02    0.000000E+00    0.000000E+00    0.000000E+00
    0.447746E+02    0.000000E+00    0.000000E+00    0.000000E+00
    0.448246E+02    0.000000E+00    0.000000E+00    0.000000E+00
    0.448746E+02    0.000000E+00    0.000000E+00    0.000000E+00
    0.449246E+02    0.000000E+00    0.000000E+00    0.000000E+00
    0.449746E+02    0.000000E+00    0.000000E+00    0.000000E+00
