  -5.00000007E-02  -1.29015913E-04
   5.00000007E-02  -1.29015913E-04
  0.150000006      -1.28832049E-04
  0.250000000      -1.29024120E-04
  0.349999994      -1.28941640E-04
  0.449999988      -1.28948595E-04
  0.550000012      -1.29117107E-04
  0.649999976      -1.28991684E-04
  0.750000000      -1.28677435E-04
  0.850000024      -1.28704036E-04
  0.949999988      -1.28816871E-04
   1.05000007      -1.28908869E-04
   1.15000010      -1.28926069E-04
   1.25000012      -1.28952903E-04
   1.35000002      -1.28701693E-04
   1.45000005      -1.28824555E-04
   1.55000007      -1.28698826E-04
   1.65000010      -1.28579777E-04
   1.75000012      -1.28767730E-04
   1.85000002      -1.28448926E-04
   1.95000005      -1.28558560E-04
   2.05000019      -1.28413769E-04
   2.15000010      -1.28374668E-04
   2.25000000      -1.28372281E-04
   2.35000014      -1.28420841E-04
   2.45000005      -1.28181317E-04
   2.55000019      -1.28329397E-04
   2.65000010      -1.28086962E-04
   2.75000000      -1.28018844E-04
   2.85000014      -1.27949141E-04
   2.95000005      -1.28004613E-04
   3.05000019      -1.27948762E-04
   3.15000010      -1.27876076E-04
   3.25000000      -1.27867519E-04
   3.35000014      -1.27588137E-04
   3.45000005      -1.27493375E-04
   3.55000019      -1.27446794E-04
   3.65000010      -1.27363746E-04
   3.75000000      -1.27382780E-04
   3.85000014      -1.27176885E-04
   3.95000005      -1.27101564E-04
   4.04999971      -1.27020860E-04
   4.15000010      -1.26939252E-04
   4.25000000      -1.26822895E-04
   4.34999990      -1.26791754E-04
   4.44999981      -1.26647501E-04
   4.54999971      -1.26457482E-04
   4.65000010      -1.26343395E-04
   4.75000000      -1.26339815E-04
   4.84999990      -1.26204352E-04
   4.94999981      -1.26090134E-04
   5.04999971      -1.25753533E-04
   5.15000010      -1.25741324E-04
   5.25000000      -1.25694671E-04
   5.34999990      -1.25508639E-04
   5.44999981      -1.25287159E-04
   5.54999971      -1.25317631E-04
   5.65000010      -1.25165054E-04
   5.75000000      -1.25056220E-04
   5.84999990      -1.24895436E-04
   5.94999981      -1.24789629E-04
   6.04999971      -1.24707658E-04
   6.15000010      -1.24440339E-04
   6.25000000      -1.24234066E-04
   6.34999990      -1.24045357E-04
   6.44999981      -1.24135651E-04
   6.54999971      -1.23668622E-04
   6.65000010      -1.23969352E-04
   6.75000000      -1.23253252E-04
   6.84999990      -1.23219317E-04
   6.94999981      -1.23062186E-04
   7.04999971      -1.22643687E-04
   7.15000010      -1.22681275E-04
   7.25000000      -1.22435828E-04
   7.34999990      -1.22403566E-04
   7.44999981      -1.22105979E-04
   7.54999971      -1.22120691E-04
   7.65000010      -1.21678131E-04
   7.75000000      -1.21473866E-04
   7.84999990      -1.21131052E-04
   7.94999981      -1.21248442E-04
   8.05000019      -1.20876815E-04
   8.14999962      -1.20675126E-04
   8.25000000      -1.20542070E-04
   8.35000038      -1.20239056E-04
   8.44999981      -1.20058445E-04
   8.55000019      -1.19522905E-04
   8.64999962      -1.19687531E-04
   8.75000000      -1.19351644E-04
   8.85000038      -1.19103337E-04
   8.94999981      -1.18792494E-04
   9.05000019      -1.18542121E-04
   9.14999962      -1.18380522E-04
   9.25000000      -1.17985684E-04
   9.35000038      -1.17825635E-04
   9.44999981      -1.17524491E-04
   9.55000019      -1.17600226E-04
   9.64999962      -1.16833115E-04
   9.75000000      -1.16649448E-04
   9.85000038      -1.16675110E-04
   9.94999981      -1.16011637E-04
   10.0500002      -1.15939445E-04
   10.1499996      -1.15516530E-04
   10.2500000      -1.15232571E-04
   10.3500004      -1.15019931E-04
   10.4499998      -1.14550036E-04
   10.5500002      -1.14316936E-04
   10.6499996      -1.14123133E-04
   10.7500000      -1.13674585E-04
   10.8500004      -1.13408947E-04
   10.9499998      -1.13033624E-04
   11.0500002      -1.12711255E-04
   11.1499996      -1.12289839E-04
   11.2500000      -1.11951282E-04
   11.3500004      -1.11498332E-04
   11.4499998      -1.11268921E-04
   11.5500002      -1.11041729E-04
   11.6499996      -1.10571855E-04
   11.7500000      -1.10333218E-04
   11.8500004      -1.09883826E-04
   11.9499998      -1.09455286E-04
   12.0500002      -1.09007029E-04
   12.1499996      -1.08708969E-04
   12.2500000      -1.08287684E-04
   12.3500004      -1.07722648E-04
   12.4499998      -1.07635642E-04
   12.5500002      -1.07017317E-04
   12.6499996      -1.06636529E-04
   12.7500000      -1.06088344E-04
   12.8500004      -1.06021929E-04
   12.9499998      -1.05250416E-04
   13.0500002      -1.04901817E-04
   13.1499996      -1.04529725E-04
   13.2500000      -1.04057799E-04
   13.3500004      -1.03475300E-04
   13.4499998      -1.03073879E-04
   13.5500002      -1.02710976E-04
   13.6499996      -1.02100079E-04
   13.7500000      -1.01944905E-04
   13.8500004      -1.01091064E-04
   13.9499998      -1.00819932E-04
   14.0500002      -1.00324476E-04
   14.1499996      -9.98612522E-05
   14.2500000      -9.90493572E-05
   14.3500004      -9.89695036E-05
   14.4499998      -9.80840850E-05
   14.5500002      -9.76258889E-05
   14.6499996      -9.71790068E-05
   14.7500000      -9.66696389E-05
   14.8500004      -9.62841732E-05
   14.9499998      -9.54234783E-05
   15.0500002      -9.52822011E-05
   15.1499996      -9.41263352E-05
   15.2500000      -9.39415550E-05
   15.3500004      -9.35232529E-05
   15.4499998      -9.25905915E-05
   15.5500002      -9.23809857E-05
   15.6499996      -9.15872297E-05
   15.7500000      -9.12693504E-05
   15.8500004      -9.04398185E-05
   15.9499998      -8.99718507E-05
   16.0500011      -8.94659097E-05
   16.1500015      -8.88417781E-05
   16.2500019      -8.81848682E-05
   16.3500004      -8.74858088E-05
   16.4500008      -8.70553849E-05
   16.5500011      -8.62064917E-05
   16.6500015      -8.54576720E-05
   16.7500019      -8.53031743E-05
   16.8500004      -8.42183799E-05
   16.9500008      -8.43294474E-05
   17.0500011      -8.31890502E-05
   17.1500015      -8.27011900E-05
   17.2500019      -8.20426794E-05
   17.3500004      -8.12838844E-05
   17.4500008      -8.09048724E-05
   17.5500011      -8.00878624E-05
   17.6500015      -7.98213732E-05
   17.7500019      -7.89020560E-05
   17.8500004      -7.80593618E-05
   17.9500008      -7.78552203E-05
   18.0500011      -7.70009065E-05
   18.1500015      -7.64613942E-05
   18.2500019      -7.54731445E-05
   18.3500004      -7.52502310E-05
   18.4500008      -7.44758800E-05
   18.5500011      -7.36387228E-05
   18.6500015      -7.35087669E-05
   18.7500019      -7.22850746E-05
   18.8500004      -7.22880286E-05
   18.9500008      -7.12983820E-05
   19.0500011      -7.08822627E-05
   19.1500015      -7.00265882E-05
   19.2500019      -6.94217233E-05
   19.3500004      -6.91132809E-05
   19.4500008      -6.79966834E-05
   19.5500011      -6.78824072E-05
   19.6500015      -6.70820446E-05
   19.7500019      -6.65007392E-05
   19.8500004      -6.61659287E-05
   19.9500008      -6.54348842E-05
   20.0500011      -6.50092770E-05
   20.1500015      -6.44316242E-05
   20.2500019      -6.39280624E-05
   20.3500004      -6.33500167E-05
   20.4500008      -6.25423781E-05
   20.5500011      -6.22765947E-05
   20.6500015      -6.16264806E-05
   20.7500019      -6.12442091E-05
   20.8500004      -6.05198729E-05
   20.9500008      -6.01100583E-05
   21.0500011      -5.99780360E-05
   21.1500015      -5.90169038E-05
   21.2500019      -5.88929033E-05
   21.3500004      -5.82561079E-05
   21.4500008      -5.78272156E-05
   21.5500011      -5.74282712E-05
   21.6500015      -5.68104333E-05
   21.7500019      -5.68665673E-05
   21.8500004      -5.59040491E-05
   21.9500008      -5.58187130E-05
   22.0500011      -5.54327889E-05
   22.1500015      -5.50295190E-05
   22.2500019      -5.47660602E-05
   22.3500004      -5.41246118E-05
   22.4500008      -5.41227855E-05
   22.5500011      -5.31978258E-05
   22.6500015      -5.32832382E-05
   22.7500019      -5.28218043E-05
   22.8500004      -5.24097304E-05
   22.9500008      -5.23972340E-05
   23.0500011      -5.16842847E-05
   23.1500015      -5.16863329E-05
   23.2500019      -5.12025872E-05
   23.3500004      -5.10020327E-05
   23.4500008      -5.07745863E-05
   23.5500011      -4.99972957E-05
   23.6500015      -5.06014840E-05
   23.7500019      -4.95462009E-05
   23.8500004      -4.96756293E-05
   23.9500008      -4.92807922E-05
   24.0500011      -4.86502977E-05
   24.1500015      -4.93219923E-05
   24.2500019      -4.83803342E-05
   24.3500004      -4.84915508E-05
   24.4500008      -4.81648822E-05
   24.5500011      -4.79155096E-05
   24.6500015      -4.77159811E-05
   24.7500019      -4.72319443E-05
   24.8500004      -4.78299444E-05
   24.9500008      -4.68444086E-05
   25.0500011      -4.70629420E-05
   25.1500015      -4.67617247E-05
   25.2500019      -4.64590194E-05
   25.3500004      -4.65760604E-05
   25.4500008      -4.61865384E-05
   25.5500011      -4.60044357E-05
   25.6500015      -4.58947034E-05
   25.7500019      -4.57075839E-05
   25.8500004      -4.56232228E-05
   25.9500008      -4.52288332E-05
   26.0500011      -4.55345398E-05
   26.1500015      -4.49364379E-05
   26.2500019      -4.50099687E-05
   26.3500004      -4.46475751E-05
   26.4500008      -4.45842998E-05
   26.5500011      -4.45825535E-05
   26.6500015      -4.41851989E-05
   26.7500019      -4.44940342E-05
   26.8500004      -4.39368232E-05
   26.9500008      -4.40127442E-05
   27.0500011      -4.39616524E-05
   27.1500015      -4.34383728E-05
   27.2500019      -4.40681652E-05
   27.3500004      -4.31759800E-05
   27.4500008      -4.35186266E-05
   27.5500011      -4.31608860E-05
   27.6500015      -4.30805339E-05
   27.7500019      -4.28749881E-05
   27.8500004      -4.28017665E-05
   27.9500008      -4.28934873E-05
   28.0500011      -4.25823782E-05
   28.1500015      -4.24987011E-05
   28.2500019      -4.24332829E-05
   28.3500004      -4.23050296E-05
   28.4500008      -4.22342309E-05
   28.5500011      -4.19801727E-05
   28.6500015      -4.21463046E-05
   28.7500019      -4.19171374E-05
   28.8500004      -4.14801434E-05
   28.9500008      -4.16380717E-05
   29.0500011      -4.13411835E-05
   29.1500015      -4.16901748E-05
   29.2500019      -4.12240406E-05
   29.3500004      -4.12819354E-05
   29.4500008      -4.12858171E-05
   29.5500011      -4.06341496E-05
   29.6500015      -4.11383226E-05
   29.7500019      -4.07093830E-05
   29.8500004      -4.07764528E-05
   29.9500008      -4.08229425E-05
   30.0500011      -4.03821250E-05
   30.1500015      -4.07655680E-05
   30.2500019      -4.00905010E-05
   30.3500004      -4.06236686E-05
   30.4500008      -3.98743541E-05
   30.5500011      -4.00766767E-05
   30.6500015      -4.00501885E-05
   30.7500019      -3.96939104E-05
   30.8500004      -3.99953133E-05
   30.9500008      -3.95289244E-05
   31.0500011      -3.96818505E-05
   31.1500015      -3.95417228E-05
   31.2500019      -3.92906404E-05
   31.3500004      -3.95322204E-05
   31.4500008      -3.91417161E-05
   31.5500011      -3.93118462E-05
   31.6500015      -3.89116394E-05
   31.7500019      -3.88015978E-05
   31.8500004      -3.90318091E-05
   31.9500008      -3.85240564E-05
   32.0500031      -3.88938424E-05
   32.1500015      -3.84221130E-05
   32.2500000      -3.86696047E-05
   32.3500023      -3.86019892E-05
   32.4500008      -3.80882266E-05
   32.5500031      -3.86935899E-05
   32.6500015      -3.78638215E-05
   32.7500000      -3.81671707E-05
   32.8500023      -3.82000544E-05
   32.9500008      -3.77168217E-05
   33.0500031      -3.78701152E-05
   33.1500015      -3.73750627E-05
   33.2500000      -3.81205609E-05
   33.3500023      -3.74050906E-05
   33.4500008      -3.74672418E-05
   33.5500031      -3.76493736E-05
   33.6500015      -3.71583301E-05
   33.7500000      -3.75735908E-05
   33.8500023      -3.69260597E-05
   33.9500008      -3.73323455E-05
   34.0500031      -3.70025882E-05
   34.1500015      -3.67621178E-05
   34.2500000      -3.71364476E-05
   34.3500023      -3.63415493E-05
   34.4500008      -3.70247144E-05
   34.5500031      -3.63860527E-05
   34.6500015      -3.65712767E-05
   34.7500000      -3.63738400E-05
   34.8500023      -3.60746708E-05
   34.9500008      -3.65003179E-05
   35.0500031      -3.60524755E-05
   35.1500015      -3.59986880E-05
   35.2500000      -3.59613405E-05
   35.3500023      -3.58048128E-05
   35.4500008      -3.61100174E-05
   35.5500031      -3.56046221E-05
   35.6500015      -3.57870813E-05
   35.7500000      -3.56142446E-05
   35.8500023      -3.53392898E-05
   35.9500008      -3.55946868E-05
   36.0500031      -3.51181261E-05
   36.1500015      -3.55566299E-05
   36.2500000      -3.49707843E-05
   36.3500023      -3.51603485E-05
   36.4500008      -3.51201597E-05
   36.5500031      -3.50317605E-05
   36.6500015      -3.49621187E-05
   36.7500000      -3.46475099E-05
   36.8500023      -3.47645037E-05
   36.9500008      -3.44203836E-05
   37.0500031      -3.46428860E-05
   37.1500015      -3.45114713E-05
   37.2500000      -3.41583291E-05
   37.3500023      -3.44834771E-05
   37.4500008      -3.40942861E-05
   37.5500031      -3.43937354E-05
   37.6500015      -3.42282801E-05
   37.7500000      -3.39972503E-05
   37.8500023      -3.41298728E-05
   37.9500008      -3.34922224E-05
   38.0500031      -3.39978396E-05
   38.1500015      -3.35887453E-05
   38.2500000      -3.35819677E-05
   38.3500023      -3.37651763E-05
   38.4500008      -3.32345953E-05
   38.5500031      -3.36843368E-05
   38.6500015      -3.30997427E-05
   38.7500000      -3.33053722E-05
   38.8500023      -3.33579592E-05
   38.9500008      -3.28435453E-05
   39.0500031      -3.33002135E-05
   39.1500015      -3.27012749E-05
   39.2500000      -3.28157621E-05
   39.3500023      -3.26500958E-05
   39.4500008      -3.26039990E-05
   39.5500031      -3.29021750E-05
   39.6500015      -3.23923232E-05
   39.7500000      -3.26416048E-05
   39.8500023      -3.21831867E-05
   39.9500008      -3.22260494E-05
   40.0500031      -3.24904067E-05
   40.1500015      -3.19337450E-05
   40.2500000      -3.22366250E-05
   40.3500023      -3.17528356E-05
   40.4500008      -3.20606705E-05
   40.5500031      -3.17910963E-05
   40.6500015      -3.17237391E-05
   40.7500000      -3.18948696E-05
   40.8500023      -3.15729922E-05
   40.9500008      -3.17220984E-05
   41.0500031      -3.13338205E-05
   41.1500015      -3.15420693E-05
   41.2500000      -3.15447796E-05
   41.3500023      -3.11801377E-05
   41.4500008      -3.14003119E-05
   41.5500031      -3.09158531E-05
   41.6500015      -3.11481635E-05
   41.7500000      -3.08590388E-05
   41.8500023      -3.08269082E-05
   41.9500008      -3.12311204E-05
   42.0500031      -3.05803333E-05
   42.1500015      -3.09436655E-05
   42.2500000      -3.03943634E-05
   42.3500023      -3.03122015E-05
   42.4500008      -3.06905858E-05
   42.5500031      -3.01876789E-05
   42.6500015      -3.05524954E-05
   42.7500000      -3.02174594E-05
   42.8500023      -3.01220025E-05
   42.9500008      -3.00169668E-05
   43.0500031      -3.00668999E-05
   43.1500015      -3.02079789E-05
   43.2500000      -2.98244140E-05
   43.3500023      -2.98694067E-05
   43.4500008      -2.94378933E-05
   43.5500031      -2.98243467E-05
   43.6500015      -2.95884765E-05
   43.7500000      -2.93551420E-05
   43.8500023      -2.96621256E-05
   43.9500008      -2.89983218E-05
   44.0500031      -2.93409885E-05
   44.1500015      -2.93027988E-05
   44.2500000      -2.91555752E-05
   44.3500023      -2.95337304E-05
   44.4500008      -2.88051324E-05
   44.5500031      -2.90935259E-05
   44.6500015      -2.90386142E-05
   44.7500000      -2.88476767E-05
   44.8500023      -2.88850533E-05
   44.9500008      -2.84798061E-05
   45.0500031      -2.89447853E-05
   45.1500015      -2.83525751E-05
   45.2500000      -2.85098267E-05
   45.3500023      -2.83647569E-05
   45.4500008      -2.83695317E-05
   45.5500031      -2.83079771E-05
   45.6500015      -2.79920478E-05
   45.7500000      -2.84669732E-05
   45.8500023      -2.79985707E-05
   45.9500008      -2.79654905E-05
   46.0500031      -2.79424949E-05
   46.1500015      -2.76661649E-05
   46.2500000      -2.81107768E-05
   46.3500023      -2.76956089E-05
   46.4500008      -2.75725743E-05
   46.5500031      -2.78346870E-05
   46.6500015      -2.72645339E-05
   46.7500000      -2.75870480E-05
   46.8500023      -2.75209804E-05
   46.9500008      -2.72752604E-05
   47.0500031      -2.73567784E-05
   47.1500015      -2.72548605E-05
   47.2500000      -2.70814562E-05
   47.3500023      -2.70171804E-05
   47.4500008      -2.71860790E-05
   47.5500031      -2.65701256E-05
   47.6500015      -2.69649736E-05
   47.7500000      -2.65267845E-05
   47.8500023      -2.67432279E-05
   47.9500008      -2.71036242E-05
   48.0500031      -2.61479763E-05
   48.1500015      -2.68259337E-05
   48.2500000      -2.63389993E-05
   48.3500023      -2.63809616E-05
   48.4500008      -2.64210485E-05
   48.5500031      -2.62210378E-05
   48.6500015      -2.62839385E-05
   48.7500000      -2.58265391E-05
   48.8500023      -2.61856312E-05
   48.9500008      -2.60891557E-05
   49.0500031      -2.55166742E-05
   49.1500015      -2.63736019E-05
   49.2500000      -2.52840000E-05
   49.3500023      -2.63388538E-05
   49.4500008      -2.55855648E-05
   49.5500031      -2.54471197E-05
   49.6500015      -2.59835142E-05
   49.7500000      -2.49577442E-05
   49.8500023      -2.56321600E-05
   49.9500008      -2.50843386E-05
   50.0500031      -2.52200898E-05
   50.1500015      -2.51141028E-05
   50.2500000      -2.50927587E-05
   50.3500023      -2.51272213E-05
   50.4500008      -2.49128880E-05
   50.5500031      -2.53391263E-05
   50.6500015      -2.45299670E-05
   50.7500000      -2.48102715E-05
   50.8500023      -2.49499299E-05
   50.9500008      -2.42768256E-05
   51.0500031      -2.49246859E-05
   51.1500015      -2.43830364E-05
   51.2500000      -2.45124011E-05
   51.3500023      -2.43472696E-05
   51.4500008      -2.42964361E-05
   51.5500031      -2.43887771E-05
   51.6500015      -2.41697526E-05
   51.7500000      -2.43953436E-05
   51.8500023      -2.37053173E-05
   51.9500008      -2.41154448E-05
   52.0500031      -2.38831635E-05
   52.1500015      -2.37317527E-05
   52.2500000      -2.41973012E-05
   52.3500023      -2.35439311E-05
   52.4500008      -2.37078712E-05
   52.5500031      -2.39030087E-05
   52.6500015      -2.35270836E-05
   52.7500000      -2.36679352E-05
   52.8500023      -2.33867850E-05
   52.9500008      -2.34511936E-05
   53.0500031      -2.31308750E-05
   53.1500015      -2.35310454E-05
   53.2500000      -2.30994938E-05
   53.3500023      -2.30012738E-05
   53.4500008      -2.35403531E-05
   53.5500031      -2.27495057E-05
   53.6500015      -2.30701407E-05
   53.7500000      -2.29484413E-05
   53.8500023      -2.29205598E-05
   53.9500008      -2.23372808E-05
   54.0500031      -2.28269982E-05
   54.1500015      -2.27918372E-05
   54.2500000      -2.21332539E-05
   54.3500023      -2.29741909E-05
   54.4500008      -2.24278938E-05
   54.5500031      -2.22281215E-05
   54.6500015      -2.27144519E-05
   54.7500000      -2.19440244E-05
   54.8500023      -2.22752751E-05
   54.9500008      -2.20545880E-05
   55.0500031      -2.21766168E-05
   55.1500015      -2.20197326E-05
   55.2500000      -2.19838967E-05
   55.3500023      -2.22674516E-05
   55.4500008      -2.16456774E-05
   55.5500031      -2.18437053E-05
   55.6500015      -2.20226939E-05
   55.7500000      -2.13349958E-05
   55.8500023      -2.18936057E-05
   55.9500008      -2.19585982E-05
   56.0500031      -2.12997275E-05
   56.1500015      -2.12495888E-05
   56.2500000      -2.16898370E-05
   56.3500023      -2.12923023E-05
   56.4500008      -2.11514889E-05
   56.5500031      -2.16892950E-05
   56.6500015      -2.07870307E-05
   56.7500000      -2.12309133E-05
   56.8500023      -2.14321954E-05
   56.9500008      -2.08175297E-05
   57.0500031      -2.09135051E-05
   57.1500015      -2.10403196E-05
   57.2500000      -2.08562215E-05
   57.3500023      -2.04536300E-05
   57.4500008      -2.08042002E-05
   57.5500031      -2.09028130E-05
   57.6500015      -2.02826814E-05
   57.7500000      -2.07014509E-05
   57.8500023      -2.07741668E-05
   57.9500008      -2.01453768E-05
   58.0500031      -2.02986084E-05
   58.1500015      -2.06936365E-05
   58.2500000      -2.00796476E-05
   58.3500023      -1.96841684E-05
   58.4500008      -2.06714849E-05
   58.5500031      -1.99981623E-05
   58.6500015      -1.96215424E-05
   58.7500000      -2.04065509E-05
   58.8500023      -1.99574861E-05
   58.9500008      -1.94406784E-05
   59.0500031      -1.97531826E-05
   59.1500015      -2.00053819E-05
   59.2500000      -1.91183299E-05
   59.3500023      -1.95154935E-05
   59.4500008      -1.99073911E-05
   59.5500031      -1.96125657E-05
   59.6500015      -1.91907020E-05
   59.7500000      -1.93695341E-05
   59.8500023      -1.96460933E-05
   59.9500008      -1.91189120E-05
   60.0500031      -1.87841397E-05
   60.1500015      -1.98318849E-05
   60.2500000      -1.86309426E-05
   60.3500023      -1.90241099E-05
   60.4500008      -1.95597404E-05
   60.5500031      -1.88176000E-05
   60.6500015      -1.84196615E-05
   60.7500000      -1.90370101E-05
   60.8500023      -1.93254109E-05
   60.9500008      -1.82151853E-05
   61.0500031      -1.85943027E-05
   61.1500015      -1.90802712E-05
   61.2500000      -1.86078669E-05
   61.3500023      -1.82204531E-05
   61.4500008      -1.84968867E-05
   61.5500031      -1.88428676E-05
   61.6500015      -1.80095576E-05
   61.7500000      -1.75371624E-05
   61.8500023      -1.89965685E-05
   61.9500008      -1.82116073E-05
   62.0500031      -1.74218658E-05
   62.1500015      -1.82602307E-05
   62.2500000      -1.84579130E-05
   62.3500023      -1.71764823E-05
   62.4500008      -1.74734287E-05
   62.5500031      -1.83652483E-05
   62.6500015      -1.79488597E-05
   62.7500000      -1.71436986E-05
   62.8500023      -1.77154416E-05
   62.9500008      -1.81174400E-05
   63.0500031      -1.77971560E-05
   63.1500015      -1.69877167E-05
   63.2500000      -1.78216560E-05
   63.3500023      -1.80585848E-05
   63.4500008      -1.70527219E-05
   63.5500031      -1.66247319E-05
   63.6500015      -1.78758164E-05
   63.7500000      -1.80572661E-05
   63.8500023      -1.60866402E-05
   63.9500008      -1.69989034E-05
   64.0499954      -1.79756353E-05
   64.1500015      -1.69146060E-05
   64.2500000      -1.63572186E-05
   64.3499985      -1.67177623E-05
   64.4499969      -1.74910892E-05
   64.5499954      -1.67404523E-05
   64.6500015      -1.59446008E-05
   64.7500000      -1.62324031E-05
   64.8499985      -1.77054608E-05
   64.9499969      -1.69861578E-05
   65.0499954      -1.50473179E-05
   65.1500015      -1.64590037E-05
   65.2500000      -1.79114286E-05
   65.3499985      -1.60558211E-05
   65.4499969      -1.48839645E-05
   65.5499954      -1.65128567E-05
   65.6500015      -1.75571950E-05
   65.7500000      -1.59383198E-05
   65.8499985      -1.52201601E-05
   65.9499969      -1.57545383E-05
   66.0499954      -1.68965125E-05
   66.1500015      -1.68084607E-05
   66.2500000      -1.46054717E-05
   66.3499985      -1.46891207E-05
   66.4499969      -1.66647133E-05
   66.5499954      -1.72305263E-05
   66.6500015      -1.42976323E-05
   66.7500000      -1.37687348E-05
   66.8499985      -1.67085509E-05
   66.9499969      -1.72692362E-05
   67.0499954      -1.54156969E-05
   67.1500015      -1.34535976E-05
   67.2500000      -1.46008788E-05
   67.3499985      -1.69888172E-05
   67.4499969      -1.71083902E-05
   67.5499954      -1.43799871E-05
   67.6500015      -1.18629978E-05
   67.7500000      -1.53471519E-05
   67.8499985      -1.83884295E-05
   67.9499969      -1.60643031E-05
   68.0499954      -1.24454618E-05
   68.1500015      -1.20021487E-05
   68.2500000      -1.55069338E-05
   68.3499985      -1.79945018E-05
   68.4499969      -1.73432672E-05
   68.5499954      -1.24616699E-05
   68.6500015      -8.94213463E-06
   68.7500000      -1.34392640E-05
   68.8499985      -1.99306869E-05
   68.9499969      -2.06114928E-05
   69.0499954      -1.20008162E-05
   69.1500015      -4.07931384E-06
   69.2500000      -8.22061111E-07
   69.3499985      -1.36635992E-06
   69.4499969       2.21744153E-06
   69.5499954       2.83787049E-05
   69.6500015       9.60661127E-05
   69.7500000       2.15539709E-04
   69.8499985       3.84776475E-04
   69.9499969       5.99945488E-04
   70.0499954       8.58026906E-04
   70.1500015       1.14726450E-03
   70.2500000       1.46138133E-03
   70.3499985       1.79773138E-03
   70.4499969       2.15603551E-03
   70.5499954       2.52887607E-03
   70.6500015       2.91510206E-03
   70.7500000       3.31783877E-03
   70.8499985       3.73397558E-03
   70.9499969       4.15855739E-03
   71.0499954       4.59348364E-03
   71.1500015       5.04124817E-03
   71.2500000       5.49805164E-03
   71.3499985       5.95912896E-03
   71.4499969       6.43011229E-03
   71.5499954       6.91088894E-03
   71.6500015       7.39680091E-03
   71.7500000       7.88608193E-03
   71.8499985       8.38459749E-03
   71.9499969       8.89093895E-03
   72.0499954       9.39870067E-03
   72.1500015       9.91084334E-03
   72.2500000       1.04318336E-02
   72.3499985       1.09576294E-02
   72.4499969       1.14838155E-02
   72.5499954       1.20144449E-02
   72.6500015       1.25542674E-02
   72.7500000       1.30947754E-02
   72.8499985       1.36360675E-02
   72.9499969       1.41839078E-02
   73.0499954       1.47376480E-02
   73.1500015       1.52914962E-02
   73.2500000       1.58457477E-02
   73.3499985       1.64080281E-02
   73.4499969       1.69742517E-02
   73.5499954       1.75379552E-02
   73.6500015       1.81045942E-02
   73.7500000       1.86794251E-02
   73.8499985       1.92555077E-02
   73.9499969       1.98282152E-02
   74.0499954       2.04060506E-02
   74.1500015       2.09917314E-02
   74.2500000       2.15754639E-02
   74.3499985       2.21568346E-02
   74.4499969       2.27444656E-02
   74.5499954       2.33398154E-02
   74.6500015       2.39305831E-02
   74.7500000       2.45189164E-02
   74.8499985       2.51159184E-02
   74.9499969       2.57191621E-02
   75.0499954       2.63169780E-02
   75.1500015       2.69109868E-02
   75.2500000       2.75156200E-02
   75.3499985       2.81284414E-02
   75.4499969       2.87316255E-02
   75.5499954       2.93288622E-02
   75.6500015       2.99413223E-02
   75.7500000       3.05645056E-02
   75.8499985       3.11718211E-02
   75.9499969       3.17689031E-02
   76.0499954       3.23897749E-02
   76.1500015       3.30270119E-02
   76.2500000       3.36355194E-02
   76.3499985       3.42262760E-02
   76.4499969       3.48600894E-02
   76.5499954       3.55156139E-02
   76.6500015       3.61195914E-02
   76.7500000       3.66989858E-02
   76.8499985       3.73491906E-02
   76.9499969       3.80300693E-02
   77.0499954       3.86228226E-02
   77.1500015       3.91822830E-02
   77.2500000       3.98559272E-02
   77.3499985       4.05710079E-02
   77.4499969       4.11453284E-02
   77.5499954       4.16723825E-02
   77.6500015       4.23757695E-02
   77.7500000       4.31390330E-02
   77.8499985       4.36902791E-02
   77.9499969       4.41669337E-02
   78.0499954       4.49003689E-02
   78.1500015       4.57343869E-02
   78.2500000       4.62650843E-02
   78.3499985       4.66641486E-02
   78.4499969       4.74166051E-02
   78.5499954       4.83524166E-02
   78.6500015       4.88853678E-02
   78.7500000       4.91703227E-02
   78.8499985       4.99033369E-02
   78.9499969       5.09799272E-02
   79.0499954       5.15738986E-02
   79.1500015       5.17029501E-02
   79.2500000       5.23332208E-02
   79.3499985       5.35877757E-02
   79.4499969       5.43552749E-02
   79.5499954       5.43031618E-02
   79.6500015       5.46843931E-02
   79.7500000       5.61177209E-02
   79.8499985       5.72360642E-02
   79.9499969       5.70423305E-02
   80.0499954       5.69732897E-02
   80.1500015       5.84799014E-02
   80.2500000       6.01601005E-02
   80.3499985       6.00186624E-02
   80.4499969       5.93141764E-02
   80.5499954       6.05734959E-02
   80.6500015       6.29241318E-02
   80.7500000       6.33207411E-02
   80.8499985       6.20185286E-02
   80.9499969       6.23438805E-02
   81.0499954       6.50653467E-02
   81.1500015       6.69532716E-02
   81.2500000       6.56997785E-02
   81.3499985       6.38575852E-02
   81.4499969       6.57823384E-02
   81.5499954       7.07492679E-02
   81.6500015       7.12680817E-02
   81.7500000       6.52981400E-02
   81.8499985       6.40645400E-02
   81.9499969       7.43548647E-02
   82.0499954       7.95929581E-02
   82.1500015       6.67718127E-02
   82.2500000       5.92551231E-02
   82.3499985       7.73696974E-02
   82.4499969       9.07728523E-02
   82.5499954       6.81070313E-02
   82.6500015       5.18186726E-02
   82.7500000       7.95918480E-02
   82.8499985      0.103682451    
   82.9499969       6.91065565E-02
   83.0499954       4.33369167E-02
   83.1500015       8.10270682E-02
   83.2500000      0.116665535    
   83.3499985       7.00548887E-02
   83.4499969       3.53892110E-02
   83.5499954       8.15394074E-02
   83.6500015      0.128707811    
   83.7500000       7.17250556E-02
   83.8499985       2.86644809E-02
   83.9499969       8.06248710E-02
   84.0499954      0.139648452    
   84.1500015       7.50219896E-02
   84.2500000       2.31690891E-02
   84.3499985       7.75898695E-02
   84.4499969      0.149557859    
   84.5499954       8.07803720E-02
   84.6500015       1.88164525E-02
   84.7500000       7.18466118E-02
   84.8499985      0.158156842    
   84.9499969       8.97448882E-02
   85.0499954       1.57753862E-02
   85.1500015       6.31330237E-02
   85.2500000      0.164557099    
   85.3499985      0.102549762    
   85.4499969       1.45408250E-02
   85.5499954       5.16764559E-02
   85.6500015      0.167226017    
   85.7500000      0.119610310    
   85.8499985       1.59026235E-02
   85.9499969       3.82939838E-02
   86.0499954      0.164182499    
   86.1500015      0.140823111    
   86.2500000       2.09486019E-02
   86.3499985       2.43851282E-02
   86.4499969      0.153486773    
   86.5499954      0.165038496    
   86.6500015       3.11077051E-02
   86.7500000       1.17305322E-02
   86.8499985      0.134035230    
   86.9499969      0.189431101    
   87.0499954       4.81829494E-02
   87.1500015       2.18382082E-03
   87.2500000      0.106518589    
   87.3499985      0.209013164    
   87.4499969       7.41343349E-02
   87.5499954      -2.60274461E-03
   87.6500015       7.40330443E-02
   87.7500000      0.216998786    
   87.8499985      0.110209905    
   87.9499969      -1.08397042E-03
   88.0499954       4.16331552E-02
   88.1500015      0.206780821    
   88.2500000      0.155117616    
   88.3499985       8.82818922E-03
   88.4499969       1.47332195E-02
   88.5499954      0.175456107    
   88.6500015      0.202421308    
   88.7500000       3.05453613E-02
   88.8499985      -2.92989425E-03
   88.9499969      0.127275720    
   89.0499954      0.239119783    
   89.1500015       6.84688240E-02
   89.2500000      -1.00584896E-02
   89.3499985       7.36036450E-02
   89.4499969      0.248778418    
   89.5499954      0.124872111    
   89.6500015      -6.00074045E-03
   89.7500000       2.79151760E-02
   89.8499985      0.220548779    
   89.9499969      0.193387672    
   90.0499954       1.24963811E-02
   90.1500015      -1.36118440E-03
   90.2500000      0.159584448    
   90.3499985      0.253567040    
   90.4499969       5.25172390E-02
   90.5499954      -1.36676924E-02
   90.6500015       8.74055326E-02
   90.7500000      0.276375890    
   90.8499985      0.119742878    
   90.9499969      -1.12706376E-02
   91.0499954       2.84927748E-02
   91.1500015      0.243460163    
   91.2500000      0.205857068    
   91.3499985       8.63984693E-03
   91.4499969      -5.54692792E-03
   91.5499954      0.166055635    
   91.6500015      0.280077457    
   91.7500000       5.60927428E-02
   91.8499985      -1.72263626E-02
   91.9499969       8.73080045E-02
   92.0499954      0.299824923    
   92.1500015      0.128847167    
   92.2500000      -1.33449836E-02
   92.3499985       1.32052368E-02
   92.4499969      0.238604605    
   92.5499954      0.249451548    
   92.6500015       2.05734018E-02
   92.7500000      -1.70133505E-02
   92.8499985       3.96369621E-02
   92.9499969      0.317188799    
   93.0499954      0.222629681    
   93.1500015       2.98512494E-03
   93.2500000      0.156932935    
   93.3499985      0.316856623    
   93.4499969       6.73781037E-02
   93.5499954      -1.36575210E-04
   93.6500015      0.227516949    
   93.7500000      0.283320576    
   93.8499985       2.53041815E-02
   93.9499969       4.48985584E-02
   94.0499954      0.301424593    
   94.1500015      0.190801799    
   94.2500000       1.90982185E-02
   94.3499985      0.221299112    
   94.4499969      0.280181319    
   94.5499954       3.48878503E-02
   94.6500015      0.114971220    
   94.7500000      0.321068197    
   94.8499985      0.106444307    
   94.9499969       4.26895618E-02
   95.0499954      0.287051797    
   95.1500015      0.204818249    
   95.2500000       2.14245692E-02
   95.3499985      0.207904369    
   95.4499969      0.284618586    
   95.5499954       4.40413170E-02
   95.6500015      0.124406256    
   95.7500000      0.319725633    
   95.8499985      0.101244971    
   95.9499969       6.45355433E-02
   96.0499954      0.305336446    
   96.1500015      0.174157143    
   96.2500000       3.46418694E-02
   96.3499985      0.256557852    
   96.4499969      0.244278520    
   96.5499954       1.65275857E-02
   96.6500015      -6.02632388E-03
   96.7500000       6.22521446E-04
   96.8499985       5.87774157E-05
   96.9499969      -2.72565740E-05
   97.0499954       3.08452582E-06
   97.1500015       2.17612765E-07
   97.2500000      -1.22376008E-07
   97.3499985       1.51345638E-08
   97.4499969       7.52434337E-10
   97.5499954      -5.45975987E-10
   97.6500015       7.35924169E-11
   97.7500000       2.29625607E-12
   97.8499985      -2.41911287E-12
   97.9499969       3.54866418E-13
   98.0499954       5.14126637E-15
   98.1500015      -1.06374802E-14
   98.2500000       1.69775409E-15
   98.3499985      -1.39919255E-18
   98.4499969      -4.63815886E-17
   98.5499954       8.06141770E-18
   98.6500015      -1.21297868E-19
   98.7500000      -2.00311776E-19
   98.8499985       3.79990714E-20
   98.9499969      -1.08045035E-21
   99.0499954      -8.55697745E-22
   99.1500015       1.77833987E-22
   99.2500000      -7.32636422E-24
   99.3499985      -3.60911437E-24
   99.4499969       8.26330122E-25
   99.5499954      -4.42293479E-26
   99.6500015      -1.49928962E-26
   99.7500000       3.81189915E-27
   99.8499985      -2.51370523E-28
   99.9499969      -4.36781171E-29
   100.049995      -4.36781171E-29
