   0.00000000       0.00000000    
  0.100000001      -2.61621096E-07
  0.200000003       3.08666230E-08
  0.300000012      -7.10969701E-08
  0.400000006      -2.69270288E-07
  0.500000000      -3.24077490E-07
  0.600000024      -6.04238835E-07
  0.699999988      -5.06841957E-07
  0.800000012      -4.91724961E-07
  0.900000036      -4.92350580E-07
   1.00000000      -7.79872835E-07
   1.10000002      -9.23649225E-07
   1.20000005      -8.24498102E-07
   1.30000007      -9.33807883E-07
   1.39999998      -9.07164235E-07
   1.50000000      -1.05244419E-06
   1.60000002      -1.02869069E-06
   1.70000005      -1.19404331E-06
   1.80000007      -1.23952907E-06
   1.89999998      -1.26394764E-06
   2.00000000      -1.52562609E-06
   2.10000014      -1.37763618E-06
   2.20000005      -1.60341403E-06
   2.29999995      -1.47228059E-06
   2.40000010      -1.83159830E-06
   2.50000000      -1.66964242E-06
   2.60000014      -1.54408940E-06
   2.70000005      -1.88460172E-06
   2.79999995      -1.76329161E-06
   2.90000010      -1.93304868E-06
   3.00000000      -2.14464035E-06
   3.10000014      -1.92037510E-06
   3.20000005      -2.23930601E-06
   3.29999995      -2.33546393E-06
   3.40000010      -2.16383205E-06
   3.50000000      -2.16744274E-06
   3.60000014      -2.49612003E-06
   3.70000005      -2.34896902E-06
   3.79999995      -2.30658725E-06
   3.90000010      -2.35312496E-06
   4.00000000      -2.38999132E-06
   4.09999990      -2.43163367E-06
   4.20000029      -2.41545627E-06
   4.30000019      -2.54659290E-06
   4.40000010      -2.68026861E-06
   4.50000000      -2.67067571E-06
   4.59999990      -2.60163097E-06
   4.70000029      -2.70303553E-06
   4.80000019      -2.73652563E-06
   4.90000010      -2.64458481E-06
   5.00000000      -2.63823404E-06
   5.09999990      -2.64455161E-06
   5.20000029      -2.74851072E-06
   5.30000019      -2.95234281E-06
   5.40000010      -3.01470482E-06
   5.50000000      -2.77881895E-06
   5.59999990      -2.72433726E-06
   5.70000029      -2.83434269E-06
   5.80000019      -2.90165349E-06
   5.90000010      -2.94312849E-06
   6.00000000      -2.72794432E-06
   6.09999990      -2.90204048E-06
   6.20000029      -2.75126035E-06
   6.30000019      -3.03666457E-06
   6.40000010      -3.05054550E-06
   6.50000000      -2.72538114E-06
   6.59999990      -2.72635589E-06
   6.70000029      -2.96007101E-06
   6.80000019      -2.64850610E-06
   6.90000010      -2.76344781E-06
   7.00000000      -2.85403576E-06
   7.09999990      -2.66027746E-06
   7.20000029      -2.73828937E-06
   7.30000019      -2.63277002E-06
   7.40000010      -2.66445363E-06
   7.50000000      -2.62302524E-06
   7.59999990      -2.71888666E-06
   7.70000029      -2.60493107E-06
   7.80000019      -2.65434778E-06
   7.90000010      -2.22612039E-06
   8.00000000      -2.31284093E-06
   8.10000038      -2.52593031E-06
   8.19999981      -2.35655102E-06
   8.30000019      -2.39633096E-06
   8.40000057      -1.88329091E-06
   8.50000000      -2.35661787E-06
   8.60000038      -1.92562356E-06
   8.69999981      -2.07500602E-06
   8.80000019      -1.81709959E-06
   8.90000057      -1.79710753E-06
   9.00000000      -1.94441941E-06
   9.10000038      -1.50439564E-06
   9.19999981      -1.70696751E-06
   9.30000019      -1.35946857E-06
   9.40000057      -1.33581659E-06
   9.50000000      -1.03845161E-06
   9.60000038      -1.23640859E-06
   9.69999981      -8.89355078E-07
   9.80000019      -7.56913835E-07
   9.90000057      -9.68050017E-07
   10.0000000      -8.24219171E-07
   10.1000004      -5.88837452E-07
   10.1999998      -5.27116640E-07
   10.3000002      -2.42726657E-07
   10.4000006      -4.70529244E-07
   10.5000000       8.29825026E-08
   10.6000004      -4.14463486E-08
   10.6999998       1.56166124E-07
   10.8000002       4.68138353E-07
   10.9000006       4.85557109E-07
   11.0000000       7.34300897E-07
   11.1000004       6.98560484E-07
   11.1999998       8.40070811E-07
   11.3000002       1.10894587E-06
   11.4000006       1.34031666E-06
   11.5000000       1.69150655E-06
   11.6000004       1.45293086E-06
   11.6999998       2.04682033E-06
   11.8000002       1.90285778E-06
   11.9000006       2.19149342E-06
   12.0000000       2.44997045E-06
   12.1000004       2.73344153E-06
   12.1999998       2.98519740E-06
   12.3000002       3.21356742E-06
   12.4000006       3.49171796E-06
   12.5000000       3.43957504E-06
   12.6000004       3.91936146E-06
   12.6999998       4.06233357E-06
   12.8000002       4.49440813E-06
   12.9000006       4.55434338E-06
   13.0000000       4.93184507E-06
   13.1000004       5.02337707E-06
   13.1999998       5.35987192E-06
   13.3000002       5.53006976E-06
   13.4000006       5.75740614E-06
   13.5000000       6.28012367E-06
   13.6000004       6.31440162E-06
   13.6999998       6.85118903E-06
   13.8000002       6.88332011E-06
   13.9000006       7.42464636E-06
   14.0000000       7.61451156E-06
   14.1000004       8.12019152E-06
   14.1999998       8.19746401E-06
   14.3000002       8.83163375E-06
   14.4000006       8.78171977E-06
   14.5000000       9.20163529E-06
   14.6000004       9.96523613E-06
   14.6999998       1.00583620E-05
   14.8000002       1.03703696E-05
   14.9000006       1.06197394E-05
   15.0000000       1.11529389E-05
   15.1000004       1.14069253E-05
   15.1999998       1.17505533E-05
   15.3000002       1.21672547E-05
   15.4000006       1.23027348E-05
   15.5000000       1.32515606E-05
   15.6000004       1.32541782E-05
   15.6999998       1.38488431E-05
   15.8000002       1.42508752E-05
   15.9000006       1.44428386E-05
   16.0000000       1.50076467E-05
   16.1000004       1.54432018E-05
   16.2000008       1.58780058E-05
   16.3000011       1.59721258E-05
   16.3999996       1.65737711E-05
   16.5000000       1.68557272E-05
   16.6000004       1.72598156E-05
   16.7000008       1.80840343E-05
   16.8000011       1.79962190E-05
   16.8999996       1.89323673E-05
   17.0000000       1.91342606E-05
   17.1000004       1.94714430E-05
   17.2000008       2.01487219E-05
   17.3000011       2.03891250E-05
   17.3999996       2.10366925E-05
   17.5000000       2.14719112E-05
   17.6000004       2.18629248E-05
   17.7000008       2.23371007E-05
   17.8000011       2.24061714E-05
   17.8999996       2.35449079E-05
   18.0000000       2.33215014E-05
   18.1000004       2.42501701E-05
   18.2000008       2.45050705E-05
   18.3000011       2.49810564E-05
   18.3999996       2.55772738E-05
   18.5000000       2.56667608E-05
   18.6000004       2.67167743E-05
   18.7000008       2.64901228E-05
   18.8000011       2.74067206E-05
   18.8999996       2.75973653E-05
   19.0000000       2.78381922E-05
   19.1000004       2.87014300E-05
   19.2000008       2.87462499E-05
   19.3000011       2.94389156E-05
   19.3999996       2.96498383E-05
   19.5000000       3.02272456E-05
   19.6000004       3.06645525E-05
   19.7000008       3.07272967E-05
   19.8000011       3.16934820E-05
   19.8999996       3.16506957E-05
   20.0000000       3.22320557E-05
   20.1000004       3.24644134E-05
   20.2000008       3.26641493E-05
   20.3000011       3.34134493E-05
   20.3999996       3.33567659E-05
   20.5000000       3.41194791E-05
   20.6000004       3.42055137E-05
   20.7000008       3.45127046E-05
   20.8000011       3.52648822E-05
   20.8999996       3.50283262E-05
   21.0000000       3.59074656E-05
   21.1000004       3.56321943E-05
   21.2000008       3.63787112E-05
   21.3000011       3.65157539E-05
   21.3999996       3.65962951E-05
   21.5000000       3.73108160E-05
   21.6000004       3.68439978E-05
   21.7000008       3.78733494E-05
   21.8000011       3.75513737E-05
   21.8999996       3.82202707E-05
   22.0000000       3.84688028E-05
   22.1000004       3.84266714E-05
   22.2000008       3.88849985E-05
   22.3000011       3.85559724E-05
   22.3999996       3.91989161E-05
   22.5000000       3.93523842E-05
   22.6000004       3.94398048E-05
   22.7000008       3.97575241E-05
   22.8000011       3.97134827E-05
   22.8999996       4.02379410E-05
   23.0000000       4.00628378E-05
   23.1000004       4.01355064E-05
   23.2000008       4.05208011E-05
   23.3000011       4.02472360E-05
   23.3999996       4.08102023E-05
   23.5000000       4.03926679E-05
   23.6000004       4.11377587E-05
   23.7000008       4.07096486E-05
   23.8000011       4.07796979E-05
   23.8999996       4.14222268E-05
   24.0000000       4.07358093E-05
   24.1000004       4.16949952E-05
   24.2000008       4.09852582E-05
   24.3000011       4.15505201E-05
   24.3999996       4.14762289E-05
   24.5000000       4.10626344E-05
   24.6000004       4.18637974E-05
   24.7000008       4.11620167E-05
   24.8000011       4.18020463E-05
   24.8999996       4.14957758E-05
   25.0000000       4.15663235E-05
   25.1000004       4.18356940E-05
   25.2000008       4.12967820E-05
   25.3000011       4.18036507E-05
   25.3999996       4.14618917E-05
   25.5000000       4.13960006E-05
   25.6000004       4.16722687E-05
   25.7000008       4.13574744E-05
   25.8000011       4.19244207E-05
   25.8999996       4.12778136E-05
   26.0000000       4.16323601E-05
   26.1000004       4.14893148E-05
   26.2000008       4.14545393E-05
   26.3000011       4.18047421E-05
   26.3999996       4.12256377E-05
   26.5000000       4.16399926E-05
   26.6000004       4.12498157E-05
   26.7000008       4.14788228E-05
   26.8000011       4.12676527E-05
   26.8999996       4.11650690E-05
   27.0000000       4.14825190E-05
   27.1000004       4.10486246E-05
   27.2000008       4.14784226E-05
   27.3000011       4.09355671E-05
   27.3999996       4.10615248E-05
   27.5000000       4.11844994E-05
   27.6000004       4.07691186E-05
   27.7000008       4.10389148E-05
   27.8000011       4.08757151E-05
   27.8999996       4.07448060E-05
   28.0000000       4.10113207E-05
   28.1000004       4.03333361E-05
   28.2000008       4.10261200E-05
   28.3000011       4.03443446E-05
   28.3999996       4.05752398E-05
   28.5000000       4.06670551E-05
   28.6000004       4.01154794E-05
   28.7000008       4.05444443E-05
   28.8000011       3.98896154E-05
   28.8999996       4.02996666E-05
   29.0000000       4.00046156E-05
   29.1000004       4.00523531E-05
   29.2000008       3.99810633E-05
   29.3000011       3.99919445E-05
   29.3999996       3.98641532E-05
   29.5000000       3.97256517E-05
   29.6000004       3.98898082E-05
   29.7000008       3.95961652E-05
   29.8000011       3.94363124E-05
   29.8999996       3.99733981E-05
   30.0000000       3.90962050E-05
   30.1000004       3.95649295E-05
   30.2000008       3.92814909E-05
   30.3000011       3.93605442E-05
   30.3999996       3.92254187E-05
   30.5000000       3.89940687E-05
   30.6000004       3.91911271E-05
   30.7000008       3.87057189E-05
   30.8000011       3.90075365E-05
   30.8999996       3.88545668E-05
   31.0000000       3.85924359E-05
   31.1000004       3.90075111E-05
   31.2000008       3.82835497E-05
   31.3000011       3.89018824E-05
   31.3999996       3.83780171E-05
   31.5000000       3.81167374E-05
   31.6000004       3.84427622E-05
   31.7000008       3.78269215E-05
   31.8000011       3.86047031E-05
   31.8999996       3.77463475E-05
   32.0000000       3.81846112E-05
   32.1000023       3.77907199E-05
   32.2000008       3.76426106E-05
   32.2999992       3.79423473E-05
   32.4000015       3.74034207E-05
   32.5000000       3.80795136E-05
   32.6000023       3.73336770E-05
   32.7000008       3.76074677E-05
   32.7999992       3.75653290E-05
   32.9000015       3.71655224E-05
   33.0000000       3.74887713E-05
   33.1000023       3.69091722E-05
   33.2000008       3.72479153E-05
   33.2999992       3.69403824E-05
   33.4000015       3.68563997E-05
   33.5000000       3.69825721E-05
   33.6000023       3.66016429E-05
   33.7000008       3.70965499E-05
   33.7999992       3.63045547E-05
   33.9000015       3.68287947E-05
   34.0000000       3.65123160E-05
   34.1000023       3.62577121E-05
   34.2000008       3.67064022E-05
   34.2999992       3.58495636E-05
   34.4000015       3.63192157E-05
   34.5000000       3.59201949E-05
   34.6000023       3.59428377E-05
   34.7000008       3.61416169E-05
   34.7999992       3.55759075E-05
   34.9000015       3.62102255E-05
   35.0000000       3.55552220E-05
   35.1000023       3.54947297E-05
   35.2000008       3.56938908E-05
   35.2999992       3.52165043E-05
   35.4000015       3.57961144E-05
   35.5000000       3.51623603E-05
   35.6000023       3.53146388E-05
   35.7000008       3.53134456E-05
   35.7999992       3.46963425E-05
   35.9000015       3.54781150E-05
   36.0000000       3.45113731E-05
   36.1000023       3.50822011E-05
   36.2000008       3.45073822E-05
   36.2999992       3.47131099E-05
   36.4000015       3.50809714E-05
   36.5000000       3.42242893E-05
   36.6000023       3.47161695E-05
   36.7000008       3.40378610E-05
   36.7999992       3.45285553E-05
   36.9000015       3.43252614E-05
   37.0000000       3.40570004E-05
   37.1000023       3.45174267E-05
   37.2000008       3.36469202E-05
   37.2999992       3.40981860E-05
   37.4000015       3.39647268E-05
   37.5000000       3.38181162E-05
   37.6000023       3.40660044E-05
   37.7000008       3.35961886E-05
   37.7999992       3.37423735E-05
   37.9000015       3.33151438E-05
   38.0000000       3.34988908E-05
   38.1000023       3.33854550E-05
   38.2000008       3.32207746E-05
   38.2999992       3.36117264E-05
   38.4000015       3.30519251E-05
   38.5000000       3.34360375E-05
   38.6000023       3.29340401E-05
   38.7000008       3.29838549E-05
   38.7999992       3.30757503E-05
   38.9000015       3.23218264E-05
   39.0000000       3.31162082E-05
   39.1000023       3.25005785E-05
   39.2000008       3.26110094E-05
   39.2999992       3.26025111E-05
   39.4000015       3.22739033E-05
   39.5000000       3.27135931E-05
   39.6000023       3.19530081E-05
   39.7000008       3.24877874E-05
   39.7999992       3.20534491E-05
   39.9000015       3.19619394E-05
   40.0000000       3.23417007E-05
   40.1000023       3.16057231E-05
   40.2000008       3.21369189E-05
   40.2999992       3.16041551E-05
   40.4000015       3.18344210E-05
   40.5000000       3.17355698E-05
   40.6000023       3.12791672E-05
   40.7000008       3.18886232E-05
   40.7999992       3.13727178E-05
   40.9000015       3.13599994E-05
   41.0000000       3.12625089E-05
   41.1000023       3.11312506E-05
   41.2000008       3.15207290E-05
   41.2999992       3.09212337E-05
   41.4000015       3.10496871E-05
   41.5000000       3.07662121E-05
   41.6000023       3.09084389E-05
   41.7000008       3.07715854E-05
   41.7999992       3.06203292E-05
   41.9000015       3.10185824E-05
   42.0000000       3.02524222E-05
   42.1000023       3.07635382E-05
   42.2000008       3.04078440E-05
   42.2999992       3.01095533E-05
   42.4000015       3.07159862E-05
   42.5000000       2.97357237E-05
   42.6000023       3.05559079E-05
   42.7000008       2.99142794E-05
   42.7999992       2.97556871E-05
   42.9000015       3.02424651E-05
   43.0000000       2.95517802E-05
   43.1000023       3.01043474E-05
   43.2000008       2.98009436E-05
   43.2999992       2.96141170E-05
   43.4000015       2.96258950E-05
   43.5000000       2.93104495E-05
   43.6000023       2.97310726E-05
   43.7000008       2.91452743E-05
   43.7999992       2.94937054E-05
   43.9000015       2.91479191E-05
   44.0000000       2.91392189E-05
   44.1000023       2.92144487E-05
   44.2000008       2.88774372E-05
   44.2999992       2.92665627E-05
   44.4000015       2.85811911E-05
   44.5000000       2.89583386E-05
   44.6000023       2.88050160E-05
   44.7000008       2.86359882E-05
   44.7999992       2.89183881E-05
   44.9000015       2.82136152E-05
   45.0000000       2.89844156E-05
   45.1000023       2.82625169E-05
   45.2000008       2.81586308E-05
   45.2999992       2.85456426E-05
   45.4000015       2.79072065E-05
   45.5000000       2.83872014E-05
   45.6000023       2.76741230E-05
   45.7000008       2.81880111E-05
   45.7999992       2.79059605E-05
   45.9000015       2.76707415E-05
   46.0000000       2.80021632E-05
   46.1000023       2.76473038E-05
   46.2000008       2.78629450E-05
   46.2999992       2.74458853E-05
   46.4000015       2.74154227E-05
   46.5000000       2.77660438E-05
   46.6000023       2.69113316E-05
   46.7000008       2.76171104E-05
   46.7999992       2.71853914E-05
   46.9000015       2.70550845E-05
   47.0000000       2.74706199E-05
   47.1000023       2.67572304E-05
   47.2000008       2.73435326E-05
   47.2999992       2.67290288E-05
   47.4000015       2.68036256E-05
   47.5000000       2.66993811E-05
   47.6000023       2.63552138E-05
   47.7000008       2.68370022E-05
   47.7999992       2.65356939E-05
   47.9000015       2.66654788E-05
   48.0000000       2.61156656E-05
   48.1000023       2.65332983E-05
   48.2000008       2.64143891E-05
   48.2999992       2.60262532E-05
   48.4000015       2.64120281E-05
   48.5000000       2.61294535E-05
   48.6000023       2.60484958E-05
   48.7000008       2.59638327E-05
   48.7999992       2.58163254E-05
   48.9000015       2.62955073E-05
   49.0000000       2.54205206E-05
   49.1000023       2.61749956E-05
   49.2000008       2.55127379E-05
   49.2999992       2.58881846E-05
   49.4000015       2.55637133E-05
   49.5000000       2.54770730E-05
   49.6000023       2.57629272E-05
   49.7000008       2.47885164E-05
   49.7999992       2.58665787E-05
   49.9000015       2.49978366E-05
   50.0000000       2.51179026E-05
   50.1000023       2.54149709E-05
   50.2000008       2.44123075E-05
   50.2999992       2.55674058E-05
   50.4000015       2.47037169E-05
   50.5000000       2.48261331E-05
   50.6000023       2.48901706E-05
   50.7000008       2.46712498E-05
   50.7999992       2.48506294E-05
   50.9000015       2.41277266E-05
   51.0000000       2.47558455E-05
   51.1000023       2.43553131E-05
   51.2000008       2.42198748E-05
   51.2999992       2.46587388E-05
   51.4000015       2.39200563E-05
   51.5000000       2.47205353E-05
   51.6000023       2.39666206E-05
   51.7000008       2.39009423E-05
   51.7999992       2.41688922E-05
   51.9000015       2.38640368E-05
   52.0000000       2.40503432E-05
   52.1000023       2.37899094E-05
   52.2000008       2.41880534E-05
   52.2999992       2.33275405E-05
   52.4000015       2.40222362E-05
   52.5000000       2.38131997E-05
   52.6000023       2.32214898E-05
   52.7000008       2.38583361E-05
   52.7999992       2.32031089E-05
   52.9000015       2.33271439E-05
   53.0000000       2.34182080E-05
   53.1000023       2.31000940E-05
   53.2000008       2.32236562E-05
   53.2999992       2.29796951E-05
   53.4000015       2.34367526E-05
   53.5000000       2.25340300E-05
   53.6000023       2.32606053E-05
   53.7000008       2.29757316E-05
   53.7999992       2.24958039E-05
   53.9000015       2.29838606E-05
   54.0000000       2.26576685E-05
   54.1000023       2.21225982E-05
   54.2000008       2.28153931E-05
   54.2999992       2.24138857E-05
   54.4000015       2.24126961E-05
   54.5000000       2.25454169E-05
   54.6000023       2.24958039E-05
   54.7000008       2.18311761E-05
   54.7999992       2.24886880E-05
   54.9000015       2.20165475E-05
   55.0000000       2.19145513E-05
   55.1000023       2.24272117E-05
   55.2000008       2.18527966E-05
   55.2999992       2.18066198E-05
   55.4000015       2.19953072E-05
   55.5000000       2.16464523E-05
   55.6000023       2.16497374E-05
   55.7000008       2.12429022E-05
   55.7999992       2.21190985E-05
   55.9000015       2.12616887E-05
   56.0000000       2.13246676E-05
   56.1000023       2.18251116E-05
   56.2000008       2.12415162E-05
   56.2999992       2.13047588E-05
   56.4000015       2.15077107E-05
   56.5000000       2.11733786E-05
   56.6000023       2.06937821E-05
   56.7000008       2.15941727E-05
   56.7999992       2.08608944E-05
   56.9000015       2.06509485E-05
   57.0000000       2.13344192E-05
   57.1000023       2.08076362E-05
   57.2000008       2.05493998E-05
   57.2999992       2.08696110E-05
   57.4000015       2.07388966E-05
   57.5000000       2.04556454E-05
   57.6000023       2.06002296E-05
   57.7000008       2.06913919E-05
   57.7999992       2.03310501E-05
   57.9000015       1.99431233E-05
   58.0000000       2.06901477E-05
   58.1000023       2.00606337E-05
   58.2000008       1.98744165E-05
   58.2999992       2.04258449E-05
   58.4000015       2.01092953E-05
   58.5000000       1.96070123E-05
   58.6000023       2.00094582E-05
   58.7000008       2.03775326E-05
   58.7999992       1.94366057E-05
   58.9000015       2.00152408E-05
   59.0000000       1.99397073E-05
   59.1000023       1.94142194E-05
   59.2000008       1.95641078E-05
   59.2999992       1.96969831E-05
   59.4000015       1.94629865E-05
   59.5000000       1.92014413E-05
   59.6000023       1.95986995E-05
   59.7000008       1.96663441E-05
   59.7999992       1.88254307E-05
   59.9000015       1.95876219E-05
   60.0000000       1.94212826E-05
   60.1000023       1.92142506E-05
   60.2000008       1.85723256E-05
   60.2999992       1.95711091E-05
   60.4000015       1.91968047E-05
   60.5000000       1.82333988E-05
   60.6000023       1.91676772E-05
   60.7000008       1.91871604E-05
   60.7999992       1.82317344E-05
   60.9000015       1.85481258E-05
   61.0000000       1.90082774E-05
   61.1000023       1.86673187E-05
   61.2000008       1.81182240E-05
   61.2999992       1.85406006E-05
   61.4000015       1.88282720E-05
   61.5000000       1.77681632E-05
   61.6000023       1.80310635E-05
   61.7000008       1.86002435E-05
   61.7999992       1.85993958E-05
   61.9000015       1.71505235E-05
   62.0000000       1.84250839E-05
   62.1000023       1.88704180E-05
   62.2000008       1.71008542E-05
   62.2999992       1.74389061E-05
   62.4000015       1.86722227E-05
   62.5000000       1.78886385E-05
   62.6000023       1.71747124E-05
   62.7000008       1.76261310E-05
   62.7999992       1.83097873E-05
   62.9000015       1.72379314E-05
   63.0000000       1.73206427E-05
   63.1000023       1.75450186E-05
   63.2000008       1.81478445E-05
   63.2999992       1.68280567E-05
   63.4000015       1.63915702E-05
   63.5000000       1.81640353E-05
   63.6000023       1.76550802E-05
   63.7000008       1.63401146E-05
   63.7999992       1.67763246E-05
   63.9000015       1.82044532E-05
   64.0000000       1.70587318E-05
   64.0999985       1.57094400E-05
   64.2000046       1.74517700E-05
   64.3000031       1.74105317E-05
   64.4000015       1.64938574E-05
   64.5000000       1.61559310E-05
   64.5999985       1.66029022E-05
   64.7000046       1.76986796E-05
   64.8000031       1.63649947E-05
   64.9000015       1.54364352E-05
   65.0000000       1.65023030E-05
   65.0999985       1.79294530E-05
   65.2000046       1.57822215E-05
   65.3000031       1.48279578E-05
   65.4000015       1.70684089E-05
   65.5000000       1.71234387E-05
   65.5999985       1.54489553E-05
   65.7000046       1.46658567E-05
   65.8000031       1.64214416E-05
   65.9000015       1.70838139E-05
   66.0000000       1.59128140E-05
   66.0999985       1.47905748E-05
   66.2000046       1.52370658E-05
   66.3000031       1.74487868E-05
   66.4000015       1.62935121E-05
   66.5000000       1.39420881E-05
   66.5999985       1.47389801E-05
   66.7000046       1.72742639E-05
   66.8000031       1.70801595E-05
   66.9000015       1.35906730E-05
   67.0000000       1.39713202E-05
   67.0999985       1.61953394E-05
   67.2000046       1.72474229E-05
   67.3000031       1.56614205E-05
   67.4000015       1.29416921E-05
   67.5000000       1.35845294E-05
   67.5999985       1.69022715E-05
   67.7000046       1.80140723E-05
   67.8000031       1.37441921E-05
   67.9000015       1.10125093E-05
   68.0000000       1.50050582E-05
   68.0999985       1.81416744E-05
   68.2000046       1.69929626E-05
   68.3000031       1.30510252E-05
   68.4000015       1.08342028E-05
   68.5000000       1.29982600E-05
   68.5999985       1.82030035E-05
   68.7000046       2.04290773E-05
   68.8000031       1.39893509E-05
   68.9000015       7.57695670E-06
   69.0000000       9.61070691E-06
   69.0999985       1.87726564E-05
   69.2000046       2.63733054E-05
   69.3000031       2.77951876E-05
   69.4000015       2.70345481E-05
   69.5000000       3.33416137E-05
   69.5999985       6.73320828E-05
   69.7000046       1.47879880E-04
   69.8000031       2.79706583E-04
   69.9000015       4.60730138E-04
   70.0000000       6.87133928E-04
   70.0999985       9.54339979E-04
   70.2000046       1.25020160E-03
   70.3000031       1.56926271E-03
   70.4000015       1.91141921E-03
   70.5000000       2.27331626E-03
   70.5999985       2.64898618E-03
   70.7000046       3.03821452E-03
   70.8000031       3.44385835E-03
   70.9000015       3.86191416E-03
   71.0000000       4.28729411E-03
   71.0999985       4.72437823E-03
   71.2000046       5.17363800E-03
   71.3000031       5.63021284E-03
   71.4000015       6.09171344E-03
   71.5000000       6.56335196E-03
   71.5999985       7.04474235E-03
   71.7000046       7.52903894E-03
   71.8000031       8.01801588E-03
   71.9000015       8.51654820E-03
   72.0000000       9.02157743E-03
   72.0999985       9.52746067E-03
   72.2000046       1.00384243E-02
   72.3000031       1.05587058E-02
   72.4000015       1.10816639E-02
   72.5000000       1.16050523E-02
   72.5999985       1.21343713E-02
   72.7000046       1.26720220E-02
   72.8000031       1.32087944E-02
   72.9000015       1.37467021E-02
   73.0000000       1.42928725E-02
   73.0999985       1.48431705E-02
   73.2000046       1.53920548E-02
   73.3000031       1.59430634E-02
   73.4000015       1.65024865E-02
   73.5000000       1.70638673E-02
   73.5999985       1.76216029E-02
   73.7000046       1.81851555E-02
   73.8000031       1.87559221E-02
   73.9000015       1.93254091E-02
   74.0000000       1.98921990E-02
   74.0999985       2.04667225E-02
   74.2000046       2.10468732E-02
   74.3000031       2.16227397E-02
   74.4000015       2.21980195E-02
   74.5000000       2.27815248E-02
   74.5999985       2.33699605E-02
   74.7000046       2.39523705E-02
   74.8000031       2.45336145E-02
   74.9000015       2.51263287E-02
   75.0000000       2.57215276E-02
   75.0999985       2.63093263E-02
   75.2000046       2.68966164E-02
   75.3000031       2.74960063E-02
   75.4000015       2.80998163E-02
   75.5000000       2.86909137E-02
   75.5999985       2.92808115E-02
   75.7000046       2.98890229E-02
   75.8000031       3.05018127E-02
   75.9000015       3.10943592E-02
   76.0000000       3.16837616E-02
   76.0999985       3.23029421E-02
   76.2000046       3.29271294E-02
   76.3000031       3.35159488E-02
   76.4000015       3.41007710E-02
   76.5000000       3.47360782E-02
   76.5999985       3.53758857E-02
   76.7000046       3.59526388E-02
   76.8000031       3.65293846E-02
   76.9000015       3.71881202E-02
   77.0000000       3.78461890E-02
   77.0999985       3.84029634E-02
   77.2000046       3.89651768E-02
   77.3000031       3.96573581E-02
   77.4000015       4.03404832E-02
   77.5000000       4.08651121E-02
   77.5999985       4.14033905E-02
   77.7000046       4.21393961E-02
   77.8000031       4.28601541E-02
   77.9000015       4.33419980E-02
   78.0000000       4.38398384E-02
   78.0999985       4.46273200E-02
   78.2000046       4.54080701E-02
   78.3000031       4.58424650E-02
   78.4000015       4.62689176E-02
   78.5000000       4.71068732E-02
   78.5999985       4.79846224E-02
   78.7000046       4.83820140E-02
   78.8000031       4.86902818E-02
   78.9000015       4.95527051E-02
   79.0000000       5.05853593E-02
   79.0999985       5.09902239E-02
   79.2000046       5.11127785E-02
   79.3000031       5.19299023E-02
   79.4000015       5.31890541E-02
   79.5000000       5.37038110E-02
   79.5999985       5.35695106E-02
   79.7000046       5.41995987E-02
   79.8000031       5.57426773E-02
   79.9000015       5.65502904E-02
   80.0000000       5.61334528E-02
   80.0999985       5.63520454E-02
   80.2000046       5.81431724E-02
   80.3000031       5.95043153E-02
   80.4000015       5.89323007E-02
   80.5000000       5.84712848E-02
   80.5999985       6.02347590E-02
   80.7000046       6.23897314E-02
   80.8000031       6.21435046E-02
   80.9000015       6.08516447E-02
   81.0000000       6.18260093E-02
   81.0999985       6.47472069E-02
   81.2000046       6.59639239E-02
   81.3000031       6.41209483E-02
   81.4000015       6.27342463E-02
   81.5000000       6.57270774E-02
   81.5999985       7.05494061E-02
   81.7000046       6.92253262E-02
   81.8000031       6.28047734E-02
   81.9000015       6.42303228E-02
   82.0000000       7.59243444E-02
   82.0999985       7.70362988E-02
   82.2000046       6.18734434E-02
   82.3000031       5.95533475E-02
   82.4000015       8.18661451E-02
   82.5000000       8.75693336E-02
   82.5999985       5.98455369E-02
   82.7000046       5.22125512E-02
   82.8000031       8.78711715E-02
   82.9000015       9.96374711E-02
   83.0000000       5.70372231E-02
   83.0999985       4.38315496E-02
   83.2000046       9.32803154E-02
   83.3000031      0.111730441    
   83.4000015       5.43166399E-02
   83.5000000       3.58699411E-02
   83.5999985       9.74081829E-02
   83.7000046      0.123181194    
   83.8000031       5.27020395E-02
   83.9000015       2.87810881E-02
   84.0000000       9.95467901E-02
   84.0999985      0.134230688    
   84.2000046       5.30143529E-02
   84.3000031       2.23571025E-02
   84.4000015       9.89636034E-02
   84.5000000      0.145328134    
   84.5999985       5.59099391E-02
   84.7000046       1.63893048E-02
   84.8000031       9.49557275E-02
   84.9000015      0.156544313    
   85.0000000       6.20422028E-02
   85.0999985       1.10105406E-02
   85.2000046       8.69896710E-02
   85.3000031      0.167258590    
   85.4000015       7.21453428E-02
   85.5000000       6.72117434E-03
   85.5999985       7.49217495E-02
   85.7000046      0.176013306    
   85.8000031       8.69993716E-02
   85.9000015       4.31122072E-03
   86.0000000       5.92393875E-02
   86.0999985      0.180523574    
   86.2000046      0.107215047    
   86.3000031       4.80671553E-03
   86.4000015       4.12510335E-02
   86.5000000      0.177937433    
   86.5999985      0.132765621    
   86.7000046       9.49433912E-03
   86.8000031       2.30303258E-02
   86.9000015      0.165535957    
   87.0000000      0.162250072    
   87.0999985       2.00787913E-02
   87.2000046       7.05477223E-03
   87.3000031      0.141930163    
   87.4000015      0.191940174    
   87.5000000       3.88226733E-02
   87.5999985      -4.41304222E-03
   87.7000046      0.108439364    
   87.8000031      0.215208650    
   87.9000015       6.82501867E-02
   88.0000000      -9.76752490E-03
   88.0999985       6.97267726E-02
   88.2000046      0.223350227    
   88.3000031      0.109835766    
   88.4000015      -7.70333037E-03
   88.5000000       3.28556150E-02
   88.5999985      0.208600745    
   88.7000046      0.161214292    
   88.8000031       4.04363312E-03
   88.9000015       4.52311337E-03
   89.0000000      0.169079781    
   89.0999985      0.212913737    
   89.2000046       2.98846234E-02
   89.3000031      -1.18822940E-02
   89.4000015      0.112482473    
   89.5000000      0.247914970    
   89.5999985       7.52484500E-02
   89.7000046      -1.64317917E-02
   89.8000031       5.44262752E-02
   89.9000015      0.247637287    
   90.0000000      0.140928388    
   90.0999985      -8.96928832E-03
   90.2000046       1.02950782E-02
   90.3000031      0.204547524    
   90.4000015      0.214572936    
   90.5000000       1.56001151E-02
   90.5999985      -1.36699267E-02
   90.7000046      0.131682366    
   90.8000031      0.268393308    
   90.9000015       6.65822178E-02
   91.0000000      -2.04677507E-02
   91.0999985       5.72290123E-02
   91.2000046      0.271839350    
   91.3000031      0.146656409    
   91.4000015      -1.29491985E-02
   91.5000000       5.13725728E-03
   91.5999985      0.216044798    
   91.7000046      0.237305254    
   91.8000031       1.53143127E-02
   91.9000015      -1.80622786E-02
   92.0000000      0.134583756    
   92.0999985      0.291706443    
   92.2000046       7.05274493E-02
   92.3000031      -2.30681449E-02
   92.4000015       3.63529921E-02
   92.5000000      0.279402137    
   92.5999985      0.186479807    
   92.7000046      -5.46365511E-03
   92.8000031      -1.98883843E-02
   92.9000015       7.57746249E-02
   93.0000000      0.342100441    
   93.0999985      0.144499809    
   93.2000046      -6.76241517E-03
   93.3000031      0.213928729    
   93.4000015      0.274631083    
   93.5000000       1.74160302E-02
   93.5999985       1.61496252E-02
   93.7000046      0.277550995    
   93.8000031      0.219599709    
   93.9000015      -9.34906024E-03
   94.0000000       8.43390822E-02
   94.0999985      0.318079293    
   94.2000046      0.120453358    
   94.3000031       2.25048363E-02
   94.4000015      0.270352840    
   94.5000000      0.218629569    
   94.5999985       5.24650514E-03
   94.7000046      0.167593762    
   94.8000031      0.298122406    
   94.9000015       4.89587225E-02
   95.0000000       7.26301372E-02
   95.0999985      0.310085952    
   95.2000046      0.135462910    
   95.3000031       2.02915743E-02
   95.4000015      0.258050203    
   95.5000000      0.227009475    
   95.5999985       1.32457055E-02
   95.7000046      0.176849514    
   95.8000031      0.292976528    
   95.9000015       4.67962921E-02
   96.0000000      0.101472899    
   96.0999985      0.314344049    
   96.2000046      0.106657453    
   96.3000031       4.82883900E-02
   96.4000015      0.293808699    
   96.5000000      0.177944422    
   96.5999985      -6.76556583E-03
   96.7000046      -3.37238517E-03
   96.8000031       7.73799955E-04
   96.9000015      -4.06589934E-05
   97.0000000      -1.42744257E-05
   97.0999985       3.58079365E-06
   97.2000046      -2.25092677E-07
   97.3000031      -5.96466805E-08
   97.4000015       1.64843303E-08
   97.5000000      -1.20537247E-09
   97.5999985      -2.45111542E-10
   97.7000046       7.54643154E-11
   97.8000031      -6.29677560E-12
   97.9000015      -9.86275081E-13
   98.0000000       3.43458579E-13
   98.0999985      -3.22571390E-14
   98.2000046      -3.86039501E-15
   98.3000031       1.55355880E-15
   98.4000015      -1.62612207E-16
   98.5000000      -1.45422934E-17
   98.5999985       6.98117855E-18
   98.7000046      -8.08620231E-19
   98.8000031      -5.17250254E-20
   98.9000015       3.11505944E-20
   99.0000000      -3.97320859E-21
   99.0999985      -1.66915723E-22
   99.2000046       1.37937302E-22
   99.3000031      -1.93142842E-23
   99.4000015      -4.37894421E-25
   99.5000000       6.05695785E-25
   99.5999985      -9.29706596E-26
   99.7000046      -4.93966364E-28
   99.8000031       2.63710827E-27
   99.9000015      -4.54770608E-28
   100.000000       0.00000000    
