  -1.00000000      -2.91782835E-05
   1.00000000      -2.91782835E-05
   3.00000000      -1.58356605E-04
   5.00000000       1.01618367E-04
   7.00000000      -2.88948300E-04
   9.00000000       2.31107784E-04
   11.0000000      -4.05889296E-04
   13.0000000       3.26345500E-04
   15.0000000      -4.54189110E-04
   17.0000000       3.09011870E-04
   19.0000000      -3.36910016E-04
   21.0000000       7.66627345E-05
   23.0000000       2.85955066E-05
   25.0000000      -3.96040181E-04
   27.0000000       5.63892827E-04
   29.0000000      -8.84045556E-04
   31.0000000       8.78617750E-04
   33.0000000      -8.66283488E-04
   35.0000000       4.34853398E-04
   37.0000000       1.01004171E-05
   39.0000000      -6.85202831E-04
   41.0000000       1.03012391E-03
   43.0000000      -1.14490115E-03
   45.0000000       6.05578360E-04
   47.0000000       1.49131622E-04
   49.0000000      -1.00292650E-03
   51.0000000       1.17080309E-03
   53.0000000      -6.64341904E-04
   55.0000000      -4.52468084E-04
   57.0000000       1.11661828E-03
   59.0000000      -8.70203599E-04
   61.0000000      -2.85188959E-04
   63.0000000       1.02693273E-03
   65.0000000      -5.99428546E-04
   67.0000000      -2.16750239E-04
   69.0000000       2.51504150E-03
   71.0000000       3.75806424E-03
   73.0000000       7.94226024E-03
   75.0000000       2.79305875E-02
   77.0000000       5.43432198E-02
   79.0000000       4.65963036E-02
   81.0000000       2.41924804E-02
   83.0000000       7.64612108E-02
   85.0000000      0.162453949    
   87.0000000       8.39879140E-02
   89.0000000       1.22190465E-03
   91.0000000      0.110308006    
   93.0000000      0.301553786    
   95.0000000      0.107093088    
   97.0000000      -7.86085613E-03
   99.0000000      -8.15775013E-04
   101.000000      -8.15775013E-04
