   0.00000000       0.00000000    
   2.00000000       1.86077468E-02
   4.00000000       3.01074721E-02
   6.00000000       3.01156621E-02
   8.00000000       1.85012445E-02
   10.0000000       1.48294494E-03
   12.0000000      -1.06470652E-04
   14.0000000       7.64424840E-06
   16.0000000      -5.48832304E-07
   18.0000000       3.94043873E-08
   20.0000000      -2.82910739E-09
   22.0000000       2.03120784E-10
   24.0000000      -1.45834143E-11
   26.0000000       1.04704201E-12
   28.0000000      -7.51742418E-14
   30.0000000       5.39726768E-15
   32.0000000      -3.87506350E-16
   34.0000000       2.78217037E-17
   36.0000000      -1.99750842E-18
   38.0000000       1.43414649E-19
   40.0000000      -1.02967071E-20
   42.0000000       7.39270307E-22
   44.0000000      -5.30772186E-23
   46.0000000       3.81077286E-24
   48.0000000      -2.73601170E-25
   50.0000000       1.96436796E-26
   52.0000000      -1.41035272E-27
   54.0000000       1.01258764E-28
   56.0000000      -7.27005226E-30
   58.0000000       5.21966182E-31
   60.0000000      -3.74754887E-32
   62.0000000       2.69061896E-33
   64.0000000      -1.93177734E-34
   66.0000000       1.38695376E-35
   68.0000000      -9.95787890E-37
   70.0000000       7.14943541E-38
   72.0000000      -5.13306277E-39
   74.0000000       3.68535891E-40
   76.0000000      -2.64593176E-41
   78.0000000       1.90016072E-42
   80.0000000      -1.37327250E-43
   82.0000000       9.80908925E-45
   84.0000000       0.00000000    
   86.0000000       0.00000000    
   88.0000000       0.00000000    
   90.0000000       0.00000000    
   92.0000000       0.00000000    
   94.0000000       0.00000000    
   96.0000000       0.00000000    
   98.0000000       0.00000000    
   100.000000       0.00000000    
