   0.00000000       0.00000000    
   2.00000000       3.32240670E-05
   4.00000000      -6.99947705E-05
   6.00000000       1.20961951E-04
   8.00000000      -1.80767223E-04
   10.0000000       2.64687755E-04
   12.0000000      -3.54882155E-04
   14.0000000       4.66949306E-04
   16.0000000      -5.64810180E-04
   18.0000000       6.59274403E-04
   20.0000000      -6.92712551E-04
   22.0000000       6.73215138E-04
   24.0000000      -5.32602309E-04
   26.0000000       2.99796520E-04
   28.0000000       6.63762330E-05
   30.0000000      -4.68775514E-04
   32.0000000       8.78129969E-04
   34.0000000      -1.11285213E-03
   36.0000000       1.11408811E-03
   38.0000000      -7.38814007E-04
   40.0000000       9.81335761E-05
   42.0000000       6.91199908E-04
   44.0000000      -1.22997852E-03
   46.0000000       1.27673743E-03
   48.0000000      -6.23265456E-04
   50.0000000      -3.89755005E-04
   52.0000000       1.24356162E-03
   54.0000000      -1.22120476E-03
   56.0000000       3.05728754E-04
   58.0000000       8.99378269E-04
   60.0000000      -1.22503797E-03
   62.0000000       3.71271221E-04
   64.0000000       8.75933445E-04
   66.0000000      -9.50203743E-04
   68.0000000       4.31547873E-04
   70.0000000       3.09920078E-03
   72.0000000       3.92087922E-03
   74.0000000       1.03366608E-02
   76.0000000       3.49248275E-02
   78.0000000       5.71861565E-02
   80.0000000       3.93342525E-02
   82.0000000       2.29107719E-02
   84.0000000       9.95493680E-02
   86.0000000      0.159598872    
   88.0000000       5.36293685E-02
   90.0000000      -4.65275347E-03
   92.0000000      0.159649163    
   94.0000000      0.282227308    
   96.0000000       5.34493253E-02
   98.0000000      -1.13455951E-02
   100.000000       0.00000000    
