 -0.250000000      -2.44600669E-05
  0.250000000      -2.44600669E-05
  0.750000000       5.11252838E-05
   1.25000000      -3.08688868E-05
   1.75000000      -1.58965286E-05
   2.25000000       9.72339403E-05
   2.75000000       2.02579802E-04
   3.25000000       5.28310949E-04
   3.75000000       2.31728237E-03
   4.25000000       5.84940286E-03
   4.75000000       1.07824076E-02
   5.25000000       1.67799257E-02
   5.75000000       2.35070940E-02
   6.25000000       3.09512485E-02
   6.75000000       3.88325714E-02
   7.25000000       4.72218022E-02
   7.75000000       5.58485948E-02
   8.25000000       6.48267940E-02
   8.75000000       7.38974884E-02
   9.25000000       8.31908733E-02
   9.75000000       9.24605876E-02
   10.2500000      0.101831444    
   10.7500000      0.111078799    
   11.2500000      0.120295607    
   11.7500000      0.129297972    
   12.2500000      0.138112396    
   12.7500000      0.146622688    
   13.2500000      0.154746056    
   13.7500000      0.162458852    
   14.2500000      0.169530839    
   14.7500000      0.176037073    
   15.2500000      0.181574613    
   15.7500000      0.186278671    
   16.2500000      0.189580262    
   16.7500000      0.191553086    
   17.2500000      0.191488147    
   17.7500000      0.189153686    
   18.2500000      0.183674499    
   18.7500000      0.174064696    
   19.2500000      0.159062728    
   19.7500000      0.136448070    
   20.2500000      0.106204599    
   20.7500000       7.26373270E-02
   21.2500000       4.37365286E-02
   21.7500000       2.32881568E-02
   22.2500000       1.02630043E-02
   22.7500000       3.25279497E-03
   23.2500000       5.42096095E-04
   23.7500000      -4.57445494E-05
   24.2500000      -4.12119043E-05
   24.7500000      -3.68178712E-06
   25.2500000       1.77946890E-06
   25.7500000       2.87262480E-07
   26.2500000      -7.57879803E-08
   26.7500000      -1.24109274E-08
   27.2500000       3.55338958E-09
   27.7500000       3.25645372E-10
   28.2500000      -1.59779093E-10
   28.7500000       1.10806676E-12
   29.2500000       5.65704905E-12
   29.7500000      -6.54227811E-13
   30.2500000      -1.13545160E-13
   30.7500000       3.62095235E-14
   31.2500000      -1.33789108E-15
   31.7500000      -9.39379973E-16
   32.2500000       1.83955691E-16
   32.7500000      -1.05749830E-18
   33.2500000      -5.21893726E-18
   33.7500000       9.15565895E-19
   34.2500000      -1.24392487E-20
   34.7500000      -2.31583446E-20
   35.2500000       4.57615298E-21
   35.7500000      -2.33179483E-22
   36.2500000      -7.65642583E-23
   36.7500000       2.08858482E-23
   37.2500000      -2.13754957E-24
   37.7500000      -1.03269892E-25
   38.2500000       7.43318856E-26
   38.7500000      -1.26383891E-26
   39.2500000       7.96236158E-28
   39.7500000       1.38949586E-28
   40.2500000      -4.83106165E-29
   40.7500000       6.99124306E-30
   41.2500000      -3.69082022E-31
   41.7500000      -8.22093141E-32
   42.2500000       2.63702057E-32
   42.7500000      -3.91106587E-33
   43.2500000       2.68405561E-34
   43.7500000       2.78428866E-35
   44.2500000      -1.21644753E-35
   44.7500000       2.11749677E-36
   45.2500000      -2.12149637E-37
   45.7500000       2.22013041E-39
   46.2500000       4.05519661E-39
   46.7500000      -9.74370466E-40
   47.2500000       1.37671969E-40
   47.7500000      -1.12005786E-41
   48.2500000      -2.90068782E-43
   48.7500000       2.99877871E-43
   49.2500000      -6.30584309E-44
   49.7500000       9.80908925E-45
   50.2500000       0.00000000    
   50.7500000       0.00000000    
   51.2500000       0.00000000    
   51.7500000       0.00000000    
   52.2500000       0.00000000    
   52.7500000       0.00000000    
   53.2500000       0.00000000    
   53.7500000       0.00000000    
   54.2500000       0.00000000    
   54.7500000       0.00000000    
   55.2500000       0.00000000    
   55.7500000       0.00000000    
   56.2500000       0.00000000    
   56.7500000       0.00000000    
   57.2500000       0.00000000    
   57.7500000       0.00000000    
   58.2500000       0.00000000    
   58.7500000       0.00000000    
   59.2500000       0.00000000    
   59.7500000       0.00000000    
   60.2500000       0.00000000    
   60.7500000       0.00000000    
   61.2500000       0.00000000    
   61.7500000       0.00000000    
   62.2500000       0.00000000    
   62.7500000       0.00000000    
   63.2500000       0.00000000    
   63.7500000       0.00000000    
   64.2500000       0.00000000    
   64.7500000       0.00000000    
   65.2500000       0.00000000    
   65.7500000       0.00000000    
   66.2500000       0.00000000    
   66.7500000       0.00000000    
   67.2500000       0.00000000    
   67.7500000       0.00000000    
   68.2500000       0.00000000    
   68.7500000       0.00000000    
   69.2500000       0.00000000    
   69.7500000       0.00000000    
   70.2500000       0.00000000    
   70.7500000       0.00000000    
   71.2500000       0.00000000    
   71.7500000       0.00000000    
   72.2500000       0.00000000    
   72.7500000       0.00000000    
   73.2500000       0.00000000    
   73.7500000       0.00000000    
   74.2500000       0.00000000    
   74.7500000       0.00000000    
   75.2500000       0.00000000    
   75.7500000       0.00000000    
   76.2500000       0.00000000    
   76.7500000       0.00000000    
   77.2500000       0.00000000    
   77.7500000       0.00000000    
   78.2500000       0.00000000    
   78.7500000       0.00000000    
   79.2500000       0.00000000    
   79.7500000       0.00000000    
   80.2500000       0.00000000    
   80.7500000       0.00000000    
   81.2500000       0.00000000    
   81.7500000       0.00000000    
   82.2500000       0.00000000    
   82.7500000       0.00000000    
   83.2500000       0.00000000    
   83.7500000       0.00000000    
   84.2500000       0.00000000    
   84.7500000       0.00000000    
   85.2500000       0.00000000    
   85.7500000       0.00000000    
   86.2500000       0.00000000    
   86.7500000       0.00000000    
   87.2500000       0.00000000    
   87.7500000       0.00000000    
   88.2500000       0.00000000    
   88.7500000       0.00000000    
   89.2500000       0.00000000    
   89.7500000       0.00000000    
   90.2500000       0.00000000    
   90.7500000       0.00000000    
   91.2500000       0.00000000    
   91.7500000       0.00000000    
   92.2500000       0.00000000    
   92.7500000       0.00000000    
   93.2500000       0.00000000    
   93.7500000       0.00000000    
   94.2500000       0.00000000    
   94.7500000       0.00000000    
   95.2500000       0.00000000    
   95.7500000       0.00000000    
   96.2500000       0.00000000    
   96.7500000       0.00000000    
   97.2500000       0.00000000    
   97.7500000       0.00000000    
   98.2500000       0.00000000    
   98.7500000       0.00000000    
   99.2500000       0.00000000    
   99.7500000       0.00000000    
   100.250000       0.00000000    
