   0.00000000       0.00000000    
  0.500000000      -7.18673546E-05
   1.00000000       1.10628527E-04
   1.50000000      -8.27355252E-05
   2.00000000       6.12916847E-06
   2.50000000       1.61784978E-04
   3.00000000       1.66461061E-04
   3.50000000       7.91393628E-04
   4.00000000       2.95193354E-03
   4.50000000       6.93348190E-03
   5.00000000       1.20774843E-02
   5.50000000       1.82659104E-02
   6.00000000       2.50464864E-02
   6.50000000       3.25202085E-02
   7.00000000       4.03315648E-02
   7.50000000       4.86090556E-02
   8.00000000       5.70426136E-02
   8.50000000       6.57841638E-02
   9.00000000       7.45405331E-02
   9.50000000       8.34876448E-02
   10.0000000       9.23266411E-02
   10.5000000      0.101258032    
   11.0000000      0.109967977    
   11.5000000      0.118671738    
   12.0000000      0.127046645    
   12.5000000      0.135296226    
   13.0000000      0.143115714    
   13.5000000      0.150645956    
   14.0000000      0.157643691    
   14.5000000      0.164120778    
   15.0000000      0.169941694    
   15.5000000      0.174913064    
   16.0000000      0.179030150    
   16.5000000      0.181833968    
   17.0000000      0.183394030    
   17.5000000      0.182950497    
   18.0000000      0.180438071    
   18.5000000      0.174739346    
   19.0000000      0.165142298    
   19.5000000      0.149969861    
   20.0000000      0.127079248    
   20.5000000       9.67015624E-02
   21.0000000       6.41630962E-02
   21.5000000       3.75132486E-02
   22.0000000       1.91810392E-02
   22.5000000       7.82637019E-03
   23.0000000       2.14171363E-03
   23.5000000       2.24292366E-04
   24.0000000      -7.49866886E-05
   24.5000000      -2.77682047E-05
   25.0000000       4.31895728E-07
   25.5000000       1.50417236E-06
   26.0000000       5.15288932E-08
   26.5000000      -7.00525931E-08
   27.0000000      -1.45859635E-09
   27.5000000       3.04065795E-09
   28.0000000      -1.09263876E-10
   28.5000000      -1.11287826E-10
   29.0000000       1.39013861E-11
   29.5000000       2.65636731E-12
   30.0000000      -7.90313670E-13
   30.5000000       6.12252694E-15
   31.0000000       2.55327765E-14
   31.5000000      -3.78573414E-15
   32.0000000      -2.48568330E-16
   32.5000000       1.55602414E-16
   33.0000000      -1.75057805E-17
   33.5000000      -1.69955052E-18
   34.0000000       8.00578381E-19
   34.5000000      -9.26370942E-20
   35.0000000      -5.71265552E-21
   35.5000000       3.60831047E-21
   36.0000000      -5.24451542E-22
   36.5000000       4.14691872E-24
   37.0000000       1.29985771E-23
   37.5000000      -2.67909943E-24
   38.0000000       2.04418019E-25
   38.5000000       2.62170157E-26
   39.0000000      -1.04934748E-26
   39.5000000       1.53320702E-27
   40.0000000      -6.57506464E-29
   40.5000000      -2.30691154E-29
   41.0000000       6.49958324E-30
   41.5000000      -8.55052146E-31
   42.0000000       3.35185367E-32
   42.5000000       1.24906296E-32
   43.0000000      -3.51878797E-33
   43.5000000       4.94993600E-34
   44.0000000      -3.08680770E-35
   44.5000000      -4.16193877E-36
   45.0000000       1.62234758E-36
   45.5000000      -2.75463082E-37
   46.0000000       2.71678169E-38
   46.5000000      -2.27727816E-40
   47.0000000      -5.32927819E-40
   47.5000000       1.27550390E-40
   48.0000000      -1.81496177E-41
   48.5000000       1.51760624E-42
   49.0000000       2.80259693E-44
   49.5000000      -3.78350585E-44
   50.0000000       8.40779079E-45
   50.5000000       0.00000000    
   51.0000000       0.00000000    
   51.5000000       0.00000000    
   52.0000000       0.00000000    
   52.5000000       0.00000000    
   53.0000000       0.00000000    
   53.5000000       0.00000000    
   54.0000000       0.00000000    
   54.5000000       0.00000000    
   55.0000000       0.00000000    
   55.5000000       0.00000000    
   56.0000000       0.00000000    
   56.5000000       0.00000000    
   57.0000000       0.00000000    
   57.5000000       0.00000000    
   58.0000000       0.00000000    
   58.5000000       0.00000000    
   59.0000000       0.00000000    
   59.5000000       0.00000000    
   60.0000000       0.00000000    
   60.5000000       0.00000000    
   61.0000000       0.00000000    
   61.5000000       0.00000000    
   62.0000000       0.00000000    
   62.5000000       0.00000000    
   63.0000000       0.00000000    
   63.5000000       0.00000000    
   64.0000000       0.00000000    
   64.5000000       0.00000000    
   65.0000000       0.00000000    
   65.5000000       0.00000000    
   66.0000000       0.00000000    
   66.5000000       0.00000000    
   67.0000000       0.00000000    
   67.5000000       0.00000000    
   68.0000000       0.00000000    
   68.5000000       0.00000000    
   69.0000000       0.00000000    
   69.5000000       0.00000000    
   70.0000000       0.00000000    
   70.5000000       0.00000000    
   71.0000000       0.00000000    
   71.5000000       0.00000000    
   72.0000000       0.00000000    
   72.5000000       0.00000000    
   73.0000000       0.00000000    
   73.5000000       0.00000000    
   74.0000000       0.00000000    
   74.5000000       0.00000000    
   75.0000000       0.00000000    
   75.5000000       0.00000000    
   76.0000000       0.00000000    
   76.5000000       0.00000000    
   77.0000000       0.00000000    
   77.5000000       0.00000000    
   78.0000000       0.00000000    
   78.5000000       0.00000000    
   79.0000000       0.00000000    
   79.5000000       0.00000000    
   80.0000000       0.00000000    
   80.5000000       0.00000000    
   81.0000000       0.00000000    
   81.5000000       0.00000000    
   82.0000000       0.00000000    
   82.5000000       0.00000000    
   83.0000000       0.00000000    
   83.5000000       0.00000000    
   84.0000000       0.00000000    
   84.5000000       0.00000000    
   85.0000000       0.00000000    
   85.5000000       0.00000000    
   86.0000000       0.00000000    
   86.5000000       0.00000000    
   87.0000000       0.00000000    
   87.5000000       0.00000000    
   88.0000000       0.00000000    
   88.5000000       0.00000000    
   89.0000000       0.00000000    
   89.5000000       0.00000000    
   90.0000000       0.00000000    
   90.5000000       0.00000000    
   91.0000000       0.00000000    
   91.5000000       0.00000000    
   92.0000000       0.00000000    
   92.5000000       0.00000000    
   93.0000000       0.00000000    
   93.5000000       0.00000000    
   94.0000000       0.00000000    
   94.5000000       0.00000000    
   95.0000000       0.00000000    
   95.5000000       0.00000000    
   96.0000000       0.00000000    
   96.5000000       0.00000000    
   97.0000000       0.00000000    
   97.5000000       0.00000000    
   98.0000000       0.00000000    
   98.5000000       0.00000000    
   99.0000000       0.00000000    
   99.5000000       0.00000000    
   100.000000       0.00000000    
