   0.00000000       0.00000000    
  0.500000000       2.21752316E-07
   1.00000000      -1.66085883E-07
   1.50000000       3.08272732E-08
   2.00000000       1.78507946E-07
   2.50000000      -8.68125838E-08
   3.00000000      -2.96882234E-08
   3.50000000       6.31366248E-08
   4.00000000       2.02577368E-07
   4.50000000       4.37293792E-08
   5.00000000       1.86917447E-07
   5.50000000      -4.18772608E-08
   6.00000000      -1.76446946E-09
   6.50000000       7.55384804E-08
   7.00000000      -3.45712898E-08
   7.50000000       2.05630727E-07
   8.00000000       2.34209807E-08
   8.50000000       1.55903166E-07
   9.00000000      -1.14806127E-07
   9.50000000       2.92956344E-08
   10.0000000       6.78421017E-08
   10.5000000      -7.70157698E-08
   11.0000000      -9.30388921E-09
   11.5000000      -5.36817417E-08
   12.0000000      -1.39487369E-07
   12.5000000       1.33373817E-07
   13.0000000      -2.86995316E-08
   13.5000000       2.73172788E-07
   14.0000000      -5.97351004E-08
   14.5000000      -6.47504805E-08
   15.0000000       3.66523381E-08
   15.5000000      -1.07211889E-07
   16.0000000       2.79115909E-07
   16.5000000      -6.74896228E-08
   17.0000000       3.33371801E-08
   17.5000000       2.35077593E-07
   18.0000000       1.77473567E-07
   18.5000000      -9.31246831E-08
   19.0000000       1.89285217E-07
   19.5000000      -3.22493094E-07
   20.0000000       2.29642936E-07
   20.5000000      -1.01002158E-07
   21.0000000       1.09294760E-07
   21.5000000       2.95862890E-10
   22.0000000      -4.40355414E-08
   22.5000000       1.38844030E-07
   23.0000000       7.99260818E-08
   23.5000000       6.93136570E-09
   24.0000000       1.96532866E-07
   24.5000000       1.13770881E-07
   25.0000000       3.08897370E-08
   25.5000000       1.96206230E-07
   26.0000000       2.92788542E-07
   26.5000000      -1.42052514E-07
   27.0000000       3.15351031E-07
   27.5000000      -1.07254053E-07
   28.0000000       1.88643497E-07
   28.5000000       1.64908514E-07
   29.0000000       1.91788615E-07
   29.5000000       9.17783467E-08
   30.0000000      -6.77366501E-08
   30.5000000       5.63328122E-08
   31.0000000       9.87447777E-08
   31.5000000       1.04048183E-07
   32.0000000      -3.41600241E-08
   32.5000000       1.25826659E-07
   33.0000000       9.40902964E-08
   33.5000000       2.04625621E-07
   34.0000000       3.06992263E-08
   34.5000000       7.24721758E-08
   35.0000000       1.05962883E-07
   35.5000000       4.60634411E-08
   36.0000000       3.77420193E-08
   36.5000000       5.32396314E-08
   37.0000000       2.40625013E-08
   37.5000000       2.30658614E-07
   38.0000000       2.04865174E-08
   38.5000000       2.54858605E-08
   39.0000000       3.41042892E-07
   39.5000000      -4.04600428E-07
   40.0000000       1.60667682E-07
   40.5000000       1.04265439E-07
   41.0000000      -3.93762676E-08
   41.5000000       9.15585048E-08
   42.0000000       2.56442974E-08
   42.5000000      -5.22959454E-09
   43.0000000       1.57771225E-07
   43.5000000      -8.86393678E-08
   44.0000000       2.64146536E-07
   44.5000000      -6.91390056E-08
   45.0000000       1.09472218E-07
   45.5000000       4.06367775E-07
   46.0000000       4.44418902E-09
   46.5000000      -5.43215606E-09
   47.0000000       1.75874604E-08
   47.5000000       1.58774981E-07
   48.0000000       1.63780769E-07
   48.5000000       2.19667058E-07
   49.0000000       1.88616639E-07
   49.5000000       1.35762974E-07
   50.0000000       8.80003341E-08
   50.5000000       2.64270568E-07
   51.0000000      -9.60524176E-08
   51.5000000       2.36800787E-07
   52.0000000       7.87208876E-09
   52.5000000       3.21243306E-07
   53.0000000       5.14907192E-08
   53.5000000      -3.82600263E-08
   54.0000000       4.34738070E-07
   54.5000000       2.70055480E-08
   55.0000000      -4.59161598E-08
   55.5000000       4.47946434E-07
   56.0000000       3.20251274E-08
   56.5000000       2.81345791E-07
   57.0000000       6.15509919E-08
   57.5000000       4.22542286E-08
   58.0000000       2.75839142E-07
   58.5000000       1.80433908E-08
   59.0000000       3.47373117E-07
   59.5000000       3.67828335E-07
   60.0000000       6.00012697E-08
   60.5000000       2.73534710E-07
   61.0000000       1.81532130E-07
   61.5000000       1.60432791E-07
   62.0000000       3.80379106E-07
   62.5000000      -5.69309542E-08
   63.0000000       2.02046095E-07
   63.5000000       2.27142309E-07
   64.0000000       7.93418309E-08
   64.5000000       2.44607520E-07
   65.0000000       3.01974325E-07
   65.5000000       8.15670660E-08
   66.0000000       3.81874656E-07
   66.5000000      -6.60578507E-08
   67.0000000       4.39802079E-08
   67.5000000       4.20349238E-07
   68.0000000       3.47838665E-08
   68.5000000       4.52195280E-07
   69.0000000       4.49961647E-07
   69.5000000       2.86401274E-07
   70.0000000       3.86854907E-07
   70.5000000       5.07186826E-07
   71.0000000       5.83114144E-08
   71.5000000       5.64090612E-07
   72.0000000       3.42215429E-07
   72.5000000      -1.00458394E-07
   73.0000000       4.94782057E-07
   73.5000000       1.76903271E-07
   74.0000000       2.12193541E-07
   74.5000000       4.29075783E-07
   75.0000000       3.18227478E-07
   75.5000000      -7.04898184E-09
   76.0000000       5.02108094E-07
   76.5000000       6.25195526E-07
   77.0000000      -2.41457428E-07
   77.5000000       1.01154046E-06
   78.0000000       7.14542026E-09
   78.5000000       2.84094142E-07
   79.0000000       6.27963459E-07
   79.5000000       1.50417151E-07
   80.0000000       1.06678954E-07
   80.5000000       7.06699325E-07
   81.0000000       1.88475298E-07
   81.5000000       1.03530624E-07
   82.0000000       9.73327133E-07
   82.5000000       1.82975811E-07
   83.0000000       2.34896305E-07
   83.5000000       7.72144233E-07
   84.0000000       4.51562016E-07
   84.5000000       7.58509202E-08
   85.0000000       7.36786717E-07
   85.5000000       4.28086480E-07
   86.0000000      -2.76269532E-08
   86.5000000       9.29457997E-07
   87.0000000       6.41151644E-07
   87.5000000      -5.48846799E-08
   88.0000000       8.76132162E-07
   88.5000000       8.95001790E-07
   89.0000000      -1.66385760E-07
   89.5000000       5.59028592E-07
   90.0000000       1.24605810E-06
   90.5000000      -6.11914146E-08
   91.0000000       4.27120426E-07
   91.5000000       1.36715300E-06
   92.0000000       5.15552699E-07
   92.5000000      -2.30752676E-07
   93.0000000       1.24706924E-06
   93.5000000       1.30158855E-06
   94.0000000      -7.34156771E-08
   94.5000000       4.48669880E-07
   95.0000000       1.65807444E-06
   95.5000000       4.91732919E-07
   96.0000000      -1.14391128E-07
   96.5000000       1.46540037E-06
   97.0000000       1.78873142E-06
   97.5000000      -1.79715471E-07
   98.0000000       2.69216798E-07
   98.5000000       2.02684873E-06
   99.0000000       1.08106474E-06
   99.5000000      -4.55271106E-07
   100.000000       6.20290962E-07
   100.500000       2.85721444E-06
   101.000000       8.41139979E-07
   101.500000      -1.17585955E-06
   102.000000       1.53897008E-06
   102.500000       3.18809657E-06
   103.000000       1.12155647E-06
   103.500000      -1.10777137E-06
   104.000000       6.42837676E-07
   104.500000       4.74144963E-06
   105.000000       2.75184448E-06
   105.500000      -1.25976567E-06
   106.000000       7.76333309E-07
   106.500000       1.01541846E-05
   107.000000       2.11275237E-05
   107.500000       3.34765646E-05
   108.000000       6.56245320E-05
   108.500000       1.46272141E-04
   109.000000       2.97628983E-04
   109.500000       5.27957862E-04
   110.000000       8.31090787E-04
   110.500000       1.19705580E-03
   111.000000       1.61604083E-03
   111.500000       2.08062539E-03
   112.000000       2.58759176E-03
   112.500000       3.13336099E-03
   113.000000       3.71547695E-03
   113.500000       4.33136150E-03
   114.000000       4.97808307E-03
   114.500000       5.65410126E-03
   115.000000       6.35693315E-03
   115.500000       7.08503416E-03
   116.000000       7.83641916E-03
   116.500000       8.61001853E-03
   117.000000       9.40476824E-03
   117.500000       1.02186678E-02
   118.000000       1.10511994E-02
   118.500000       1.19017800E-02
   119.000000       1.27680749E-02
   119.500000       1.36505105E-02
   120.000000       1.45478472E-02
   120.500000       1.54586490E-02
   121.000000       1.63837727E-02
   121.500000       1.73213892E-02
   122.000000       1.82709377E-02
   122.500000       1.92325208E-02
   123.000000       2.02043317E-02
   123.500000       2.11875830E-02
   124.000000       2.21807566E-02
   124.500000       2.31829695E-02
   125.000000       2.41952445E-02
   125.500000       2.52154097E-02
   126.000000       2.62448583E-02
   126.500000       2.72826478E-02
   127.000000       2.83269379E-02
   127.500000       2.93798856E-02
   128.000000       3.04396842E-02
   128.500000       3.15055251E-02
   129.000000       3.25790420E-02
   129.500000       3.36580724E-02
   130.000000       3.47431153E-02
   130.500000       3.58346999E-02
   131.000000       3.69308814E-02
   131.500000       3.80330682E-02
   132.000000       3.91403176E-02
   132.500000       4.02520597E-02
   133.000000       4.13691178E-02
   133.500000       4.24901955E-02
   134.000000       4.36156280E-02
   134.500000       4.47460040E-02
   135.000000       4.58789654E-02
   135.500000       4.70170230E-02
   136.000000       4.81586121E-02
   136.500000       4.93020415E-02
   137.000000       5.04516326E-02
   137.500000       5.16019389E-02
   138.000000       5.27563468E-02
   138.500000       5.39147593E-02
   139.000000       5.50735258E-02
   139.500000       5.62368631E-02
   140.000000       5.74022494E-02
   140.500000       5.85692078E-02
   141.000000       5.97400516E-02
   141.500000       6.09114431E-02
   142.000000       6.20857291E-02
   142.500000       6.32630140E-02
   143.000000       6.44392297E-02
   143.500000       6.56200871E-02
   144.000000       6.68011084E-02
   144.500000       6.79832250E-02
   145.000000       6.91689029E-02
   145.500000       7.03531280E-02
   146.000000       7.15400353E-02
   146.500000       7.27290884E-02
   147.000000       7.39159957E-02
   147.500000       7.51068965E-02
   148.000000       7.62977749E-02
   148.500000       7.74877295E-02
   149.000000       7.86816329E-02
   149.500000       7.98729286E-02
   150.000000       8.10659900E-02
   150.500000       8.22599977E-02
   151.000000       8.34518969E-02
   151.500000       8.46477076E-02
   152.000000       8.58409181E-02
   152.500000       8.70340019E-02
   153.000000       8.82298276E-02
   153.500000       8.94212425E-02
   154.000000       9.06161889E-02
   154.500000       9.18100104E-02
   155.000000       9.30003375E-02
   155.500000       9.41954032E-02
   156.000000       9.53852385E-02
   156.500000       9.65764001E-02
   157.000000       9.77684632E-02
   157.500000       9.89551917E-02
   158.000000      0.100145988    
   158.500000      0.101333261    
   159.000000      0.102517754    
   159.500000      0.103705831    
   160.000000      0.104887448    
   160.500000      0.106071219    
   161.000000      0.107253350    
   161.500000      0.108430676    
   162.000000      0.109611191    
   162.500000      0.110785626    
   163.000000      0.111960016    
   163.500000      0.113134623    
   164.000000      0.114302434    
   164.500000      0.115473896    
   165.000000      0.116638586    
   165.500000      0.117802329    
   166.000000      0.118966371    
   166.500000      0.120122418    
   167.000000      0.121281661    
   167.500000      0.122434326    
   168.000000      0.123584501    
   168.500000      0.124736093    
   169.000000      0.125877529    
   169.500000      0.127021745    
   170.000000      0.128160313    
   170.500000      0.129293367    
   171.000000      0.130429029    
   171.500000      0.131553665    
   172.000000      0.132680297    
   172.500000      0.133801192    
   173.000000      0.134915024    
   173.500000      0.136031985    
   174.000000      0.137135431    
   174.500000      0.138242036    
   175.000000      0.139342591    
   175.500000      0.140429839    
   176.000000      0.141529113    
   176.500000      0.142607495    
   177.000000      0.143681109    
   177.500000      0.144773588    
   178.000000      0.145820215    
   178.500000      0.146884248    
   179.000000      0.147975996    
   179.500000      0.148962989    
   180.000000      0.150048003    
   180.500000      0.151130989    
   181.000000      0.152006060    
   181.500000      0.153209284    
   182.000000      0.154200077    
   182.500000      0.154927611    
   183.000000      0.156439319    
   183.500000      0.157075480    
   184.000000      0.157761365    
   184.500000      0.159818321    
   185.000000      0.159559056    
   185.500000      0.160656527    
   186.000000      0.163376912    
   186.500000      0.161369428    
   187.000000      0.163927123    
   187.500000      0.167024940    
   188.000000      0.162183449    
   188.500000      0.168068409    
   189.000000      0.170491740    
   189.500000      0.161689416    
   190.000000      0.173718497    
   190.500000      0.173336744    
   191.000000      0.159615979    
   191.500000      0.181558758    
   192.000000      0.175064191    
   192.500000      0.155689195    
   193.000000      0.192149132    
   193.500000      0.175389230    
   194.000000      0.149502367    
   194.500000      0.205690742    
   195.000000      0.174625069    
   195.500000      0.140391797    
   196.000000      0.221693948    
   196.500000      0.174072832    
   197.000000      0.127511173    
   197.500000      0.238554910    
   198.000000      0.176191747    
   198.500000      0.110333987    
   199.000000      0.253146172    
   199.500000      0.184248239    
   200.000000       8.95916969E-02
   200.500000      0.260744035    
   201.000000      0.201247275    
   201.500000       6.81872591E-02
   202.000000      0.255826831    
   202.500000      0.228181556    
   203.000000       5.12960181E-02
   203.500000      0.234269485    
   204.000000      0.262022227    
   204.500000       4.49255481E-02
   205.000000      0.196275085    
   205.500000      0.295081139    
   206.000000       5.32285236E-02
   206.500000      0.145750135    
   207.000000      0.318285763    
   207.500000       7.82681480E-02
   208.000000      -1.13664791E-02
   208.500000       7.16230134E-04
   209.000000       6.06921094E-04
   209.500000       4.89284794E-05
   210.000000       2.59130393E-05
   210.500000      -1.39663189E-06
   211.000000      -6.52736207E-06
   211.500000      -3.50350319E-06
   212.000000      -1.04264063E-06
   212.500000      -2.00523971E-08
   213.000000       1.56078187E-07
   213.500000       8.25588558E-08
   214.000000       1.68376868E-08
   214.500000      -4.11019574E-09
   215.000000      -4.14911883E-09
   215.500000      -1.17411414E-09
   216.000000       7.95681715E-11
   216.500000       1.80724907E-10
   217.000000       5.55406207E-11
   217.500000      -2.79628013E-12
   218.000000      -7.53472024E-12
   218.500000      -2.06097032E-12
   219.000000       2.32228028E-13
   219.500000       2.96792810E-13
   220.000000       5.71667957E-14
   220.500000      -1.64936797E-14
   221.000000      -1.01984461E-14
   221.500000      -7.96844657E-16
   222.000000       8.43145331E-16
   222.500000       2.68357720E-16
   223.000000      -2.44695791E-17
   223.500000      -3.07778818E-17
   224.000000      -3.77234064E-18
   224.500000       2.14383274E-18
   225.000000       7.33511404E-19
   225.500000      -6.57671724E-20
   226.000000      -7.60228485E-20
   226.500000      -6.32960463E-21
   227.000000       5.59622864E-21
   227.500000       1.35168602E-21
   228.000000      -2.82294872E-22
   228.500000      -1.49425944E-22
   229.000000       4.21116986E-24
   229.500000       1.25819291E-23
   230.000000       1.10756860E-24
   230.500000      -8.71428905E-25
   231.000000      -1.76753752E-25
   231.500000       4.97388880E-26
   232.000000       1.81117580E-26
   232.500000      -2.14669525E-27
   233.000000      -1.52936508E-27
   233.500000       3.77292084E-29
   234.000000       1.14409555E-28
   234.500000       5.25680547E-30
   235.000000      -7.83692416E-30
   235.500000      -8.51302695E-31
   236.000000       5.00935977E-31
   236.500000       8.56254653E-32
   237.000000      -3.02661466E-32
   237.500000      -7.20027244E-33
   238.000000       1.74654271E-33
   238.500000       5.47594952E-34
   239.000000      -9.72489805E-35
   239.500000      -3.89746057E-35
   240.000000       5.28852031E-36
   240.500000       2.64480095E-36
   241.000000      -2.85391943E-37
   241.500000      -1.73067703E-37
   242.000000       1.56006404E-38
   242.500000       1.09993634E-38
   243.000000      -8.83754100E-40
   243.500000      -6.81932089E-40
   244.000000       5.28009261E-41
   244.500000       4.13298969E-41
   245.000000      -3.34209684E-42
   245.500000      -2.44946972E-42
   246.000000       2.18602560E-43
   246.500000       1.38728548E-43
   247.000000      -1.26116862E-44
   247.500000      -4.20389539E-45
   248.000000       0.00000000    
   248.500000       0.00000000    
   249.000000       0.00000000    
   249.500000       0.00000000    
   250.000000       0.00000000    
   250.500000       0.00000000    
   251.000000       0.00000000    
   251.500000       0.00000000    
   252.000000       0.00000000    
   252.500000       0.00000000    
   253.000000       0.00000000    
   253.500000       0.00000000    
   254.000000       0.00000000    
   254.500000       0.00000000    
   255.000000       0.00000000    
   255.500000       0.00000000    
   256.000000       0.00000000    
   256.500000       0.00000000    
   257.000000       0.00000000    
   257.500000       0.00000000    
   258.000000       0.00000000    
   258.500000       0.00000000    
   259.000000       0.00000000    
   259.500000       0.00000000    
   260.000000       0.00000000    
   260.500000       0.00000000    
   261.000000       0.00000000    
   261.500000       0.00000000    
   262.000000       0.00000000    
   262.500000       0.00000000    
   263.000000       0.00000000    
   263.500000       0.00000000    
   264.000000       0.00000000    
   264.500000       0.00000000    
   265.000000       0.00000000    
   265.500000       0.00000000    
   266.000000       0.00000000    
   266.500000       0.00000000    
   267.000000       0.00000000    
   267.500000       0.00000000    
   268.000000       0.00000000    
   268.500000       0.00000000    
   269.000000       0.00000000    
   269.500000       0.00000000    
   270.000000       0.00000000    
   270.500000       0.00000000    
   271.000000       0.00000000    
   271.500000       0.00000000    
   272.000000       0.00000000    
   272.500000       0.00000000    
   273.000000       0.00000000    
   273.500000       0.00000000    
   274.000000       0.00000000    
   274.500000       0.00000000    
   275.000000       0.00000000    
   275.500000       0.00000000    
   276.000000       0.00000000    
   276.500000       0.00000000    
   277.000000       0.00000000    
   277.500000       0.00000000    
   278.000000       0.00000000    
   278.500000       0.00000000    
   279.000000       0.00000000    
   279.500000       0.00000000    
   280.000000       0.00000000    
   280.500000       0.00000000    
   281.000000       0.00000000    
   281.500000       0.00000000    
   282.000000       0.00000000    
   282.500000       0.00000000    
   283.000000       0.00000000    
   283.500000       0.00000000    
   284.000000       0.00000000    
   284.500000       0.00000000    
   285.000000       0.00000000    
   285.500000       0.00000000    
   286.000000       0.00000000    
   286.500000       0.00000000    
   287.000000       0.00000000    
   287.500000       0.00000000    
   288.000000       0.00000000    
   288.500000       0.00000000    
   289.000000       0.00000000    
   289.500000       0.00000000    
   290.000000       0.00000000    
   290.500000       0.00000000    
   291.000000       0.00000000    
   291.500000       0.00000000    
   292.000000       0.00000000    
   292.500000       0.00000000    
   293.000000       0.00000000    
   293.500000       0.00000000    
   294.000000       0.00000000    
   294.500000       0.00000000    
   295.000000       0.00000000    
   295.500000       0.00000000    
   296.000000       0.00000000    
   296.500000       0.00000000    
   297.000000       0.00000000    
   297.500000       0.00000000    
   298.000000       0.00000000    
   298.500000       0.00000000    
   299.000000       0.00000000    
   299.500000       0.00000000    
   300.000000       0.00000000    
   300.500000       0.00000000    
   301.000000       0.00000000    
   301.500000       0.00000000    
   302.000000       0.00000000    
   302.500000       0.00000000    
   303.000000       0.00000000    
   303.500000       0.00000000    
   304.000000       0.00000000    
   304.500000       0.00000000    
   305.000000       0.00000000    
   305.500000       0.00000000    
   306.000000       0.00000000    
   306.500000       0.00000000    
   307.000000       0.00000000    
   307.500000       0.00000000    
   308.000000       0.00000000    
   308.500000       0.00000000    
   309.000000       0.00000000    
   309.500000       0.00000000    
   310.000000       0.00000000    
   310.500000       0.00000000    
   311.000000       0.00000000    
   311.500000       0.00000000    
   312.000000       0.00000000    
   312.500000       0.00000000    
   313.000000       0.00000000    
   313.500000       0.00000000    
   314.000000       0.00000000    
   314.500000       0.00000000    
   315.000000       0.00000000    
   315.500000       0.00000000    
   316.000000       0.00000000    
   316.500000       0.00000000    
   317.000000       0.00000000    
   317.500000       0.00000000    
   318.000000       0.00000000    
   318.500000       0.00000000    
   319.000000       0.00000000    
   319.500000       0.00000000    
   320.000000       0.00000000    
   320.500000       0.00000000    
   321.000000       0.00000000    
   321.500000       0.00000000    
   322.000000       0.00000000    
   322.500000       0.00000000    
   323.000000       0.00000000    
   323.500000       0.00000000    
   324.000000       0.00000000    
   324.500000       0.00000000    
   325.000000       0.00000000    
   325.500000       0.00000000    
   326.000000       0.00000000    
   326.500000       0.00000000    
   327.000000       0.00000000    
   327.500000       0.00000000    
   328.000000       0.00000000    
   328.500000       0.00000000    
   329.000000       0.00000000    
   329.500000       0.00000000    
   330.000000       0.00000000    
   330.500000       0.00000000    
   331.000000       0.00000000    
   331.500000       0.00000000    
   332.000000       0.00000000    
   332.500000       0.00000000    
   333.000000       0.00000000    
   333.500000       0.00000000    
   334.000000       0.00000000    
   334.500000       0.00000000    
   335.000000       0.00000000    
   335.500000       0.00000000    
   336.000000       0.00000000    
   336.500000       0.00000000    
   337.000000       0.00000000    
   337.500000       0.00000000    
   338.000000       0.00000000    
   338.500000       0.00000000    
   339.000000       0.00000000    
   339.500000       0.00000000    
   340.000000       0.00000000    
   340.500000       0.00000000    
   341.000000       0.00000000    
   341.500000       0.00000000    
   342.000000       0.00000000    
   342.500000       0.00000000    
   343.000000       0.00000000    
   343.500000       0.00000000    
   344.000000       0.00000000    
   344.500000       0.00000000    
   345.000000       0.00000000    
   345.500000       0.00000000    
   346.000000       0.00000000    
   346.500000       0.00000000    
   347.000000       0.00000000    
   347.500000       0.00000000    
   348.000000       0.00000000    
   348.500000       0.00000000    
   349.000000       0.00000000    
   349.500000       0.00000000    
   350.000000       0.00000000    
   350.500000       0.00000000    
   351.000000       0.00000000    
   351.500000       0.00000000    
   352.000000       0.00000000    
   352.500000       0.00000000    
   353.000000       0.00000000    
   353.500000       0.00000000    
   354.000000       0.00000000    
   354.500000       0.00000000    
   355.000000       0.00000000    
   355.500000       0.00000000    
   356.000000       0.00000000    
   356.500000       0.00000000    
   357.000000       0.00000000    
   357.500000       0.00000000    
   358.000000       0.00000000    
   358.500000       0.00000000    
   359.000000       0.00000000    
   359.500000       0.00000000    
   360.000000       0.00000000    
   360.500000       0.00000000    
   361.000000       0.00000000    
   361.500000       0.00000000    
   362.000000       0.00000000    
   362.500000       0.00000000    
   363.000000       0.00000000    
   363.500000       0.00000000    
   364.000000       0.00000000    
   364.500000       0.00000000    
   365.000000       0.00000000    
   365.500000       0.00000000    
   366.000000       0.00000000    
   366.500000       0.00000000    
   367.000000       0.00000000    
   367.500000       0.00000000    
   368.000000       0.00000000    
   368.500000       0.00000000    
   369.000000       0.00000000    
   369.500000       0.00000000    
   370.000000       0.00000000    
   370.500000       0.00000000    
   371.000000       0.00000000    
   371.500000       0.00000000    
   372.000000       0.00000000    
   372.500000       0.00000000    
   373.000000       0.00000000    
   373.500000       0.00000000    
   374.000000       0.00000000    
   374.500000       0.00000000    
   375.000000       0.00000000    
   375.500000       0.00000000    
   376.000000       0.00000000    
   376.500000       0.00000000    
   377.000000       0.00000000    
   377.500000       0.00000000    
   378.000000       0.00000000    
   378.500000       0.00000000    
   379.000000       0.00000000    
   379.500000       0.00000000    
   380.000000       0.00000000    
   380.500000       0.00000000    
   381.000000       0.00000000    
   381.500000       0.00000000    
   382.000000       0.00000000    
   382.500000       0.00000000    
   383.000000       0.00000000    
   383.500000       0.00000000    
   384.000000       0.00000000    
   384.500000       0.00000000    
   385.000000       0.00000000    
   385.500000       0.00000000    
   386.000000       0.00000000    
   386.500000       0.00000000    
   387.000000       0.00000000    
   387.500000       0.00000000    
   388.000000       0.00000000    
   388.500000       0.00000000    
   389.000000       0.00000000    
   389.500000       0.00000000    
   390.000000       0.00000000    
   390.500000       0.00000000    
   391.000000       0.00000000    
   391.500000       0.00000000    
   392.000000       0.00000000    
   392.500000       0.00000000    
   393.000000       0.00000000    
   393.500000       0.00000000    
   394.000000       0.00000000    
   394.500000       0.00000000    
   395.000000       0.00000000    
   395.500000       0.00000000    
   396.000000       0.00000000    
   396.500000       0.00000000    
   397.000000       0.00000000    
   397.500000       0.00000000    
   398.000000       0.00000000    
   398.500000       0.00000000    
   399.000000       0.00000000    
   399.500000       0.00000000    
   400.000000       0.00000000    
   400.500000       0.00000000    
   401.000000       0.00000000    
   401.500000       0.00000000    
   402.000000       0.00000000    
   402.500000       0.00000000    
   403.000000       0.00000000    
   403.500000       0.00000000    
   404.000000       0.00000000    
   404.500000       0.00000000    
   405.000000       0.00000000    
   405.500000       0.00000000    
   406.000000       0.00000000    
   406.500000       0.00000000    
   407.000000       0.00000000    
   407.500000       0.00000000    
   408.000000       0.00000000    
   408.500000       0.00000000    
   409.000000       0.00000000    
   409.500000       0.00000000    
   410.000000       0.00000000    
   410.500000       0.00000000    
   411.000000       0.00000000    
   411.500000       0.00000000    
   412.000000       0.00000000    
   412.500000       0.00000000    
   413.000000       0.00000000    
   413.500000       0.00000000    
   414.000000       0.00000000    
   414.500000       0.00000000    
   415.000000       0.00000000    
   415.500000       0.00000000    
   416.000000       0.00000000    
   416.500000       0.00000000    
   417.000000       0.00000000    
   417.500000       0.00000000    
   418.000000       0.00000000    
   418.500000       0.00000000    
   419.000000       0.00000000    
   419.500000       0.00000000    
   420.000000       0.00000000    
   420.500000       0.00000000    
   421.000000       0.00000000    
   421.500000       0.00000000    
   422.000000       0.00000000    
   422.500000       0.00000000    
   423.000000       0.00000000    
   423.500000       0.00000000    
   424.000000       0.00000000    
   424.500000       0.00000000    
   425.000000       0.00000000    
   425.500000       0.00000000    
   426.000000       0.00000000    
   426.500000       0.00000000    
   427.000000       0.00000000    
   427.500000       0.00000000    
   428.000000       0.00000000    
   428.500000       0.00000000    
   429.000000       0.00000000    
   429.500000       0.00000000    
   430.000000       0.00000000    
   430.500000       0.00000000    
   431.000000       0.00000000    
   431.500000       0.00000000    
   432.000000       0.00000000    
   432.500000       0.00000000    
   433.000000       0.00000000    
   433.500000       0.00000000    
   434.000000       0.00000000    
   434.500000       0.00000000    
   435.000000       0.00000000    
   435.500000       0.00000000    
   436.000000       0.00000000    
   436.500000       0.00000000    
   437.000000       0.00000000    
   437.500000       0.00000000    
   438.000000       0.00000000    
   438.500000       0.00000000    
   439.000000       0.00000000    
   439.500000       0.00000000    
   440.000000       0.00000000    
   440.500000       0.00000000    
   441.000000       0.00000000    
   441.500000       0.00000000    
   442.000000       0.00000000    
   442.500000       0.00000000    
   443.000000       0.00000000    
   443.500000       0.00000000    
   444.000000       0.00000000    
   444.500000       0.00000000    
   445.000000       0.00000000    
   445.500000       0.00000000    
   446.000000       0.00000000    
   446.500000       0.00000000    
   447.000000       0.00000000    
   447.500000       0.00000000    
   448.000000       0.00000000    
   448.500000       0.00000000    
   449.000000       0.00000000    
   449.500000       0.00000000    
   450.000000       0.00000000    
   450.500000       0.00000000    
   451.000000       0.00000000    
   451.500000       0.00000000    
   452.000000       0.00000000    
   452.500000       0.00000000    
   453.000000       0.00000000    
   453.500000       0.00000000    
   454.000000       0.00000000    
   454.500000       0.00000000    
   455.000000       0.00000000    
   455.500000       0.00000000    
   456.000000       0.00000000    
   456.500000       0.00000000    
   457.000000       0.00000000    
   457.500000       0.00000000    
   458.000000       0.00000000    
   458.500000       0.00000000    
   459.000000       0.00000000    
   459.500000       0.00000000    
   460.000000       0.00000000    
   460.500000       0.00000000    
   461.000000       0.00000000    
   461.500000       0.00000000    
   462.000000       0.00000000    
   462.500000       0.00000000    
   463.000000       0.00000000    
   463.500000       0.00000000    
   464.000000       0.00000000    
   464.500000       0.00000000    
   465.000000       0.00000000    
   465.500000       0.00000000    
   466.000000       0.00000000    
   466.500000       0.00000000    
   467.000000       0.00000000    
   467.500000       0.00000000    
   468.000000       0.00000000    
   468.500000       0.00000000    
   469.000000       0.00000000    
   469.500000       0.00000000    
   470.000000       0.00000000    
   470.500000       0.00000000    
   471.000000       0.00000000    
   471.500000       0.00000000    
   472.000000       0.00000000    
   472.500000       0.00000000    
   473.000000       0.00000000    
   473.500000       0.00000000    
   474.000000       0.00000000    
   474.500000       0.00000000    
   475.000000       0.00000000    
   475.500000       0.00000000    
   476.000000       0.00000000    
   476.500000       0.00000000    
   477.000000       0.00000000    
   477.500000       0.00000000    
   478.000000       0.00000000    
   478.500000       0.00000000    
   479.000000       0.00000000    
   479.500000       0.00000000    
   480.000000       0.00000000    
   480.500000       0.00000000    
   481.000000       0.00000000    
   481.500000       0.00000000    
   482.000000       0.00000000    
   482.500000       0.00000000    
   483.000000       0.00000000    
   483.500000       0.00000000    
   484.000000       0.00000000    
   484.500000       0.00000000    
   485.000000       0.00000000    
   485.500000       0.00000000    
   486.000000       0.00000000    
   486.500000       0.00000000    
   487.000000       0.00000000    
   487.500000       0.00000000    
   488.000000       0.00000000    
   488.500000       0.00000000    
   489.000000       0.00000000    
   489.500000       0.00000000    
   490.000000       0.00000000    
   490.500000       0.00000000    
   491.000000       0.00000000    
   491.500000       0.00000000    
   492.000000       0.00000000    
   492.500000       0.00000000    
   493.000000       0.00000000    
   493.500000       0.00000000    
   494.000000       0.00000000    
   494.500000       0.00000000    
   495.000000       0.00000000    
   495.500000       0.00000000    
   496.000000       0.00000000    
   496.500000       0.00000000    
   497.000000       0.00000000    
   497.500000       0.00000000    
   498.000000       0.00000000    
   498.500000       0.00000000    
   499.000000       0.00000000    
   499.500000       0.00000000    
   500.000000       0.00000000    
   500.500000       0.00000000    
   501.000000       0.00000000    
   501.500000       0.00000000    
   502.000000       0.00000000    
   502.500000       0.00000000    
   503.000000       0.00000000    
   503.500000       0.00000000    
   504.000000       0.00000000    
   504.500000       0.00000000    
   505.000000       0.00000000    
   505.500000       0.00000000    
   506.000000       0.00000000    
   506.500000       0.00000000    
   507.000000       0.00000000    
   507.500000       0.00000000    
   508.000000       0.00000000    
   508.500000       0.00000000    
   509.000000       0.00000000    
   509.500000       0.00000000    
   510.000000       0.00000000    
   510.500000       0.00000000    
   511.000000       0.00000000    
   511.500000       0.00000000    
   512.000000       0.00000000    
   512.500000       0.00000000    
   513.000000       0.00000000    
   513.500000       0.00000000    
   514.000000       0.00000000    
   514.500000       0.00000000    
   515.000000       0.00000000    
   515.500000       0.00000000    
   516.000000       0.00000000    
   516.500000       0.00000000    
   517.000000       0.00000000    
   517.500000       0.00000000    
   518.000000       0.00000000    
   518.500000       0.00000000    
   519.000000       0.00000000    
   519.500000       0.00000000    
   520.000000       0.00000000    
   520.500000       0.00000000    
   521.000000       0.00000000    
   521.500000       0.00000000    
   522.000000       0.00000000    
   522.500000       0.00000000    
   523.000000       0.00000000    
   523.500000       0.00000000    
   524.000000       0.00000000    
   524.500000       0.00000000    
   525.000000       0.00000000    
   525.500000       0.00000000    
   526.000000       0.00000000    
   526.500000       0.00000000    
   527.000000       0.00000000    
   527.500000       0.00000000    
   528.000000       0.00000000    
   528.500000       0.00000000    
   529.000000       0.00000000    
   529.500000       0.00000000    
   530.000000       0.00000000    
   530.500000       0.00000000    
   531.000000       0.00000000    
   531.500000       0.00000000    
   532.000000       0.00000000    
   532.500000       0.00000000    
   533.000000       0.00000000    
   533.500000       0.00000000    
   534.000000       0.00000000    
   534.500000       0.00000000    
   535.000000       0.00000000    
   535.500000       0.00000000    
   536.000000       0.00000000    
   536.500000       0.00000000    
   537.000000       0.00000000    
   537.500000       0.00000000    
   538.000000       0.00000000    
   538.500000       0.00000000    
   539.000000       0.00000000    
   539.500000       0.00000000    
   540.000000       0.00000000    
   540.500000       0.00000000    
   541.000000       0.00000000    
   541.500000       0.00000000    
   542.000000       0.00000000    
   542.500000       0.00000000    
   543.000000       0.00000000    
   543.500000       0.00000000    
   544.000000       0.00000000    
   544.500000       0.00000000    
   545.000000       0.00000000    
   545.500000       0.00000000    
   546.000000       0.00000000    
   546.500000       0.00000000    
   547.000000       0.00000000    
   547.500000       0.00000000    
   548.000000       0.00000000    
   548.500000       0.00000000    
   549.000000       0.00000000    
   549.500000       0.00000000    
   550.000000       0.00000000    
   550.500000       0.00000000    
   551.000000       0.00000000    
   551.500000       0.00000000    
   552.000000       0.00000000    
   552.500000       0.00000000    
   553.000000       0.00000000    
   553.500000       0.00000000    
   554.000000       0.00000000    
   554.500000       0.00000000    
   555.000000       0.00000000    
   555.500000       0.00000000    
   556.000000       0.00000000    
   556.500000       0.00000000    
   557.000000       0.00000000    
   557.500000       0.00000000    
   558.000000       0.00000000    
   558.500000       0.00000000    
   559.000000       0.00000000    
   559.500000       0.00000000    
   560.000000       0.00000000    
   560.500000       0.00000000    
   561.000000       0.00000000    
   561.500000       0.00000000    
   562.000000       0.00000000    
   562.500000       0.00000000    
   563.000000       0.00000000    
   563.500000       0.00000000    
   564.000000       0.00000000    
   564.500000       0.00000000    
   565.000000       0.00000000    
   565.500000       0.00000000    
   566.000000       0.00000000    
   566.500000       0.00000000    
   567.000000       0.00000000    
   567.500000       0.00000000    
   568.000000       0.00000000    
   568.500000       0.00000000    
   569.000000       0.00000000    
   569.500000       0.00000000    
   570.000000       0.00000000    
   570.500000       0.00000000    
   571.000000       0.00000000    
   571.500000       0.00000000    
   572.000000       0.00000000    
   572.500000       0.00000000    
   573.000000       0.00000000    
   573.500000       0.00000000    
   574.000000       0.00000000    
   574.500000       0.00000000    
   575.000000       0.00000000    
   575.500000       0.00000000    
   576.000000       0.00000000    
   576.500000       0.00000000    
   577.000000       0.00000000    
   577.500000       0.00000000    
   578.000000       0.00000000    
   578.500000       0.00000000    
   579.000000       0.00000000    
   579.500000       0.00000000    
   580.000000       0.00000000    
   580.500000       0.00000000    
   581.000000       0.00000000    
   581.500000       0.00000000    
   582.000000       0.00000000    
   582.500000       0.00000000    
   583.000000       0.00000000    
   583.500000       0.00000000    
   584.000000       0.00000000    
   584.500000       0.00000000    
   585.000000       0.00000000    
   585.500000       0.00000000    
   586.000000       0.00000000    
   586.500000       0.00000000    
   587.000000       0.00000000    
   587.500000       0.00000000    
   588.000000       0.00000000    
   588.500000       0.00000000    
   589.000000       0.00000000    
   589.500000       0.00000000    
   590.000000       0.00000000    
   590.500000       0.00000000    
   591.000000       0.00000000    
   591.500000       0.00000000    
   592.000000       0.00000000    
   592.500000       0.00000000    
   593.000000       0.00000000    
   593.500000       0.00000000    
   594.000000       0.00000000    
   594.500000       0.00000000    
   595.000000       0.00000000    
   595.500000       0.00000000    
   596.000000       0.00000000    
   596.500000       0.00000000    
   597.000000       0.00000000    
   597.500000       0.00000000    
   598.000000       0.00000000    
   598.500000       0.00000000    
   599.000000       0.00000000    
   599.500000       0.00000000    
   600.000000       0.00000000    
   600.500000       0.00000000    
   601.000000       0.00000000    
   601.500000       0.00000000    
   602.000000       0.00000000    
   602.500000       0.00000000    
   603.000000       0.00000000    
   603.500000       0.00000000    
   604.000000       0.00000000    
   604.500000       0.00000000    
   605.000000       0.00000000    
   605.500000       0.00000000    
   606.000000       0.00000000    
   606.500000       0.00000000    
   607.000000       0.00000000    
   607.500000       0.00000000    
   608.000000       0.00000000    
   608.500000       0.00000000    
   609.000000       0.00000000    
   609.500000       0.00000000    
   610.000000       0.00000000    
   610.500000       0.00000000    
   611.000000       0.00000000    
   611.500000       0.00000000    
   612.000000       0.00000000    
   612.500000       0.00000000    
   613.000000       0.00000000    
   613.500000       0.00000000    
   614.000000       0.00000000    
   614.500000       0.00000000    
   615.000000       0.00000000    
   615.500000       0.00000000    
   616.000000       0.00000000    
   616.500000       0.00000000    
   617.000000       0.00000000    
   617.500000       0.00000000    
   618.000000       0.00000000    
   618.500000       0.00000000    
   619.000000       0.00000000    
   619.500000       0.00000000    
   620.000000       0.00000000    
   620.500000       0.00000000    
   621.000000       0.00000000    
   621.500000       0.00000000    
   622.000000       0.00000000    
   622.500000       0.00000000    
   623.000000       0.00000000    
   623.500000       0.00000000    
   624.000000       0.00000000    
   624.500000       0.00000000    
   625.000000       0.00000000    
   625.500000       0.00000000    
   626.000000       0.00000000    
   626.500000       0.00000000    
   627.000000       0.00000000    
   627.500000       0.00000000    
   628.000000       0.00000000    
   628.500000       0.00000000    
   629.000000       0.00000000    
   629.500000       0.00000000    
   630.000000       0.00000000    
   630.500000       0.00000000    
   631.000000       0.00000000    
   631.500000       0.00000000    
   632.000000       0.00000000    
   632.500000       0.00000000    
   633.000000       0.00000000    
   633.500000       0.00000000    
   634.000000       0.00000000    
   634.500000       0.00000000    
   635.000000       0.00000000    
   635.500000       0.00000000    
   636.000000       0.00000000    
   636.500000       0.00000000    
   637.000000       0.00000000    
   637.500000       0.00000000    
   638.000000       0.00000000    
   638.500000       0.00000000    
   639.000000       0.00000000    
   639.500000       0.00000000    
   640.000000       0.00000000    
   640.500000       0.00000000    
   641.000000       0.00000000    
   641.500000       0.00000000    
   642.000000       0.00000000    
   642.500000       0.00000000    
   643.000000       0.00000000    
   643.500000       0.00000000    
   644.000000       0.00000000    
   644.500000       0.00000000    
   645.000000       0.00000000    
   645.500000       0.00000000    
   646.000000       0.00000000    
   646.500000       0.00000000    
   647.000000       0.00000000    
   647.500000       0.00000000    
   648.000000       0.00000000    
   648.500000       0.00000000    
   649.000000       0.00000000    
   649.500000       0.00000000    
   650.000000       0.00000000    
   650.500000       0.00000000    
   651.000000       0.00000000    
   651.500000       0.00000000    
   652.000000       0.00000000    
   652.500000       0.00000000    
   653.000000       0.00000000    
   653.500000       0.00000000    
   654.000000       0.00000000    
   654.500000       0.00000000    
   655.000000       0.00000000    
   655.500000       0.00000000    
   656.000000       0.00000000    
   656.500000       0.00000000    
   657.000000       0.00000000    
   657.500000       0.00000000    
   658.000000       0.00000000    
   658.500000       0.00000000    
   659.000000       0.00000000    
   659.500000       0.00000000    
   660.000000       0.00000000    
   660.500000       0.00000000    
   661.000000       0.00000000    
   661.500000       0.00000000    
   662.000000       0.00000000    
   662.500000       0.00000000    
   663.000000       0.00000000    
   663.500000       0.00000000    
   664.000000       0.00000000    
   664.500000       0.00000000    
   665.000000       0.00000000    
   665.500000       0.00000000    
   666.000000       0.00000000    
   666.500000       0.00000000    
   667.000000       0.00000000    
   667.500000       0.00000000    
   668.000000       0.00000000    
   668.500000       0.00000000    
   669.000000       0.00000000    
   669.500000       0.00000000    
   670.000000       0.00000000    
   670.500000       0.00000000    
   671.000000       0.00000000    
   671.500000       0.00000000    
   672.000000       0.00000000    
   672.500000       0.00000000    
   673.000000       0.00000000    
   673.500000       0.00000000    
   674.000000       0.00000000    
   674.500000       0.00000000    
   675.000000       0.00000000    
   675.500000       0.00000000    
   676.000000       0.00000000    
   676.500000       0.00000000    
   677.000000       0.00000000    
   677.500000       0.00000000    
   678.000000       0.00000000    
   678.500000       0.00000000    
   679.000000       0.00000000    
   679.500000       0.00000000    
   680.000000       0.00000000    
   680.500000       0.00000000    
   681.000000       0.00000000    
   681.500000       0.00000000    
   682.000000       0.00000000    
   682.500000       0.00000000    
   683.000000       0.00000000    
   683.500000       0.00000000    
   684.000000       0.00000000    
   684.500000       0.00000000    
   685.000000       0.00000000    
   685.500000       0.00000000    
   686.000000       0.00000000    
   686.500000       0.00000000    
   687.000000       0.00000000    
   687.500000       0.00000000    
   688.000000       0.00000000    
   688.500000       0.00000000    
   689.000000       0.00000000    
   689.500000       0.00000000    
   690.000000       0.00000000    
   690.500000       0.00000000    
   691.000000       0.00000000    
   691.500000       0.00000000    
   692.000000       0.00000000    
   692.500000       0.00000000    
   693.000000       0.00000000    
   693.500000       0.00000000    
   694.000000       0.00000000    
   694.500000       0.00000000    
   695.000000       0.00000000    
   695.500000       0.00000000    
   696.000000       0.00000000    
   696.500000       0.00000000    
   697.000000       0.00000000    
   697.500000       0.00000000    
   698.000000       0.00000000    
   698.500000       0.00000000    
   699.000000       0.00000000    
   699.500000       0.00000000    
   700.000000       0.00000000    
   700.500000       0.00000000    
   701.000000       0.00000000    
   701.500000       0.00000000    
   702.000000       0.00000000    
   702.500000       0.00000000    
   703.000000       0.00000000    
   703.500000       0.00000000    
   704.000000       0.00000000    
   704.500000       0.00000000    
   705.000000       0.00000000    
   705.500000       0.00000000    
   706.000000       0.00000000    
   706.500000       0.00000000    
   707.000000       0.00000000    
   707.500000       0.00000000    
   708.000000       0.00000000    
   708.500000       0.00000000    
   709.000000       0.00000000    
   709.500000       0.00000000    
   710.000000       0.00000000    
   710.500000       0.00000000    
   711.000000       0.00000000    
   711.500000       0.00000000    
   712.000000       0.00000000    
   712.500000       0.00000000    
   713.000000       0.00000000    
   713.500000       0.00000000    
   714.000000       0.00000000    
   714.500000       0.00000000    
   715.000000       0.00000000    
   715.500000       0.00000000    
   716.000000       0.00000000    
   716.500000       0.00000000    
   717.000000       0.00000000    
   717.500000       0.00000000    
   718.000000       0.00000000    
   718.500000       0.00000000    
   719.000000       0.00000000    
   719.500000       0.00000000    
   720.000000       0.00000000    
   720.500000       0.00000000    
   721.000000       0.00000000    
   721.500000       0.00000000    
   722.000000       0.00000000    
   722.500000       0.00000000    
   723.000000       0.00000000    
   723.500000       0.00000000    
   724.000000       0.00000000    
   724.500000       0.00000000    
   725.000000       0.00000000    
   725.500000       0.00000000    
   726.000000       0.00000000    
   726.500000       0.00000000    
   727.000000       0.00000000    
   727.500000       0.00000000    
   728.000000       0.00000000    
   728.500000       0.00000000    
   729.000000       0.00000000    
   729.500000       0.00000000    
   730.000000       0.00000000    
   730.500000       0.00000000    
   731.000000       0.00000000    
   731.500000       0.00000000    
   732.000000       0.00000000    
   732.500000       0.00000000    
   733.000000       0.00000000    
   733.500000       0.00000000    
   734.000000       0.00000000    
   734.500000       0.00000000    
   735.000000       0.00000000    
   735.500000       0.00000000    
   736.000000       0.00000000    
   736.500000       0.00000000    
   737.000000       0.00000000    
   737.500000       0.00000000    
   738.000000       0.00000000    
   738.500000       0.00000000    
   739.000000       0.00000000    
   739.500000       0.00000000    
   740.000000       0.00000000    
   740.500000       0.00000000    
   741.000000       0.00000000    
   741.500000       0.00000000    
   742.000000       0.00000000    
   742.500000       0.00000000    
   743.000000       0.00000000    
   743.500000       0.00000000    
   744.000000       0.00000000    
   744.500000       0.00000000    
   745.000000       0.00000000    
   745.500000       0.00000000    
   746.000000       0.00000000    
   746.500000       0.00000000    
   747.000000       0.00000000    
   747.500000       0.00000000    
   748.000000       0.00000000    
   748.500000       0.00000000    
   749.000000       0.00000000    
   749.500000       0.00000000    
   750.000000       0.00000000    
   750.500000       0.00000000    
   751.000000       0.00000000    
   751.500000       0.00000000    
   752.000000       0.00000000    
   752.500000       0.00000000    
   753.000000       0.00000000    
   753.500000       0.00000000    
   754.000000       0.00000000    
   754.500000       0.00000000    
   755.000000       0.00000000    
   755.500000       0.00000000    
   756.000000       0.00000000    
   756.500000       0.00000000    
   757.000000       0.00000000    
   757.500000       0.00000000    
   758.000000       0.00000000    
   758.500000       0.00000000    
   759.000000       0.00000000    
   759.500000       0.00000000    
   760.000000       0.00000000    
   760.500000       0.00000000    
   761.000000       0.00000000    
   761.500000       0.00000000    
   762.000000       0.00000000    
   762.500000       0.00000000    
   763.000000       0.00000000    
   763.500000       0.00000000    
   764.000000       0.00000000    
   764.500000       0.00000000    
   765.000000       0.00000000    
   765.500000       0.00000000    
   766.000000       0.00000000    
   766.500000       0.00000000    
   767.000000       0.00000000    
   767.500000       0.00000000    
   768.000000       0.00000000    
   768.500000       0.00000000    
   769.000000       0.00000000    
   769.500000       0.00000000    
   770.000000       0.00000000    
   770.500000       0.00000000    
   771.000000       0.00000000    
   771.500000       0.00000000    
   772.000000       0.00000000    
   772.500000       0.00000000    
   773.000000       0.00000000    
   773.500000       0.00000000    
   774.000000       0.00000000    
   774.500000       0.00000000    
   775.000000       0.00000000    
   775.500000       0.00000000    
   776.000000       0.00000000    
   776.500000       0.00000000    
   777.000000       0.00000000    
   777.500000       0.00000000    
   778.000000       0.00000000    
   778.500000       0.00000000    
   779.000000       0.00000000    
   779.500000       0.00000000    
   780.000000       0.00000000    
   780.500000       0.00000000    
   781.000000       0.00000000    
   781.500000       0.00000000    
   782.000000       0.00000000    
   782.500000       0.00000000    
   783.000000       0.00000000    
   783.500000       0.00000000    
   784.000000       0.00000000    
   784.500000       0.00000000    
   785.000000       0.00000000    
   785.500000       0.00000000    
   786.000000       0.00000000    
   786.500000       0.00000000    
   787.000000       0.00000000    
   787.500000       0.00000000    
   788.000000       0.00000000    
   788.500000       0.00000000    
   789.000000       0.00000000    
   789.500000       0.00000000    
   790.000000       0.00000000    
   790.500000       0.00000000    
   791.000000       0.00000000    
   791.500000       0.00000000    
   792.000000       0.00000000    
   792.500000       0.00000000    
   793.000000       0.00000000    
   793.500000       0.00000000    
   794.000000       0.00000000    
   794.500000       0.00000000    
   795.000000       0.00000000    
   795.500000       0.00000000    
   796.000000       0.00000000    
   796.500000       0.00000000    
   797.000000       0.00000000    
   797.500000       0.00000000    
   798.000000       0.00000000    
   798.500000       0.00000000    
   799.000000       0.00000000    
   799.500000       0.00000000    
   800.000000       0.00000000    
   800.500000       0.00000000    
   801.000000       0.00000000    
   801.500000       0.00000000    
   802.000000       0.00000000    
   802.500000       0.00000000    
   803.000000       0.00000000    
   803.500000       0.00000000    
   804.000000       0.00000000    
   804.500000       0.00000000    
   805.000000       0.00000000    
   805.500000       0.00000000    
   806.000000       0.00000000    
   806.500000       0.00000000    
   807.000000       0.00000000    
   807.500000       0.00000000    
   808.000000       0.00000000    
   808.500000       0.00000000    
   809.000000       0.00000000    
   809.500000       0.00000000    
   810.000000       0.00000000    
   810.500000       0.00000000    
   811.000000       0.00000000    
   811.500000       0.00000000    
   812.000000       0.00000000    
   812.500000       0.00000000    
   813.000000       0.00000000    
   813.500000       0.00000000    
   814.000000       0.00000000    
   814.500000       0.00000000    
   815.000000       0.00000000    
   815.500000       0.00000000    
   816.000000       0.00000000    
   816.500000       0.00000000    
   817.000000       0.00000000    
   817.500000       0.00000000    
   818.000000       0.00000000    
   818.500000       0.00000000    
   819.000000       0.00000000    
   819.500000       0.00000000    
   820.000000       0.00000000    
   820.500000       0.00000000    
   821.000000       0.00000000    
   821.500000       0.00000000    
   822.000000       0.00000000    
   822.500000       0.00000000    
   823.000000       0.00000000    
   823.500000       0.00000000    
   824.000000       0.00000000    
   824.500000       0.00000000    
   825.000000       0.00000000    
   825.500000       0.00000000    
   826.000000       0.00000000    
   826.500000       0.00000000    
   827.000000       0.00000000    
   827.500000       0.00000000    
   828.000000       0.00000000    
   828.500000       0.00000000    
   829.000000       0.00000000    
   829.500000       0.00000000    
   830.000000       0.00000000    
   830.500000       0.00000000    
   831.000000       0.00000000    
   831.500000       0.00000000    
   832.000000       0.00000000    
   832.500000       0.00000000    
   833.000000       0.00000000    
   833.500000       0.00000000    
   834.000000       0.00000000    
   834.500000       0.00000000    
   835.000000       0.00000000    
   835.500000       0.00000000    
   836.000000       0.00000000    
   836.500000       0.00000000    
   837.000000       0.00000000    
   837.500000       0.00000000    
   838.000000       0.00000000    
   838.500000       0.00000000    
   839.000000       0.00000000    
   839.500000       0.00000000    
   840.000000       0.00000000    
   840.500000       0.00000000    
   841.000000       0.00000000    
   841.500000       0.00000000    
   842.000000       0.00000000    
   842.500000       0.00000000    
   843.000000       0.00000000    
   843.500000       0.00000000    
   844.000000       0.00000000    
   844.500000       0.00000000    
   845.000000       0.00000000    
   845.500000       0.00000000    
   846.000000       0.00000000    
   846.500000       0.00000000    
   847.000000       0.00000000    
   847.500000       0.00000000    
   848.000000       0.00000000    
   848.500000       0.00000000    
   849.000000       0.00000000    
   849.500000       0.00000000    
   850.000000       0.00000000    
   850.500000       0.00000000    
   851.000000       0.00000000    
   851.500000       0.00000000    
   852.000000       0.00000000    
   852.500000       0.00000000    
   853.000000       0.00000000    
   853.500000       0.00000000    
   854.000000       0.00000000    
   854.500000       0.00000000    
   855.000000       0.00000000    
   855.500000       0.00000000    
   856.000000       0.00000000    
   856.500000       0.00000000    
   857.000000       0.00000000    
   857.500000       0.00000000    
   858.000000       0.00000000    
   858.500000       0.00000000    
   859.000000       0.00000000    
   859.500000       0.00000000    
   860.000000       0.00000000    
   860.500000       0.00000000    
   861.000000       0.00000000    
   861.500000       0.00000000    
   862.000000       0.00000000    
   862.500000       0.00000000    
   863.000000       0.00000000    
   863.500000       0.00000000    
   864.000000       0.00000000    
   864.500000       0.00000000    
   865.000000       0.00000000    
   865.500000       0.00000000    
   866.000000       0.00000000    
   866.500000       0.00000000    
   867.000000       0.00000000    
   867.500000       0.00000000    
   868.000000       0.00000000    
   868.500000       0.00000000    
   869.000000       0.00000000    
   869.500000       0.00000000    
   870.000000       0.00000000    
   870.500000       0.00000000    
   871.000000       0.00000000    
   871.500000       0.00000000    
   872.000000       0.00000000    
   872.500000       0.00000000    
   873.000000       0.00000000    
   873.500000       0.00000000    
   874.000000       0.00000000    
   874.500000       0.00000000    
   875.000000       0.00000000    
   875.500000       0.00000000    
   876.000000       0.00000000    
   876.500000       0.00000000    
   877.000000       0.00000000    
   877.500000       0.00000000    
   878.000000       0.00000000    
   878.500000       0.00000000    
   879.000000       0.00000000    
   879.500000       0.00000000    
   880.000000       0.00000000    
   880.500000       0.00000000    
   881.000000       0.00000000    
   881.500000       0.00000000    
   882.000000       0.00000000    
   882.500000       0.00000000    
   883.000000       0.00000000    
   883.500000       0.00000000    
   884.000000       0.00000000    
   884.500000       0.00000000    
   885.000000       0.00000000    
   885.500000       0.00000000    
   886.000000       0.00000000    
   886.500000       0.00000000    
   887.000000       0.00000000    
   887.500000       0.00000000    
   888.000000       0.00000000    
   888.500000       0.00000000    
   889.000000       0.00000000    
   889.500000       0.00000000    
   890.000000       0.00000000    
   890.500000       0.00000000    
   891.000000       0.00000000    
   891.500000       0.00000000    
   892.000000       0.00000000    
   892.500000       0.00000000    
   893.000000       0.00000000    
   893.500000       0.00000000    
   894.000000       0.00000000    
   894.500000       0.00000000    
   895.000000       0.00000000    
   895.500000       0.00000000    
   896.000000       0.00000000    
   896.500000       0.00000000    
   897.000000       0.00000000    
   897.500000       0.00000000    
   898.000000       0.00000000    
   898.500000       0.00000000    
   899.000000       0.00000000    
   899.500000       0.00000000    
   900.000000       0.00000000    
   900.500000       0.00000000    
   901.000000       0.00000000    
   901.500000       0.00000000    
   902.000000       0.00000000    
   902.500000       0.00000000    
   903.000000       0.00000000    
   903.500000       0.00000000    
   904.000000       0.00000000    
   904.500000       0.00000000    
   905.000000       0.00000000    
   905.500000       0.00000000    
   906.000000       0.00000000    
   906.500000       0.00000000    
   907.000000       0.00000000    
   907.500000       0.00000000    
   908.000000       0.00000000    
   908.500000       0.00000000    
   909.000000       0.00000000    
   909.500000       0.00000000    
   910.000000       0.00000000    
   910.500000       0.00000000    
   911.000000       0.00000000    
   911.500000       0.00000000    
   912.000000       0.00000000    
   912.500000       0.00000000    
   913.000000       0.00000000    
   913.500000       0.00000000    
   914.000000       0.00000000    
   914.500000       0.00000000    
   915.000000       0.00000000    
   915.500000       0.00000000    
   916.000000       0.00000000    
   916.500000       0.00000000    
   917.000000       0.00000000    
   917.500000       0.00000000    
   918.000000       0.00000000    
   918.500000       0.00000000    
   919.000000       0.00000000    
   919.500000       0.00000000    
   920.000000       0.00000000    
   920.500000       0.00000000    
   921.000000       0.00000000    
   921.500000       0.00000000    
   922.000000       0.00000000    
   922.500000       0.00000000    
   923.000000       0.00000000    
   923.500000       0.00000000    
   924.000000       0.00000000    
   924.500000       0.00000000    
   925.000000       0.00000000    
   925.500000       0.00000000    
   926.000000       0.00000000    
   926.500000       0.00000000    
   927.000000       0.00000000    
   927.500000       0.00000000    
   928.000000       0.00000000    
   928.500000       0.00000000    
   929.000000       0.00000000    
   929.500000       0.00000000    
   930.000000       0.00000000    
   930.500000       0.00000000    
   931.000000       0.00000000    
   931.500000       0.00000000    
   932.000000       0.00000000    
   932.500000       0.00000000    
   933.000000       0.00000000    
   933.500000       0.00000000    
   934.000000       0.00000000    
   934.500000       0.00000000    
   935.000000       0.00000000    
   935.500000       0.00000000    
   936.000000       0.00000000    
   936.500000       0.00000000    
   937.000000       0.00000000    
   937.500000       0.00000000    
   938.000000       0.00000000    
   938.500000       0.00000000    
   939.000000       0.00000000    
   939.500000       0.00000000    
   940.000000       0.00000000    
   940.500000       0.00000000    
   941.000000       0.00000000    
   941.500000       0.00000000    
   942.000000       0.00000000    
   942.500000       0.00000000    
   943.000000       0.00000000    
   943.500000       0.00000000    
   944.000000       0.00000000    
   944.500000       0.00000000    
   945.000000       0.00000000    
   945.500000       0.00000000    
   946.000000       0.00000000    
   946.500000       0.00000000    
   947.000000       0.00000000    
   947.500000       0.00000000    
   948.000000       0.00000000    
   948.500000       0.00000000    
   949.000000       0.00000000    
   949.500000       0.00000000    
   950.000000       0.00000000    
   950.500000       0.00000000    
   951.000000       0.00000000    
   951.500000       0.00000000    
   952.000000       0.00000000    
   952.500000       0.00000000    
   953.000000       0.00000000    
   953.500000       0.00000000    
   954.000000       0.00000000    
   954.500000       0.00000000    
   955.000000       0.00000000    
   955.500000       0.00000000    
   956.000000       0.00000000    
   956.500000       0.00000000    
   957.000000       0.00000000    
   957.500000       0.00000000    
   958.000000       0.00000000    
   958.500000       0.00000000    
   959.000000       0.00000000    
   959.500000       0.00000000    
   960.000000       0.00000000    
   960.500000       0.00000000    
   961.000000       0.00000000    
   961.500000       0.00000000    
   962.000000       0.00000000    
   962.500000       0.00000000    
   963.000000       0.00000000    
   963.500000       0.00000000    
   964.000000       0.00000000    
   964.500000       0.00000000    
   965.000000       0.00000000    
   965.500000       0.00000000    
   966.000000       0.00000000    
   966.500000       0.00000000    
   967.000000       0.00000000    
   967.500000       0.00000000    
   968.000000       0.00000000    
   968.500000       0.00000000    
   969.000000       0.00000000    
   969.500000       0.00000000    
   970.000000       0.00000000    
   970.500000       0.00000000    
   971.000000       0.00000000    
   971.500000       0.00000000    
   972.000000       0.00000000    
   972.500000       0.00000000    
   973.000000       0.00000000    
   973.500000       0.00000000    
   974.000000       0.00000000    
   974.500000       0.00000000    
   975.000000       0.00000000    
   975.500000       0.00000000    
   976.000000       0.00000000    
   976.500000       0.00000000    
   977.000000       0.00000000    
   977.500000       0.00000000    
   978.000000       0.00000000    
   978.500000       0.00000000    
   979.000000       0.00000000    
   979.500000       0.00000000    
   980.000000       0.00000000    
   980.500000       0.00000000    
   981.000000       0.00000000    
   981.500000       0.00000000    
   982.000000       0.00000000    
   982.500000       0.00000000    
   983.000000       0.00000000    
   983.500000       0.00000000    
   984.000000       0.00000000    
   984.500000       0.00000000    
   985.000000       0.00000000    
   985.500000       0.00000000    
   986.000000       0.00000000    
   986.500000       0.00000000    
   987.000000       0.00000000    
   987.500000       0.00000000    
   988.000000       0.00000000    
   988.500000       0.00000000    
   989.000000       0.00000000    
   989.500000       0.00000000    
   990.000000       0.00000000    
   990.500000       0.00000000    
   991.000000       0.00000000    
   991.500000       0.00000000    
   992.000000       0.00000000    
   992.500000       0.00000000    
   993.000000       0.00000000    
   993.500000       0.00000000    
   994.000000       0.00000000    
   994.500000       0.00000000    
   995.000000       0.00000000    
   995.500000       0.00000000    
   996.000000       0.00000000    
   996.500000       0.00000000    
   997.000000       0.00000000    
   997.500000       0.00000000    
   998.000000       0.00000000    
   998.500000       0.00000000    
   999.000000       0.00000000    
   999.500000       0.00000000    
   1000.00000       0.00000000    
