 -0.250000000      -5.83002975E-06
  0.250000000      -5.83002975E-06
  0.750000000      -9.14910379E-06
   1.25000000      -2.29835973E-06
   1.75000000      -1.33484846E-05
   2.25000000       2.35671268E-06
   2.75000000      -1.90144201E-05
   3.25000000       8.21994945E-06
   3.75000000      -2.57901102E-05
   4.25000000       1.40031570E-05
   4.75000000      -3.10589203E-05
   5.25000000       1.65486381E-05
   5.75000000      -3.16768819E-05
   6.25000000       1.28190059E-05
   6.75000000      -2.57321681E-05
   7.25000000       2.34844379E-06
   7.75000000      -1.44078303E-05
   8.25000000      -1.08997856E-05
   8.75000000      -4.58759450E-06
   9.25000000      -1.83926386E-05
   9.75000000      -5.19548257E-06
   10.2500000      -1.24409280E-05
   10.7500000      -2.02309548E-05
   11.2500000       4.97735982E-06
   11.7500000      -4.08727428E-05
   12.2500000       1.86145899E-05
   12.7500000      -4.83061558E-05
   13.2500000       1.10419933E-05
   13.7500000      -3.22260312E-05
   14.2500000      -1.54335048E-05
   14.7500000      -9.56898566E-06
   15.2500000      -3.30603179E-05
   15.7500000      -1.03297434E-05
   16.2500000      -2.14043048E-05
   16.7500000      -3.34722063E-05
   17.2500000      -7.47159584E-06
   17.7500000      -3.43014581E-05
   18.2500000      -3.33985154E-05
   18.7500000       1.79368988E-06
   19.2500000      -7.02708348E-05
   19.7500000       8.26876476E-06
   20.2500000      -4.52785171E-05
   20.7500000      -4.76576533E-05
   21.2500000       2.81073744E-06
   21.7500000      -6.69332439E-05
   22.2500000      -2.66596016E-05
   22.7500000      -2.26037610E-05
   23.2500000      -5.29520548E-05
   23.7500000      -4.94687920E-05
   24.2500000      -5.01538170E-06
   24.7500000      -6.87706997E-05
   25.2500000      -6.35985198E-05
   25.7500000       2.21035370E-05
   26.2500000      -1.00449586E-04
   26.7500000      -6.05465648E-05
   27.2500000       2.28498229E-05
   27.7500000      -9.06062414E-05
   28.2500000      -8.48584168E-05
   28.7500000      -6.88405544E-06
   29.2500000      -6.77353137E-06
   29.7500000      -1.24530285E-04
   30.2500000      -1.14235118E-04
   30.7500000       1.14148024E-04
   31.2500000       5.20415779E-05
   31.7500000      -7.50417603E-05
   32.2500000       4.69837978E-04
   32.7500000       1.87842397E-03
   33.2500000       4.27128561E-03
   33.7500000       7.44399335E-03
   34.2500000       1.09352721E-02
   34.7500000       1.48399789E-02
   35.2500000       1.90440863E-02
   35.7500000       2.32640114E-02
   36.2500000       2.77896244E-02
   36.7500000       3.24533060E-02
   37.2500000       3.70718017E-02
   37.7500000       4.19745669E-02
   38.2500000       4.68414985E-02
   38.7500000       5.18187359E-02
   39.2500000       5.69080114E-02
   39.7500000       6.17199279E-02
   40.2500000       6.73676506E-02
   40.7500000       7.22278953E-02
   41.2500000       7.65886977E-02
   41.7500000       8.40295851E-02
   42.2500000       8.75216424E-02
   42.7500000       9.05854627E-02
   43.2500000      0.102836415    
   43.7500000      0.102411792    
   44.2500000      0.101778939    
   44.7500000      0.125701532    
   45.2500000      0.117484853    
   45.7500000      0.106101878    
   46.2500000      0.154169187    
   46.7500000      0.136711910    
   47.2500000       9.78243276E-02
   47.7500000      0.184202030    
   48.2500000      0.169731855    
   48.7500000       7.64232129E-02
   49.2500000      0.197749123    
   49.7500000      0.227580890    
   50.2500000       5.85211478E-02
   50.7500000      0.167739913    
   51.2500000      0.303357720    
   51.7500000       7.55216777E-02
   52.2500000       9.98459011E-02
   52.7500000      0.345087856    
   53.2500000      0.142913133    
   53.7500000      -8.18404090E-03
   54.2500000      -1.57048984E-03
   54.7500000       5.01016621E-04
   55.2500000      -4.54376823E-05
   55.7500000      -5.36187599E-06
   56.2500000       2.08150846E-06
   56.7500000      -2.31097587E-07
   57.2500000      -1.38746534E-08
   57.7500000       9.69598624E-09
   58.2500000      -1.21359700E-09
   58.7500000      -1.33041078E-10
   59.2500000       4.45697888E-11
   59.7500000       7.75045501E-13
   60.2500000      -6.27517678E-13
   60.7500000      -1.57579570E-13
   61.2500000       4.66715323E-15
   61.7500000       1.51957728E-14
   62.2500000      -7.11789208E-16
   62.7500000      -8.76847184E-16
   63.2500000       7.83507991E-17
   63.7500000       4.08546788E-17
   64.2500000      -5.81377607E-18
   64.7500000      -1.66346921E-18
   65.2500000       3.68651341E-19
   65.7500000       5.50125578E-20
   66.2500000      -2.07425588E-20
   66.7500000      -9.70382823E-22
   67.2500000       1.00737149E-21
   67.7500000      -4.31291966E-23
   68.2500000      -3.99017079E-23
   68.7500000       5.65957134E-24
   69.2500000       1.11745628E-24
   69.7500000      -3.52489381E-25
   70.2500000      -7.50241542E-27
   70.7500000       1.51258516E-26
   71.2500000      -1.46612756E-27
   71.7500000      -4.20670381E-28
   72.2500000       1.09365232E-28
   72.7500000       2.27812611E-30
   73.2500000      -4.46503235E-30
   73.7500000       5.11966534E-31
   74.2500000       9.62836314E-32
   74.7500000      -3.23394394E-32
   75.2500000       1.10131221E-33
   75.7500000       1.00766719E-33
   76.2500000      -1.88519218E-34
   76.7500000      -7.29528841E-36
   77.2500000       7.72695255E-36
   77.7500000      -9.46889793E-37
   78.2500000      -1.16753408E-37
   78.7500000       5.09684649E-38
   79.2500000      -4.30619298E-39
   79.7500000      -1.00285606E-39
   80.2500000       3.09700974E-40
   80.7500000      -1.89399500E-41
   81.2500000      -6.91260532E-42
   81.7500000       1.80206983E-42
   82.2500000      -8.82818033E-44
   82.7500000      -3.92363570E-44
   83.2500000       1.12103877E-44
   83.7500000       0.00000000    
   84.2500000       0.00000000    
   84.7500000       0.00000000    
   85.2500000       0.00000000    
   85.7500000       0.00000000    
   86.2500000       0.00000000    
   86.7500000       0.00000000    
   87.2500000       0.00000000    
   87.7500000       0.00000000    
   88.2500000       0.00000000    
   88.7500000       0.00000000    
   89.2500000       0.00000000    
   89.7500000       0.00000000    
   90.2500000       0.00000000    
   90.7500000       0.00000000    
   91.2500000       0.00000000    
   91.7500000       0.00000000    
   92.2500000       0.00000000    
   92.7500000       0.00000000    
   93.2500000       0.00000000    
   93.7500000       0.00000000    
   94.2500000       0.00000000    
   94.7500000       0.00000000    
   95.2500000       0.00000000    
   95.7500000       0.00000000    
   96.2500000       0.00000000    
   96.7500000       0.00000000    
   97.2500000       0.00000000    
   97.7500000       0.00000000    
   98.2500000       0.00000000    
   98.7500000       0.00000000    
   99.2500000       0.00000000    
   99.7500000       0.00000000    
   100.250000       0.00000000    
