   0.00000000       0.00000000    
  0.500000000      -3.38625841E-06
   1.00000000       7.78569029E-06
   1.50000000      -8.83249049E-06
   2.00000000       1.31903334E-05
   2.50000000      -1.06928210E-05
   3.00000000       1.38728246E-05
   3.50000000      -7.36838592E-06
   4.00000000       9.44230487E-06
   4.50000000       8.42408554E-07
   5.00000000       1.33832873E-06
   5.50000000       1.09658067E-05
   6.00000000      -6.14110104E-06
   6.50000000       1.78600221E-05
   7.00000000      -7.60988496E-06
   7.50000000       1.64839803E-05
   8.00000000       8.54846348E-07
   8.50000000       5.87849490E-06
   9.00000000       1.65175006E-05
   9.50000000      -7.48815364E-06
   10.0000000       2.89642649E-05
   10.5000000      -1.05110112E-05
   11.0000000       2.54702409E-05
   11.5000000       5.89824594E-06
   12.0000000       3.82778671E-06
   12.5000000       3.41092746E-05
   13.0000000      -1.82202530E-05
   13.5000000       4.99549387E-05
   14.0000000      -1.61940661E-05
   14.5000000       3.67887369E-05
   15.0000000       1.09382272E-05
   15.5000000       1.29447862E-05
   16.0000000       2.86359755E-05
   16.5000000       1.72887994E-05
   17.0000000       1.13770911E-05
   17.5000000       4.64669320E-05
   18.0000000      -3.85377643E-06
   18.5000000       4.19590069E-05
   19.0000000       3.44547261E-05
   19.5000000      -8.01638816E-06
   20.0000000       7.98509063E-05
   20.5000000      -1.25235583E-05
   21.0000000       4.52017084E-05
   21.5000000       5.20375615E-05
   22.0000000      -2.07754056E-07
   22.5000000       5.68721262E-05
   23.0000000       4.30704204E-05
   23.5000000       1.74451980E-05
   24.0000000       4.06892468E-05
   24.5000000       7.76721572E-05
   25.0000000      -1.09115826E-05
   25.5000000       5.73109355E-05
   26.0000000       9.77556847E-05
   26.5000000      -3.70340131E-05
   27.0000000       7.57954185E-05
   27.5000000       1.00869700E-04
   28.0000000      -1.53106175E-05
   28.5000000       3.54807889E-05
   29.0000000       1.07639746E-04
   29.5000000       7.93138242E-05
   30.0000000      -5.39346474E-05
   30.5000000       4.23579622E-05
   31.0000000       2.60293891E-04
   31.5000000       9.63613857E-05
   32.0000000       6.91018067E-05
   32.5000000       8.22786591E-04
   33.0000000       2.45749671E-03
   33.5000000       5.09747630E-03
   34.0000000       8.37089121E-03
   34.5000000       1.19127482E-02
   35.0000000       1.59077607E-02
   35.5000000       2.00758483E-02
   36.0000000       2.42770705E-02
   36.5000000       2.88275164E-02
   37.0000000       3.33791226E-02
   37.5000000       3.79558690E-02
   38.0000000       4.28006016E-02
   38.5000000       4.75101098E-02
   39.0000000       5.24580665E-02
   39.5000000       5.73033653E-02
   40.0000000       6.20384589E-02
   40.5000000       6.76947758E-02
   41.0000000       7.18328878E-02
   41.5000000       7.66166076E-02
   42.0000000       8.40552226E-02
   42.5000000       8.56284648E-02
   43.0000000       9.07070041E-02
   43.5000000      0.102780603    
   44.0000000       9.75772515E-02
   44.5000000      0.102829680    
   45.0000000      0.126436979    
   45.5000000      0.107027277    
   46.0000000      0.108918630    
   46.5000000      0.158259347    
   47.0000000      0.116738237    
   47.5000000      0.101196162    
   48.0000000      0.197293118    
   48.5000000      0.137033910    
   49.0000000       7.37965405E-02
   49.5000000      0.227764338    
   50.0000000      0.184160113    
   50.5000000       3.88544276E-02
   51.0000000      0.215761498    
   51.5000000      0.263239086    
   52.0000000       3.13225128E-02
   52.5000000      0.148118675    
   53.0000000      0.333466500    
   53.5000000       7.65700713E-02
   54.0000000      -1.34286834E-02
   54.5000000       3.31564457E-04
   55.0000000       3.03160312E-04
   55.5000000      -6.17020924E-05
   56.0000000       2.68932286E-06
   56.5000000       1.12036253E-06
   57.0000000      -2.70515102E-07
   57.5000000       1.91256522E-08
   58.0000000       4.67933248E-09
   58.5000000      -1.35796241E-09
   59.0000000       4.10577683E-11
   59.5000000       2.93758212E-11
   60.0000000      -1.98287003E-12
   60.5000000      -3.94142130E-13
   61.0000000      -9.47897969E-14
   61.5000000       2.13185674E-14
   62.0000000       9.61469385E-15
   62.5000000      -1.90592154E-15
   63.0000000      -4.68053254E-16
   63.5000000       1.24691442E-16
   64.0000000       1.74167345E-17
   64.5000000      -6.96010943E-18
   65.0000000      -4.66094458E-19
   65.5000000       3.56813611E-19
   66.0000000      -8.22899307E-22
   66.5000000      -1.64511247E-20
   67.0000000       1.28387983E-21
   67.5000000       6.34762367E-22
   68.0000000      -1.12151699E-22
   68.5000000      -1.73233587E-23
   69.0000000       6.50052309E-24
   69.5000000       7.16183150E-26
   70.0000000      -2.78876160E-25
   70.5000000       2.78151831E-26
   71.0000000       8.14842702E-27
   71.5000000      -2.07768282E-27
   72.0000000      -6.96862602E-29
   72.5000000       9.00072647E-29
   73.0000000      -8.88511003E-30
   73.5000000      -2.26774113E-30
   74.0000000       6.41910711E-31
   74.5000000      -3.83686940E-33
   75.0000000      -2.31949456E-32
   75.5000000       3.47338450E-33
   76.0000000       3.31686899E-34
   76.5000000      -1.73971614E-34
   77.0000000       1.45734768E-35
   77.5000000       3.87691834E-36
   78.0000000      -1.11357086E-36
   78.5000000       4.25992911E-38
   79.0000000       3.12700789E-38
   79.5000000      -6.53549769E-39
   80.0000000       2.52485957E-41
   80.5000000       2.13811521E-40
   81.0000000      -3.69059977E-41
   81.5000000      -7.20267411E-43
   82.0000000       1.32702965E-42
   82.5000000      -2.05990874E-43
   83.0000000      -2.80259693E-45
   83.5000000       8.40779079E-45
   84.0000000       0.00000000    
   84.5000000       0.00000000    
   85.0000000       0.00000000    
   85.5000000       0.00000000    
   86.0000000       0.00000000    
   86.5000000       0.00000000    
   87.0000000       0.00000000    
   87.5000000       0.00000000    
   88.0000000       0.00000000    
   88.5000000       0.00000000    
   89.0000000       0.00000000    
   89.5000000       0.00000000    
   90.0000000       0.00000000    
   90.5000000       0.00000000    
   91.0000000       0.00000000    
   91.5000000       0.00000000    
   92.0000000       0.00000000    
   92.5000000       0.00000000    
   93.0000000       0.00000000    
   93.5000000       0.00000000    
   94.0000000       0.00000000    
   94.5000000       0.00000000    
   95.0000000       0.00000000    
   95.5000000       0.00000000    
   96.0000000       0.00000000    
   96.5000000       0.00000000    
   97.0000000       0.00000000    
   97.5000000       0.00000000    
   98.0000000       0.00000000    
   98.5000000       0.00000000    
   99.0000000       0.00000000    
   99.5000000       0.00000000    
   100.000000       0.00000000    
