 -0.250000000       2.67074211E-06
  0.250000000       2.67074211E-06
  0.750000000      -1.35324162E-05
   1.25000000       2.04999960E-05
   1.75000000      -3.18852617E-05
   2.25000000       3.51689705E-05
   2.75000000      -3.51204908E-05
   3.25000000       1.89526781E-05
   3.75000000       3.33220760E-06
   4.25000000      -3.40469924E-05
   4.75000000       5.06526958E-05
   5.25000000      -4.90598359E-05
   5.75000000       1.66045957E-05
   6.25000000       2.04698717E-05
   6.75000000      -3.83189254E-05
   7.25000000       9.17355464E-07
   7.75000000       6.38674392E-05
   8.25000000      -9.12961186E-05
   8.75000000       2.63005513E-05
   9.25000000       1.45477039E-04
   9.75000000       1.21723722E-04
   10.2500000       5.12767932E-04
   10.7500000       2.20968830E-03
   11.2500000       5.38480980E-03
   11.7500000       9.67665575E-03
   12.2500000       1.48372622E-02
   12.7500000       2.05100365E-02
   13.2500000       2.67571546E-02
   13.7500000       3.32821012E-02
   14.2500000       4.02182303E-02
   14.7500000       4.73385230E-02
   15.2500000       5.46956249E-02
   15.7500000       6.22405261E-02
   16.2500000       6.98389113E-02
   16.7500000       7.76546597E-02
   17.2500000       8.53919908E-02
   17.7500000       9.33073312E-02
   18.2500000      0.101128183    
   18.7500000      0.108969867    
   19.2500000      0.116805516    
   19.7500000      0.124440372    
   20.2500000      0.132147968    
   20.7500000      0.139500633    
   21.2500000      0.146855995    
   21.7500000      0.153849646    
   22.2500000      0.160595641    
   22.7500000      0.167060331    
   23.2500000      0.172912106    
   23.7500000      0.178570196    
   24.2500000      0.183050141    
   24.7500000      0.187500089    
   25.2500000      0.190029308    
   25.7500000      0.191516235    
   26.2500000      0.192996278    
   26.7500000      0.185864598    
   27.2500000      0.184161022    
   27.7500000      0.171034798    
   28.2500000      0.106785826    
   28.7500000       4.25820015E-02
   29.2500000       1.34802070E-02
   29.7500000       3.62966792E-03
   30.2500000       5.72710007E-04
   30.7500000      -6.40698272E-05
   31.2500000      -5.87199938E-05
   31.7500000      -8.99247425E-06
   32.2500000       2.22283370E-06
   32.7500000       8.63582613E-07
   33.2500000      -4.42536674E-08
   33.7500000      -5.15631591E-08
   34.2500000       1.97483391E-10
   34.7500000       2.64684186E-09
   35.2500000      -1.48791535E-11
   35.7500000      -1.24929053E-10
   36.2500000       5.19939517E-12
   36.7500000       5.24684809E-12
   37.2500000      -5.55039684E-13
   37.7500000      -1.75823047E-13
   38.2500000       3.74261033E-14
   38.7500000       3.33341748E-15
   39.2500000      -1.77858136E-15
   39.7500000       7.48508987E-17
   40.2500000       5.59932916E-17
   40.7500000      -9.74780074E-18
   41.2500000      -6.66810868E-19
   41.7500000       4.26903959E-19
   42.2500000      -3.89967030E-20
   42.7500000      -8.31129108E-21
   43.2500000       2.54616532E-21
   43.7500000      -1.36953523E-22
   44.2500000      -5.79317234E-23
   44.7500000       1.38779440E-23
   45.2500000      -5.87558492E-25
   45.7500000      -3.16330339E-25
   46.2500000       7.33297611E-26
   46.7500000      -3.89315337E-27
   47.2500000      -1.41384058E-27
   47.7500000       3.73403848E-28
   48.2500000      -3.01658257E-29
   48.7500000      -4.70037948E-30
   49.2500000       1.73998197E-30
   49.7500000      -2.10489755E-31
   50.2500000      -5.65490953E-33
   50.7500000       6.76864414E-33
   51.2500000      -1.20976102E-33
   51.7500000       6.72442691E-35
   52.2500000       1.77751606E-35
   52.7500000      -5.40050115E-36
   53.2500000       6.66623194E-37
   53.7500000      -2.37050094E-39
   54.2500000      -1.62845861E-38
   54.7500000       3.51229575E-39
   55.2500000      -3.45872691E-40
   55.7500000      -1.21408499E-41
   56.2500000       1.10646527E-41
   56.7500000      -2.10755289E-42
   57.2500000       1.96181785E-43
   57.7500000       8.40779079E-45
   58.2500000      -5.60519386E-45
   58.7500000       0.00000000    
   59.2500000       0.00000000    
   59.7500000       0.00000000    
   60.2500000       0.00000000    
   60.7500000       0.00000000    
   61.2500000       0.00000000    
   61.7500000       0.00000000    
   62.2500000       0.00000000    
   62.7500000       0.00000000    
   63.2500000       0.00000000    
   63.7500000       0.00000000    
   64.2500000       0.00000000    
   64.7500000       0.00000000    
   65.2500000       0.00000000    
   65.7500000       0.00000000    
   66.2500000       0.00000000    
   66.7500000       0.00000000    
   67.2500000       0.00000000    
   67.7500000       0.00000000    
   68.2500000       0.00000000    
   68.7500000       0.00000000    
   69.2500000       0.00000000    
   69.7500000       0.00000000    
   70.2500000       0.00000000    
   70.7500000       0.00000000    
   71.2500000       0.00000000    
   71.7500000       0.00000000    
   72.2500000       0.00000000    
   72.7500000       0.00000000    
   73.2500000       0.00000000    
   73.7500000       0.00000000    
   74.2500000       0.00000000    
   74.7500000       0.00000000    
   75.2500000       0.00000000    
   75.7500000       0.00000000    
   76.2500000       0.00000000    
   76.7500000       0.00000000    
   77.2500000       0.00000000    
   77.7500000       0.00000000    
   78.2500000       0.00000000    
   78.7500000       0.00000000    
   79.2500000       0.00000000    
   79.7500000       0.00000000    
   80.2500000       0.00000000    
   80.7500000       0.00000000    
   81.2500000       0.00000000    
   81.7500000       0.00000000    
   82.2500000       0.00000000    
   82.7500000       0.00000000    
   83.2500000       0.00000000    
   83.7500000       0.00000000    
   84.2500000       0.00000000    
   84.7500000       0.00000000    
   85.2500000       0.00000000    
   85.7500000       0.00000000    
   86.2500000       0.00000000    
   86.7500000       0.00000000    
   87.2500000       0.00000000    
   87.7500000       0.00000000    
   88.2500000       0.00000000    
   88.7500000       0.00000000    
   89.2500000       0.00000000    
   89.7500000       0.00000000    
   90.2500000       0.00000000    
   90.7500000       0.00000000    
   91.2500000       0.00000000    
   91.7500000       0.00000000    
   92.2500000       0.00000000    
   92.7500000       0.00000000    
   93.2500000       0.00000000    
   93.7500000       0.00000000    
   94.2500000       0.00000000    
   94.7500000       0.00000000    
   95.2500000       0.00000000    
   95.7500000       0.00000000    
   96.2500000       0.00000000    
   96.7500000       0.00000000    
   97.2500000       0.00000000    
   97.7500000       0.00000000    
   98.2500000       0.00000000    
   98.7500000       0.00000000    
   99.2500000       0.00000000    
   99.7500000       0.00000000    
   100.250000       0.00000000    
