 -0.250000000      -3.55975294E-06
  0.250000000      -3.55975294E-06
  0.750000000       1.39166241E-06
   1.25000000      -6.80672883E-06
   1.75000000       1.64495816E-06
   2.25000000      -3.24472626E-06
   2.75000000      -5.69138274E-06
   3.25000000       6.52307426E-06
   3.75000000      -1.58054627E-05
   4.25000000       1.37363886E-05
   4.75000000      -1.70230778E-05
   5.25000000       6.24393624E-06
   5.75000000      -4.56625287E-07
   6.25000000      -1.77547208E-05
   6.75000000       2.48248016E-05
   7.25000000      -3.67061075E-05
   7.75000000       2.92762161E-05
   8.25000000      -2.24080104E-05
   8.75000000      -2.17769752E-06
   9.25000000       1.47711062E-05
   9.75000000      -2.94030669E-05
   10.2500000       1.64197791E-05
   10.7500000      -2.31218314E-06
   11.2500000      -2.55584036E-05
   11.7500000       2.49043715E-05
   12.2500000      -1.17450072E-05
   12.7500000      -3.38633872E-05
   13.2500000       5.63609938E-05
   13.7500000      -5.75261838E-05
   14.2500000       4.65984658E-06
   14.7500000       3.10300384E-05
   15.2500000      -3.27130692E-05
   15.7500000      -3.72189934E-05
   16.2500000       6.68257489E-05
   16.7500000      -1.45420008E-05
   17.2500000      -1.08187000E-04
   17.7500000       1.05941865E-04
   18.2500000       1.17824944E-04
   18.7500000       6.60604637E-05
   19.2500000       4.95827757E-04
   19.7500000       2.07123719E-03
   20.2500000       4.91582556E-03
   20.7500000       8.57134070E-03
   21.2500000       1.29614975E-02
   21.7500000       1.77388415E-02
   22.2500000       2.28388757E-02
   22.7500000       2.83189472E-02
   23.2500000       3.38847823E-02
   23.7500000       3.97574417E-02
   24.2500000       4.57608849E-02
   24.7500000       5.18060960E-02
   25.2500000       5.81358485E-02
   25.7500000       6.43742979E-02
   26.2500000       7.07756057E-02
   26.7500000       7.72971213E-02
   27.2500000       8.36538523E-02
   27.7500000       9.02949721E-02
   28.2500000       9.67964679E-02
   28.7500000      0.103218697    
   29.2500000      0.109959446    
   29.7500000      0.116295889    
   30.2500000      0.122599162    
   30.7500000      0.129605457    
   31.2500000      0.135146841    
   31.7500000      0.141398400    
   32.2500000      0.149436235    
   32.7500000      0.151410997    
   33.2500000      0.160572484    
   33.7500000      0.168927997    
   34.2500000      0.161178142    
   34.7500000      0.184487686    
   35.2500000      0.183977067    
   35.7500000      0.159210220    
   36.2500000      0.220459744    
   36.7500000      0.187201291    
   37.2500000      0.135381594    
   37.7500000      0.268993616    
   38.2500000      0.185318336    
   38.7500000       1.77136920E-02
   39.2500000      -3.03155254E-03
   39.7500000       2.52970931E-05
   40.2500000      -1.86315992E-05
   40.7500000      -2.53718335E-05
   41.2500000       2.02384194E-06
   41.7500000       1.84785802E-06
   42.2500000       1.18426087E-07
   42.7500000      -9.54396313E-08
   43.2500000      -1.92360048E-08
   43.7500000       4.16055146E-09
   44.2500000       1.45690693E-09
   44.7500000      -1.76170231E-10
   45.2500000      -8.65990682E-11
   45.7500000       8.59737281E-12
   46.2500000       4.50250861E-12
   46.7500000      -5.12454662E-13
   47.2500000      -2.07172550E-13
   47.7500000       3.29008806E-14
   48.2500000       8.02545930E-15
   48.7500000      -1.98104532E-15
   49.2500000      -2.21220495E-16
   49.7500000       1.03255659E-16
   50.2500000       6.95203946E-19
   50.7500000      -4.37226785E-18
   51.2500000       4.01423772E-19
   51.7500000       1.33502750E-19
   52.2500000      -3.05599680E-20
   52.7500000      -1.62573161E-21
   53.2500000       1.36024339E-21
   53.7500000      -1.10572639E-22
   54.2500000      -3.56933054E-23
   54.7500000       8.83591425E-24
   55.2500000       4.67218648E-26
   55.7500000      -3.18355739E-25
   56.2500000       4.51525709E-26
   56.7500000       4.13381680E-27
   57.2500000      -2.16644200E-27
   57.7500000       2.02063225E-28
   58.2500000       3.92608493E-29
   58.7500000      -1.30090971E-29
   59.2500000       8.90835887E-31
   59.7500000       2.65377348E-31
   60.2500000      -7.35998466E-32
   60.7500000       4.48531690E-33
   61.2500000       1.48864494E-33
   61.7500000      -4.02954321E-34
   62.2500000       2.75539664E-35
   62.7500000       7.08414713E-36
   63.2500000      -2.12862788E-36
   63.7500000       1.87918519E-37
   64.2500000       2.68916742E-38
   64.7500000      -1.05665387E-38
   65.2500000       1.25393231E-39
   65.7500000       5.88447264E-41
   66.2500000      -4.69799323E-41
   66.7500000       7.58803118E-42
   67.2500000      -1.93379188E-43
   67.7500000      -1.70958413E-43
   68.2500000       3.78350585E-44
   68.7500000      -2.80259693E-45
   69.2500000       0.00000000    
   69.7500000       0.00000000    
   70.2500000       0.00000000    
   70.7500000       0.00000000    
   71.2500000       0.00000000    
   71.7500000       0.00000000    
   72.2500000       0.00000000    
   72.7500000       0.00000000    
   73.2500000       0.00000000    
   73.7500000       0.00000000    
   74.2500000       0.00000000    
   74.7500000       0.00000000    
   75.2500000       0.00000000    
   75.7500000       0.00000000    
   76.2500000       0.00000000    
   76.7500000       0.00000000    
   77.2500000       0.00000000    
   77.7500000       0.00000000    
   78.2500000       0.00000000    
   78.7500000       0.00000000    
   79.2500000       0.00000000    
   79.7500000       0.00000000    
   80.2500000       0.00000000    
   80.7500000       0.00000000    
   81.2500000       0.00000000    
   81.7500000       0.00000000    
   82.2500000       0.00000000    
   82.7500000       0.00000000    
   83.2500000       0.00000000    
   83.7500000       0.00000000    
   84.2500000       0.00000000    
   84.7500000       0.00000000    
   85.2500000       0.00000000    
   85.7500000       0.00000000    
   86.2500000       0.00000000    
   86.7500000       0.00000000    
   87.2500000       0.00000000    
   87.7500000       0.00000000    
   88.2500000       0.00000000    
   88.7500000       0.00000000    
   89.2500000       0.00000000    
   89.7500000       0.00000000    
   90.2500000       0.00000000    
   90.7500000       0.00000000    
   91.2500000       0.00000000    
   91.7500000       0.00000000    
   92.2500000       0.00000000    
   92.7500000       0.00000000    
   93.2500000       0.00000000    
   93.7500000       0.00000000    
   94.2500000       0.00000000    
   94.7500000       0.00000000    
   95.2500000       0.00000000    
   95.7500000       0.00000000    
   96.2500000       0.00000000    
   96.7500000       0.00000000    
   97.2500000       0.00000000    
   97.7500000       0.00000000    
   98.2500000       0.00000000    
   98.7500000       0.00000000    
   99.2500000       0.00000000    
   99.7500000       0.00000000    
   100.250000       0.00000000    
