   0.00000000       0.00000000    
  0.500000000      -1.07766145E-05
   1.00000000       2.08692109E-05
   1.50000000      -2.81951307E-05
   2.00000000       3.33402641E-05
   2.50000000      -3.35980694E-05
   3.00000000       3.12800694E-05
   3.50000000      -2.33347346E-05
   4.00000000       1.52189550E-05
   4.50000000      -3.78326149E-06
   5.00000000      -2.46164200E-06
   5.50000000       7.48896673E-06
   6.00000000      -1.80313327E-06
   6.50000000      -6.65718835E-06
   7.00000000       2.45262454E-05
   7.50000000      -3.77337055E-05
   8.00000000       5.03058945E-05
   8.50000000      -4.57935384E-05
   9.00000000       3.44160944E-05
   9.50000000      -7.94432344E-06
   10.0000000      -9.37515688E-06
   10.5000000       2.04737134E-05
   11.0000000      -2.90808021E-06
   11.5000000      -2.01323564E-05
   12.0000000       4.85529818E-05
   12.5000000      -4.05514911E-05
   13.0000000       1.01210062E-05
   13.5000000       4.53937100E-05
   14.0000000      -6.24584500E-05
   14.5000000       4.09914137E-05
   15.0000000       2.38487792E-05
   15.5000000      -3.71278875E-05
   16.0000000      -1.06874104E-05
   16.5000000       9.61723272E-05
   17.0000000      -6.25969551E-05
   17.5000000      -6.27532427E-05
   18.0000000       1.60676413E-04
   18.5000000       9.88717948E-05
   19.0000000       9.87316744E-05
   19.5000000       7.28370680E-04
   20.0000000       2.65869824E-03
   20.5000000       5.73529722E-03
   21.0000000       9.56121925E-03
   21.5000000       1.40702333E-02
   22.0000000       1.88502185E-02
   22.5000000       2.40055230E-02
   23.0000000       2.94396486E-02
   23.5000000       3.49437185E-02
   24.0000000       4.07816730E-02
   24.5000000       4.66186926E-02
   25.0000000       5.25766499E-02
   25.5000000       5.87416589E-02
   26.0000000       6.47545084E-02
   26.5000000       7.10211620E-02
   27.0000000       7.72405192E-02
   27.5000000       8.33678618E-02
   28.0000000       8.97703618E-02
   28.5000000       9.58806872E-02
   29.0000000      0.102065921    
   29.5000000      0.108466476    
   30.0000000      0.114310272    
   30.5000000      0.120426200    
   31.0000000      0.127014756    
   31.5000000      0.131709978    
   32.0000000      0.138467744    
   32.5000000      0.145261824    
   33.0000000      0.146159649    
   33.5000000      0.158069819    
   34.0000000      0.161090255    
   34.5000000      0.155180588    
   35.0000000      0.184095696    
   35.5000000      0.167590678    
   36.0000000      0.157116994    
   36.5000000      0.222719774    
   37.0000000      0.155117124    
   37.5000000      0.143518806    
   38.0000000      0.276057303    
   38.5000000      0.131856054    
   39.0000000       4.69709747E-04
   39.5000000      -2.17398861E-03
   40.0000000       1.92030508E-04
   40.5000000      -4.71116145E-05
   41.0000000      -1.44795185E-05
   41.5000000       3.71576562E-06
   42.0000000       1.18807304E-06
   42.5000000      -5.45423617E-08
   43.0000000      -8.02888351E-08
   43.5000000      -6.07836848E-09
   44.0000000       4.56229987E-09
   44.5000000       6.52625565E-10
   45.0000000      -2.41298675E-10
   45.5000000      -4.19225175E-11
   46.0000000       1.28345719E-11
   46.5000000       2.09579467E-12
   47.0000000      -6.96972319E-13
   47.5000000      -8.08343599E-14
   48.0000000       3.70640205E-14
   48.5000000       1.80301127E-15
   49.0000000      -1.80921537E-15
   49.5000000       4.88535186E-17
   50.0000000       7.51653993E-17
   50.5000000      -8.62974289E-18
   51.0000000      -2.33764074E-18
   51.5000000       5.89412767E-19
   52.0000000       3.13478575E-20
   52.5000000      -2.68471436E-20
   53.0000000       1.94411032E-21
   53.5000000       7.87437472E-22
   54.0000000      -1.73717824E-22
   54.5000000      -6.17353709E-24
   55.0000000       7.17907600E-24
   55.5000000      -7.88335228E-25
   56.0000000      -1.40391652E-25
   56.5000000       4.83727781E-26
   57.0000000      -2.50108157E-27
   57.5000000      -1.25900958E-27
   58.0000000       2.83450064E-28
   58.5000000      -3.91601593E-30
   59.0000000      -8.66320453E-30
   59.5000000       1.57434429E-30
   60.0000000       1.09202367E-32
   60.5000000      -5.18762467E-32
   61.0000000       8.71862985E-33
   61.5000000       7.02540168E-35
   62.0000000      -2.81087217E-34
   62.5000000       4.88454063E-35
   63.0000000      -4.69317770E-37
   63.5000000      -1.37503575E-36
   64.0000000       2.71524693E-37
   64.5000000      -1.09339185E-38
   65.0000000      -5.82796808E-39
   65.5000000       1.43877619E-39
   66.0000000      -1.12410762E-40
   66.5000000      -1.89077202E-41
   67.0000000       6.90139494E-42
   67.5000000      -8.40779079E-43
   68.0000000      -2.24207754E-44
   68.5000000       2.66246708E-44
   69.0000000      -2.80259693E-45
   69.5000000       0.00000000    
   70.0000000       0.00000000    
   70.5000000       0.00000000    
   71.0000000       0.00000000    
   71.5000000       0.00000000    
   72.0000000       0.00000000    
   72.5000000       0.00000000    
   73.0000000       0.00000000    
   73.5000000       0.00000000    
   74.0000000       0.00000000    
   74.5000000       0.00000000    
   75.0000000       0.00000000    
   75.5000000       0.00000000    
   76.0000000       0.00000000    
   76.5000000       0.00000000    
   77.0000000       0.00000000    
   77.5000000       0.00000000    
   78.0000000       0.00000000    
   78.5000000       0.00000000    
   79.0000000       0.00000000    
   79.5000000       0.00000000    
   80.0000000       0.00000000    
   80.5000000       0.00000000    
   81.0000000       0.00000000    
   81.5000000       0.00000000    
   82.0000000       0.00000000    
   82.5000000       0.00000000    
   83.0000000       0.00000000    
   83.5000000       0.00000000    
   84.0000000       0.00000000    
   84.5000000       0.00000000    
   85.0000000       0.00000000    
   85.5000000       0.00000000    
   86.0000000       0.00000000    
   86.5000000       0.00000000    
   87.0000000       0.00000000    
   87.5000000       0.00000000    
   88.0000000       0.00000000    
   88.5000000       0.00000000    
   89.0000000       0.00000000    
   89.5000000       0.00000000    
   90.0000000       0.00000000    
   90.5000000       0.00000000    
   91.0000000       0.00000000    
   91.5000000       0.00000000    
   92.0000000       0.00000000    
   92.5000000       0.00000000    
   93.0000000       0.00000000    
   93.5000000       0.00000000    
   94.0000000       0.00000000    
   94.5000000       0.00000000    
   95.0000000       0.00000000    
   95.5000000       0.00000000    
   96.0000000       0.00000000    
   96.5000000       0.00000000    
   97.0000000       0.00000000    
   97.5000000       0.00000000    
   98.0000000       0.00000000    
   98.5000000       0.00000000    
   99.0000000       0.00000000    
   99.5000000       0.00000000    
   100.000000       0.00000000    
