 -0.250000000      -5.21832271E-06
  0.250000000      -5.21832271E-06
  0.750000000      -5.76836192E-06
   1.25000000      -5.39496705E-06
   1.75000000      -4.91400533E-06
   2.25000000      -7.74791533E-06
   2.75000000      -1.21812502E-06
   3.25000000      -1.32102277E-05
   3.75000000       4.98894133E-06
   4.25000000      -2.04394728E-05
   4.75000000       1.11801091E-05
   5.25000000      -2.57105821E-05
   5.75000000       1.30645440E-05
   6.25000000      -2.47142070E-05
   6.75000000       7.08989273E-06
   7.25000000      -1.55925154E-05
   7.75000000      -6.11519727E-06
   8.25000000      -2.32515322E-06
   8.75000000      -1.90769606E-05
   9.25000000       4.74878425E-06
   9.75000000      -2.03222662E-05
   10.2500000      -4.48523997E-06
   10.7500000      -4.68890312E-06
   11.2500000      -2.73773912E-05
   11.7500000       1.65662423E-05
   12.2500000      -4.47888378E-05
   12.7500000       2.03312775E-05
   13.2500000      -3.70823727E-05
   13.7500000      -1.86349632E-06
   14.2500000      -1.25298675E-05
   14.7500000      -2.41457728E-05
   15.2500000      -7.55996098E-06
   15.7500000      -1.43536308E-05
   16.2500000      -3.30284420E-05
   16.7500000       6.22867219E-06
   17.2500000      -3.97151562E-05
   17.7500000      -1.83395350E-05
   18.2500000       3.23254221E-06
   18.7500000      -6.63635728E-05
   19.2500000       2.07111916E-05
   19.7500000      -4.61577765E-05
   20.2500000      -3.60296763E-05
   20.7500000       3.37433858E-06
   21.2500000      -5.11021499E-05
   21.7500000      -3.27861890E-05
   22.2500000      -8.38882988E-06
   22.7500000      -3.90526002E-05
   23.2500000      -6.57626733E-05
   23.7500000       2.20241600E-05
   24.2500000      -5.98759470E-05
   24.7500000      -8.20327477E-05
   25.2500000       4.19931457E-05
   25.7500000      -6.87409556E-05
   26.2500000      -9.23053958E-05
   26.7500000       1.05970958E-05
   27.2500000      -6.74542025E-06
   27.7500000      -1.02595521E-04
   28.2500000      -1.07870168E-04
   28.7500000       9.76421434E-05
   29.2500000       8.34916791E-05
   29.7500000      -6.66845008E-05
   30.2500000       4.66454192E-04
   30.7500000       1.92455435E-03
   31.2500000       4.33992548E-03
   31.7500000       7.59820640E-03
   32.2500000       1.12120062E-02
   32.7500000       1.51996901E-02
   33.2500000       1.95439421E-02
   33.7500000       2.39147358E-02
   34.2500000       2.85556503E-02
   34.7500000       3.33952941E-02
   35.2500000       3.81693579E-02
   35.7500000       4.32087481E-02
   36.2500000       4.82939035E-02
   36.7500000       5.33878207E-02
   37.2500000       5.86288646E-02
   37.7500000       6.37739077E-02
   38.2500000       6.93721324E-02
   38.7500000       7.43666366E-02
   39.2500000       7.95072243E-02
   39.7500000       8.63017291E-02
   40.2500000       8.97202268E-02
   40.7500000       9.52255055E-02
   41.2500000      0.104974873    
   41.7500000      0.103352860    
   42.2500000      0.110511594    
   42.7500000      0.127319381    
   43.2500000      0.113164924    
   43.7500000      0.123839632    
   44.2500000      0.156928912    
   44.7500000      0.117607228    
   45.2500000      0.130194366    
   45.7500000      0.198007181    
   46.2500000      0.120104037    
   46.7500000      0.119396850    
   47.2500000      0.248914346    
   47.7500000      0.134558529    
   48.2500000       8.43008459E-02
   48.7500000      0.288465381    
   49.2500000      0.181922600    
   49.7500000       4.22734208E-02
   50.2500000      0.273909479    
   50.7500000      0.263753444    
   51.2500000       1.69484224E-02
   51.7500000      -6.25422038E-03
   52.2500000       6.84442406E-04
   52.7500000       5.07968762E-05
   53.2500000      -2.61412697E-05
   53.7500000       3.13376631E-06
   54.2500000       1.06471795E-07
   54.7500000      -1.12040766E-07
   55.2500000       1.74799411E-08
   55.7500000       1.15829168E-09
   56.2500000      -6.44830966E-10
   56.7500000       1.17546251E-12
   57.2500000       1.30835082E-11
   57.7500000       1.90172791E-12
   58.2500000      -3.56023533E-13
   58.7500000      -1.96065495E-13
   59.2500000       2.34939513E-14
   59.7500000       1.14755295E-14
   60.2500000      -1.65831814E-15
   60.7500000      -5.38703796E-16
   61.2500000       1.04695496E-16
   61.7500000       2.17321440E-17
   62.2500000      -6.13075830E-18
   62.7500000      -6.82393917E-19
   63.2500000       3.29015173E-19
   63.7500000       8.38428007E-21
   64.2500000      -1.54917164E-20
   64.7500000       8.96258877E-22
   65.2500000       5.98589725E-22
   65.7500000      -9.40803278E-23
   66.2500000      -1.61553523E-23
   66.7500000       5.58154826E-24
   67.2500000       6.70909683E-26
   67.7500000      -2.33815439E-25
   68.2500000       2.43050048E-26
   68.7500000       6.33002598E-27
   69.2500000      -1.72673621E-27
   69.7500000      -2.48327722E-29
   70.2500000       6.89018831E-29
   70.7500000      -8.26639902E-30
   71.2500000      -1.42992738E-30
   71.7500000       5.03585965E-31
   72.2500000      -1.99094286E-32
   72.7500000      -1.52091131E-32
   73.2500000       2.96398017E-33
   73.7500000       8.83860860E-35
   74.2500000      -1.16943309E-34
   74.7500000       1.51809485E-35
   75.2500000       1.59852829E-36
   75.7500000      -7.71337274E-37
   76.2500000       7.18471787E-38
   76.7500000       1.38383044E-38
   77.2500000      -4.68244863E-39
   77.7500000       3.38133319E-40
   78.2500000       9.42303152E-41
   78.7500000      -2.71669733E-41
   79.2500000       1.73620880E-42
   79.7500000       5.54914192E-43
   80.2500000      -1.49938936E-43
   80.7500000       1.26116862E-44
   81.2500000       4.20389539E-45
   81.7500000       0.00000000    
   82.2500000       0.00000000    
   82.7500000       0.00000000    
   83.2500000       0.00000000    
   83.7500000       0.00000000    
   84.2500000       0.00000000    
   84.7500000       0.00000000    
   85.2500000       0.00000000    
   85.7500000       0.00000000    
   86.2500000       0.00000000    
   86.7500000       0.00000000    
   87.2500000       0.00000000    
   87.7500000       0.00000000    
   88.2500000       0.00000000    
   88.7500000       0.00000000    
   89.2500000       0.00000000    
   89.7500000       0.00000000    
   90.2500000       0.00000000    
   90.7500000       0.00000000    
   91.2500000       0.00000000    
   91.7500000       0.00000000    
   92.2500000       0.00000000    
   92.7500000       0.00000000    
   93.2500000       0.00000000    
   93.7500000       0.00000000    
   94.2500000       0.00000000    
   94.7500000       0.00000000    
   95.2500000       0.00000000    
   95.7500000       0.00000000    
   96.2500000       0.00000000    
   96.7500000       0.00000000    
   97.2500000       0.00000000    
   97.7500000       0.00000000    
   98.2500000       0.00000000    
   98.7500000       0.00000000    
   99.2500000       0.00000000    
   99.7500000       0.00000000    
   100.250000       0.00000000    
