   0.00000000       0.00000000    
  0.500000000       5.89984575E-06
   1.00000000      -1.03131970E-05
   1.50000000       1.61821172E-05
   2.00000000      -1.78460705E-05
   2.50000000       2.24304167E-05
   3.00000000      -1.99494461E-05
   3.50000000       2.22968592E-05
   4.00000000      -1.50698997E-05
   4.50000000       1.53849560E-05
   5.00000000      -4.76225432E-06
   5.50000000       5.00568967E-06
   6.00000000       6.80802441E-06
   6.50000000      -3.08874041E-06
   7.00000000       1.24142171E-05
   7.50000000      -1.85005638E-06
   8.00000000       6.58805857E-06
   8.50000000       1.14178747E-05
   9.00000000      -8.68162351E-06
   9.50000000       2.90782373E-05
   10.0000000      -2.07748199E-05
   10.5000000       3.52337884E-05
   11.0000000      -1.37111310E-05
   11.5000000       1.87258029E-05
   12.0000000       1.42297595E-05
   12.5000000      -9.64422725E-06
   13.0000000       4.01166617E-05
   13.5000000      -1.99203769E-05
   14.0000000       3.62329811E-05
   14.5000000       2.12476743E-06
   15.0000000       1.11722347E-05
   15.5000000       2.39706387E-05
   16.0000000       1.10817318E-05
   16.5000000       5.73910438E-06
   17.0000000       4.67041828E-05
   17.5000000      -2.05141987E-05
   18.0000000       5.04450072E-05
   18.5000000       1.63372715E-05
   19.0000000      -7.10083259E-06
   19.5000000       7.30101456E-05
   20.0000000      -2.08865076E-05
   20.5000000       4.12058507E-05
   21.0000000       4.30356122E-05
   21.5000000       1.85798672E-06
   22.0000000       3.38186837E-05
   22.5000000       5.59138243E-05
   23.0000000       4.72437569E-06
   23.5000000       1.81181786E-05
   24.0000000       9.94134462E-05
   24.5000000      -2.81718530E-05
   25.0000000       3.03982088E-05
   25.5000000       1.17652860E-04
   26.0000000      -2.69634875E-05
   26.5000000       1.67214057E-05
   27.0000000       1.06304527E-04
   27.5000000       6.15580284E-05
   28.0000000      -4.11168039E-05
   28.5000000       1.84112287E-05
   29.0000000       2.38395281E-04
   29.5000000       1.19353128E-04
   30.0000000       5.03657793E-05
   30.5000000       8.17427121E-04
   31.0000000       2.49924092E-03
   31.5000000       5.16282301E-03
   32.0000000       8.54676403E-03
   32.5000000       1.21993637E-02
   33.0000000       1.62782483E-02
   33.5000000       2.06036475E-02
   34.0000000       2.49376334E-02
   34.5000000       2.96077691E-02
   35.0000000       3.43427733E-02
   35.5000000       3.90503146E-02
   36.0000000       4.40458879E-02
   36.5000000       4.89676967E-02
   37.0000000       5.39884493E-02
   37.5000000       5.90410531E-02
   38.0000000       6.40758276E-02
   38.5000000       6.95618391E-02
   39.0000000       7.40532726E-02
   39.5000000       7.95152187E-02
   40.0000000       8.58854502E-02
   40.5000000       8.81815925E-02
   41.0000000       9.54471081E-02
   41.5000000      0.103539340    
   42.0000000       9.96894464E-02
   42.5000000      0.112306111    
   43.0000000      0.124088734    
   43.5000000      0.105645910    
   44.0000000      0.129848778    
   44.5000000      0.151032507    
   45.0000000      0.102921925    
   45.5000000      0.143979087    
   46.0000000      0.189953089    
   46.5000000       9.30039734E-02
   47.0000000      0.142381161    
   47.5000000      0.243948430    
   48.0000000       8.97232443E-02
   48.5000000      0.109419525    
   49.0000000      0.299685359    
   49.5000000      0.118272796    
   50.0000000       5.34094572E-02
   50.5000000      0.313279241    
   51.0000000      0.191938937    
   51.5000000      -7.79392384E-03
   52.0000000      -3.39046703E-03
   52.5000000       8.11318634E-04
   53.0000000      -4.85448218E-05
   53.5000000      -1.26960440E-05
   54.0000000       3.39757912E-06
   54.5000000      -2.83495211E-07
   55.0000000      -4.64853080E-08
   55.5000000       1.74157897E-08
   56.0000000      -9.73893854E-10
   56.5000000      -3.91696037E-10
   57.0000000       3.79475999E-11
   57.5000000       7.89130306E-12
   58.0000000       7.13875302E-13
   58.5000000      -4.60563987E-13
   59.0000000      -1.00319655E-13
   59.5000000       3.36971865E-14
   60.0000000       5.03412983E-15
   60.5000000      -2.02991319E-15
   61.0000000      -1.81187838E-16
   61.5000000       1.09180893E-16
   62.0000000       3.77888943E-18
   62.5000000      -5.45684267E-18
   63.0000000       1.40603178E-19
   63.5000000       2.45922554E-19
   64.0000000      -2.41099965E-20
   64.5000000      -9.25364043E-21
   65.0000000       1.84920952E-21
   65.5000000       2.40290086E-22
   66.0000000      -1.02465673E-22
   66.5000000      -1.55689588E-26
   67.0000000       4.28884110E-24
   67.5000000      -4.64929127E-25
   68.0000000      -1.21979060E-25
   68.5000000       3.29063959E-26
   69.0000000       8.57311922E-28
   69.5000000      -1.39312932E-27
   70.0000000       1.45223086E-28
   70.5000000       3.40590359E-29
   71.0000000      -1.00628531E-29
   71.5000000       1.17764645E-31
   72.0000000       3.54297430E-31
   72.5000000      -5.52401882E-32
   73.0000000      -4.68201824E-33
   73.5000000       2.67112155E-33
   74.0000000      -2.40297379E-34
   74.5000000      -5.63633987E-35
   75.0000000       1.71677377E-35
   75.5000000      -7.97729665E-37
   76.0000000      -4.55175148E-37
   76.5000000       1.01364068E-37
   77.0000000      -1.58995528E-39
   77.5000000      -3.09091269E-39
   78.0000000       5.76854322E-40
   78.5000000       1.66894647E-42
   79.0000000      -1.89259371E-41
   79.5000000       3.26782802E-42
   80.0000000       2.52233724E-44
   80.5000000      -1.03696086E-43
   81.0000000       2.10194770E-44
   81.5000000       1.40129846E-45
   82.0000000       0.00000000    
   82.5000000       0.00000000    
   83.0000000       0.00000000    
   83.5000000       0.00000000    
   84.0000000       0.00000000    
   84.5000000       0.00000000    
   85.0000000       0.00000000    
   85.5000000       0.00000000    
   86.0000000       0.00000000    
   86.5000000       0.00000000    
   87.0000000       0.00000000    
   87.5000000       0.00000000    
   88.0000000       0.00000000    
   88.5000000       0.00000000    
   89.0000000       0.00000000    
   89.5000000       0.00000000    
   90.0000000       0.00000000    
   90.5000000       0.00000000    
   91.0000000       0.00000000    
   91.5000000       0.00000000    
   92.0000000       0.00000000    
   92.5000000       0.00000000    
   93.0000000       0.00000000    
   93.5000000       0.00000000    
   94.0000000       0.00000000    
   94.5000000       0.00000000    
   95.0000000       0.00000000    
   95.5000000       0.00000000    
   96.0000000       0.00000000    
   96.5000000       0.00000000    
   97.0000000       0.00000000    
   97.5000000       0.00000000    
   98.0000000       0.00000000    
   98.5000000       0.00000000    
   99.0000000       0.00000000    
   99.5000000       0.00000000    
   100.000000       0.00000000    
