 -0.250000000      -6.79899949E-06
  0.250000000      -6.79899949E-06
  0.750000000       1.34572892E-05
   1.25000000      -1.68545921E-05
   1.75000000       7.17253124E-06
   2.25000000       3.80547567E-06
   2.75000000      -1.70108979E-05
   3.25000000       1.39099202E-05
   3.75000000       3.49672541E-06
   4.25000000      -3.93849223E-05
   4.75000000       6.65022162E-05
   5.25000000      -6.72942115E-05
   5.75000000       2.14990396E-05
   6.25000000       3.58633624E-05
   6.75000000      -4.67590799E-05
   7.25000000      -2.18768873E-05
   7.75000000       1.76160494E-04
   8.25000000       1.04046572E-04
   8.75000000       5.43435221E-04
   9.25000000       2.20924639E-03
   9.75000000       5.49279386E-03
   10.2500000       9.88226198E-03
   10.7500000       1.52097177E-02
   11.2500000       2.10860241E-02
   11.7500000       2.75304597E-02
   12.2500000       3.43420133E-02
   12.7500000       4.14968170E-02
   13.2500000       4.89465147E-02
   13.7500000       5.65502159E-02
   14.2500000       6.44222349E-02
   14.7500000       7.23047778E-02
   15.2500000       8.04127380E-02
   15.7500000       8.84624347E-02
   16.2500000       9.66276973E-02
   16.7500000      0.104753271    
   17.2500000      0.112814873    
   17.7500000      0.120899446    
   18.2500000      0.128728807    
   18.7500000      0.136595637    
   19.2500000      0.144091457    
   19.7500000      0.151498780    
   20.2500000      0.158532009    
   20.7500000      0.165201664    
   21.2500000      0.171528667    
   21.7500000      0.177148491    
   22.2500000      0.182336912    
   22.7500000      0.186430290    
   23.2500000      0.189859480    
   23.7500000      0.191410109    
   24.2500000      0.191951647    
   24.7500000      0.189431384    
   25.2500000      0.182253048    
   25.7500000      0.174464747    
   26.2500000      0.141615704    
   26.7500000       8.13945606E-02
   27.2500000       3.47815827E-02
   27.7500000       1.25076147E-02
   28.2500000       3.57024884E-03
   28.7500000       5.70398232E-04
   29.2500000      -5.96748141E-05
   29.7500000      -5.50692093E-05
   30.2500000      -7.81969356E-06
   30.7500000       2.17348042E-06
   31.2500000       7.32168303E-07
   31.7500000      -5.99914998E-08
   32.2500000      -4.27079385E-08
   32.7500000       1.86703564E-09
   33.2500000       2.10703610E-09
   33.7500000      -1.19212695E-10
   34.2500000      -9.16203363E-11
   34.7500000       9.62910914E-12
   35.2500000       3.27332757E-12
   35.7500000      -6.38749687E-13
   36.2500000      -7.51802320E-14
   36.7500000       3.19128540E-14
   37.2500000      -5.34996597E-16
   37.7500000      -1.11047301E-15
   38.2500000       1.54226912E-16
   38.7500000       1.90723911E-17
   39.2500000      -7.87169225E-18
   39.7500000       4.71070363E-19
   40.2500000       1.90395341E-19
   40.7500000      -4.42106744E-20
   41.2500000       8.81890249E-22
   41.7500000       1.24038267E-21
   42.2500000      -2.32604410E-22
   42.7500000       1.86110274E-24
   43.2500000       6.62131269E-24
   43.7500000      -1.22495465E-24
   44.2500000       2.82890143E-26
   44.7500000       2.99070759E-26
   45.2500000      -6.36062862E-27
   45.7500000       3.64633837E-28
   46.2500000       1.05824771E-28
   46.7500000      -3.04429098E-29
   47.2500000       3.11047523E-30
   47.7500000       1.96250827E-31
   48.2500000      -1.21458306E-31
   48.7500000       1.94260330E-32
   49.2500000      -8.19039097E-34
   49.7500000      -3.29670880E-34
   50.2500000       8.92335383E-35
   50.7500000      -1.03599702E-35
   51.2500000      -4.52537344E-38
   51.7500000       2.66088911E-37
   52.2500000      -5.57152738E-38
   52.7500000       5.49185403E-39
   53.2500000       1.59327635E-40
   53.7500000      -1.66364956E-40
   54.2500000       3.25731828E-41
   54.7500000      -3.22298647E-42
   55.2500000      -5.18480432E-44
   55.7500000       8.68805048E-44
   56.2500000      -1.82168800E-44
   56.7500000       1.40129846E-45
   57.2500000       0.00000000    
   57.7500000       0.00000000    
   58.2500000       0.00000000    
   58.7500000       0.00000000    
   59.2500000       0.00000000    
   59.7500000       0.00000000    
   60.2500000       0.00000000    
   60.7500000       0.00000000    
   61.2500000       0.00000000    
   61.7500000       0.00000000    
   62.2500000       0.00000000    
   62.7500000       0.00000000    
   63.2500000       0.00000000    
   63.7500000       0.00000000    
   64.2500000       0.00000000    
   64.7500000       0.00000000    
   65.2500000       0.00000000    
   65.7500000       0.00000000    
   66.2500000       0.00000000    
   66.7500000       0.00000000    
   67.2500000       0.00000000    
   67.7500000       0.00000000    
   68.2500000       0.00000000    
   68.7500000       0.00000000    
   69.2500000       0.00000000    
   69.7500000       0.00000000    
   70.2500000       0.00000000    
   70.7500000       0.00000000    
   71.2500000       0.00000000    
   71.7500000       0.00000000    
   72.2500000       0.00000000    
   72.7500000       0.00000000    
   73.2500000       0.00000000    
   73.7500000       0.00000000    
   74.2500000       0.00000000    
   74.7500000       0.00000000    
   75.2500000       0.00000000    
   75.7500000       0.00000000    
   76.2500000       0.00000000    
   76.7500000       0.00000000    
   77.2500000       0.00000000    
   77.7500000       0.00000000    
   78.2500000       0.00000000    
   78.7500000       0.00000000    
   79.2500000       0.00000000    
   79.7500000       0.00000000    
   80.2500000       0.00000000    
   80.7500000       0.00000000    
   81.2500000       0.00000000    
   81.7500000       0.00000000    
   82.2500000       0.00000000    
   82.7500000       0.00000000    
   83.2500000       0.00000000    
   83.7500000       0.00000000    
   84.2500000       0.00000000    
   84.7500000       0.00000000    
   85.2500000       0.00000000    
   85.7500000       0.00000000    
   86.2500000       0.00000000    
   86.7500000       0.00000000    
   87.2500000       0.00000000    
   87.7500000       0.00000000    
   88.2500000       0.00000000    
   88.7500000       0.00000000    
   89.2500000       0.00000000    
   89.7500000       0.00000000    
   90.2500000       0.00000000    
   90.7500000       0.00000000    
   91.2500000       0.00000000    
   91.7500000       0.00000000    
   92.2500000       0.00000000    
   92.7500000       0.00000000    
   93.2500000       0.00000000    
   93.7500000       0.00000000    
   94.2500000       0.00000000    
   94.7500000       0.00000000    
   95.2500000       0.00000000    
   95.7500000       0.00000000    
   96.2500000       0.00000000    
   96.7500000       0.00000000    
   97.2500000       0.00000000    
   97.7500000       0.00000000    
   98.2500000       0.00000000    
   98.7500000       0.00000000    
   99.2500000       0.00000000    
   99.7500000       0.00000000    
   100.250000       0.00000000    
