   0.00000000       0.00000000    
  0.500000000      -2.79904980E-05
   1.00000000       4.98499721E-05
   1.50000000      -5.89571137E-05
   2.00000000       5.29941208E-05
   2.50000000      -3.12009142E-05
   3.00000000       2.25768053E-06
   3.50000000       2.19879494E-05
   4.00000000      -2.40731315E-05
   4.50000000      -7.26860890E-07
   5.00000000       4.35229449E-05
   5.50000000      -6.82312966E-05
   6.00000000       4.35492038E-05
   6.50000000       3.16766018E-05
   7.00000000      -8.20053174E-05
   7.50000000       4.72939428E-05
   8.00000000       1.72344400E-04
   8.50000000       1.14406881E-04
   9.00000000       7.70782994E-04
   9.50000000       2.84082745E-03
   10.0000000       6.44928357E-03
   10.5000000       1.10573284E-02
   11.0000000       1.65214315E-02
   11.5000000       2.24407222E-02
   12.0000000       2.89266743E-02
   12.5000000       3.56588215E-02
   13.0000000       4.27719429E-02
   13.5000000       5.00418395E-02
   14.0000000       5.75097762E-02
   14.5000000       6.51300624E-02
   15.0000000       7.27652758E-02
   15.5000000       8.05756301E-02
   16.0000000       8.82584974E-02
   16.5000000       9.60903391E-02
   17.0000000      0.103746243    
   17.5000000      0.111423321    
   18.0000000      0.118979856    
   18.5000000      0.126343206    
   19.0000000      0.133676887    
   19.5000000      0.140607759    
   20.0000000      0.147508055    
   20.5000000      0.153902322    
   21.0000000      0.160084933    
   21.5000000      0.165765911    
   22.0000000      0.170901179    
   22.5000000      0.175506741    
   23.0000000      0.179128066    
   23.5000000      0.182120278    
   24.0000000      0.183131665    
   24.5000000      0.183739796    
   25.0000000      0.180148557    
   25.5000000      0.173736960    
   26.0000000      0.165755808    
   26.5000000      0.126685664    
   27.0000000       6.66870326E-02
   27.5000000       2.66947709E-02
   28.0000000       9.08417162E-03
   28.5000000       2.29809666E-03
   29.0000000       2.29933939E-04
   29.5000000      -9.20153543E-05
   30.0000000      -3.93287628E-05
   30.5000000      -1.71508009E-06
   31.0000000       2.22824133E-06
   31.5000000       3.50593723E-07
   32.0000000      -9.99989993E-08
   32.5000000      -2.36215794E-08
   33.0000000       4.66624650E-09
   33.5000000       1.16044552E-09
   34.0000000      -2.45138687E-10
   34.5000000      -4.36584276E-11
   35.0000000       1.30962116E-11
   35.5000000       9.87068066E-13
   36.0000000      -6.17438338E-13
   36.5000000       1.57680062E-14
   37.0000000       2.24631681E-14
   37.5000000      -3.03353161E-15
   38.0000000      -4.76734389E-16
   38.5000000       1.68769303E-16
   39.0000000      -5.29385004E-18
   39.5000000      -5.10695809E-18
   40.0000000       9.11796640E-19
   40.5000000       3.39590406E-20
   41.0000000      -3.49762691E-20
   41.5000000       4.46213332E-21
   42.0000000       3.74589932E-22
   42.5000000      -2.01025021E-22
   43.0000000       2.29541610E-23
   43.5000000       2.03735556E-24
   44.0000000      -1.04353962E-24
   44.5000000       1.29589879E-25
   45.0000000       6.23624821E-27
   45.5000000      -4.85951761E-27
   46.0000000       7.46823295E-28
   46.5000000      -8.49399203E-30
   47.0000000      -1.88763614E-29
   47.5000000       3.94927245E-30
   48.0000000      -2.78799495E-31
   48.5000000      -4.90126190E-32
   49.0000000       1.72994065E-32
   49.5000000      -2.26696932E-33
   50.0000000       2.16081805E-35
   50.5000000       5.35299350E-35
   51.0000000      -1.17872079E-35
   51.5000000       1.14648850E-36
   52.0000000       4.98065531E-38
   52.5000000      -3.90258792E-38
   53.0000000       7.19305559E-39
   53.5000000      -6.10206627E-40
   54.0000000      -4.06586749E-41
   54.5000000       2.35432155E-41
   55.0000000      -4.21930968E-42
   55.5000000       3.75547988E-43
   56.0000000       1.68155816E-44
   56.5000000      -1.12103877E-44
   57.0000000       2.80259693E-45
   57.5000000       0.00000000    
   58.0000000       0.00000000    
   58.5000000       0.00000000    
   59.0000000       0.00000000    
   59.5000000       0.00000000    
   60.0000000       0.00000000    
   60.5000000       0.00000000    
   61.0000000       0.00000000    
   61.5000000       0.00000000    
   62.0000000       0.00000000    
   62.5000000       0.00000000    
   63.0000000       0.00000000    
   63.5000000       0.00000000    
   64.0000000       0.00000000    
   64.5000000       0.00000000    
   65.0000000       0.00000000    
   65.5000000       0.00000000    
   66.0000000       0.00000000    
   66.5000000       0.00000000    
   67.0000000       0.00000000    
   67.5000000       0.00000000    
   68.0000000       0.00000000    
   68.5000000       0.00000000    
   69.0000000       0.00000000    
   69.5000000       0.00000000    
   70.0000000       0.00000000    
   70.5000000       0.00000000    
   71.0000000       0.00000000    
   71.5000000       0.00000000    
   72.0000000       0.00000000    
   72.5000000       0.00000000    
   73.0000000       0.00000000    
   73.5000000       0.00000000    
   74.0000000       0.00000000    
   74.5000000       0.00000000    
   75.0000000       0.00000000    
   75.5000000       0.00000000    
   76.0000000       0.00000000    
   76.5000000       0.00000000    
   77.0000000       0.00000000    
   77.5000000       0.00000000    
   78.0000000       0.00000000    
   78.5000000       0.00000000    
   79.0000000       0.00000000    
   79.5000000       0.00000000    
   80.0000000       0.00000000    
   80.5000000       0.00000000    
   81.0000000       0.00000000    
   81.5000000       0.00000000    
   82.0000000       0.00000000    
   82.5000000       0.00000000    
   83.0000000       0.00000000    
   83.5000000       0.00000000    
   84.0000000       0.00000000    
   84.5000000       0.00000000    
   85.0000000       0.00000000    
   85.5000000       0.00000000    
   86.0000000       0.00000000    
   86.5000000       0.00000000    
   87.0000000       0.00000000    
   87.5000000       0.00000000    
   88.0000000       0.00000000    
   88.5000000       0.00000000    
   89.0000000       0.00000000    
   89.5000000       0.00000000    
   90.0000000       0.00000000    
   90.5000000       0.00000000    
   91.0000000       0.00000000    
   91.5000000       0.00000000    
   92.0000000       0.00000000    
   92.5000000       0.00000000    
   93.0000000       0.00000000    
   93.5000000       0.00000000    
   94.0000000       0.00000000    
   94.5000000       0.00000000    
   95.0000000       0.00000000    
   95.5000000       0.00000000    
   96.0000000       0.00000000    
   96.5000000       0.00000000    
   97.0000000       0.00000000    
   97.5000000       0.00000000    
   98.0000000       0.00000000    
   98.5000000       0.00000000    
   99.0000000       0.00000000    
   99.5000000       0.00000000    
   100.000000       0.00000000    
