 -0.250000000       7.73767941E-04
  0.250000000       7.73767941E-04
  0.750000000       2.45270133E-03
   1.25000000       6.02042023E-03
   1.75000000       1.14021311E-02
   2.25000000       1.77965984E-02
   2.75000000       2.51120646E-02
   3.25000000       3.32698449E-02
   3.75000000       4.18883115E-02
   4.25000000       5.11292182E-02
   4.75000000       6.06272779E-02
   5.25000000       7.04732686E-02
   5.75000000       8.04781020E-02
   6.25000000       9.05807391E-02
   6.75000000      0.100748837    
   7.25000000      0.110804774    
   7.75000000      0.120808482    
   8.25000000      0.130511075    
   8.75000000      0.140013650    
   9.25000000      0.149022639    
   9.75000000      0.157646134    
   10.2500000      0.165554181    
   10.7500000      0.172837079    
   11.2500000      0.179128051    
   11.7500000      0.184466422    
   12.2500000      0.188444242    
   12.7500000      0.191001877    
   13.2500000      0.191680282    
   13.7500000      0.190238863    
   14.2500000      0.186159506    
   14.7500000      0.178911760    
   15.2500000      0.167956889    
   15.7500000      0.152518705    
   16.2500000      0.132556617    
   16.7500000      0.108280107    
   17.2500000       8.21940675E-02
   17.7500000       5.71215414E-02
   18.2500000       3.60451639E-02
   18.7500000       2.03528162E-02
   19.2500000       9.45535209E-03
   19.7500000       3.09251086E-03
   20.2500000       5.16957894E-04
   20.7500000      -3.97845142E-05
   21.2500000      -3.30986077E-05
   21.7500000      -1.65923086E-06
   22.2500000       1.39745134E-06
   22.7500000       9.54951176E-08
   23.2500000      -5.76562904E-08
   23.7500000      -1.21259891E-09
   24.2500000       2.18237295E-09
   24.7500000      -1.41014145E-10
   25.2500000      -5.92349017E-11
   25.7500000       1.13457039E-11
   26.2500000       4.24536166E-13
   26.7500000      -4.03581465E-13
   27.2500000       4.65124223E-14
   27.7500000       4.44115976E-15
   28.2500000      -2.02767617E-15
   28.7500000       2.19678074E-16
   29.2500000       1.62331052E-17
   29.7500000      -8.71077433E-18
   30.2500000       1.18796671E-18
   30.7500000      -3.13608727E-21
   31.2500000      -2.90749494E-20
   31.7500000       5.79332663E-21
   32.2500000      -4.54331274E-22
   32.7500000      -4.60234894E-23
   33.2500000       2.01675541E-23
   33.7500000      -3.13472754E-24
   34.2500000       1.98329258E-25
   34.7500000       2.87923291E-26
   35.2500000      -1.06394687E-26
   35.7500000       1.67168601E-27
   36.2500000      -1.32594764E-28
   36.7500000      -7.04495168E-30
   37.2500000       4.41562171E-30
   37.7500000      -8.37283843E-31
   38.2500000       9.51610990E-32
   38.7500000      -4.01056963E-33
   39.2500000      -1.06238443E-33
   39.7500000       3.25409277E-34
   40.2500000      -5.30374384E-35
   40.7500000       5.63813195E-36
   41.2500000      -2.38646420E-37
   41.7500000      -5.71657579E-38
   42.2500000       1.80755829E-38
   42.7500000      -3.10548059E-39
   43.2500000       3.75448496E-40
   43.7500000      -2.80133576E-41
   44.2500000      -6.45998592E-43
   44.7500000       6.92241441E-43
   45.2500000      -1.52741533E-43
   45.7500000       2.38220739E-44
   46.2500000      -2.80259693E-45
   46.7500000       0.00000000    
   47.2500000       0.00000000    
   47.7500000       0.00000000    
   48.2500000       0.00000000    
   48.7500000       0.00000000    
   49.2500000       0.00000000    
   49.7500000       0.00000000    
   50.2500000       0.00000000    
   50.7500000       0.00000000    
   51.2500000       0.00000000    
   51.7500000       0.00000000    
   52.2500000       0.00000000    
   52.7500000       0.00000000    
   53.2500000       0.00000000    
   53.7500000       0.00000000    
   54.2500000       0.00000000    
   54.7500000       0.00000000    
   55.2500000       0.00000000    
   55.7500000       0.00000000    
   56.2500000       0.00000000    
   56.7500000       0.00000000    
   57.2500000       0.00000000    
   57.7500000       0.00000000    
   58.2500000       0.00000000    
   58.7500000       0.00000000    
   59.2500000       0.00000000    
   59.7500000       0.00000000    
   60.2500000       0.00000000    
   60.7500000       0.00000000    
   61.2500000       0.00000000    
   61.7500000       0.00000000    
   62.2500000       0.00000000    
   62.7500000       0.00000000    
   63.2500000       0.00000000    
   63.7500000       0.00000000    
   64.2500000       0.00000000    
   64.7500000       0.00000000    
   65.2500000       0.00000000    
   65.7500000       0.00000000    
   66.2500000       0.00000000    
   66.7500000       0.00000000    
   67.2500000       0.00000000    
   67.7500000       0.00000000    
   68.2500000       0.00000000    
   68.7500000       0.00000000    
   69.2500000       0.00000000    
   69.7500000       0.00000000    
   70.2500000       0.00000000    
   70.7500000       0.00000000    
   71.2500000       0.00000000    
   71.7500000       0.00000000    
   72.2500000       0.00000000    
   72.7500000       0.00000000    
   73.2500000       0.00000000    
   73.7500000       0.00000000    
   74.2500000       0.00000000    
   74.7500000       0.00000000    
   75.2500000       0.00000000    
   75.7500000       0.00000000    
   76.2500000       0.00000000    
   76.7500000       0.00000000    
   77.2500000       0.00000000    
   77.7500000       0.00000000    
   78.2500000       0.00000000    
   78.7500000       0.00000000    
   79.2500000       0.00000000    
   79.7500000       0.00000000    
   80.2500000       0.00000000    
   80.7500000       0.00000000    
   81.2500000       0.00000000    
   81.7500000       0.00000000    
   82.2500000       0.00000000    
   82.7500000       0.00000000    
   83.2500000       0.00000000    
   83.7500000       0.00000000    
   84.2500000       0.00000000    
   84.7500000       0.00000000    
   85.2500000       0.00000000    
   85.7500000       0.00000000    
   86.2500000       0.00000000    
   86.7500000       0.00000000    
   87.2500000       0.00000000    
   87.7500000       0.00000000    
   88.2500000       0.00000000    
   88.7500000       0.00000000    
   89.2500000       0.00000000    
   89.7500000       0.00000000    
   90.2500000       0.00000000    
   90.7500000       0.00000000    
   91.2500000       0.00000000    
   91.7500000       0.00000000    
   92.2500000       0.00000000    
   92.7500000       0.00000000    
   93.2500000       0.00000000    
   93.7500000       0.00000000    
   94.2500000       0.00000000    
   94.7500000       0.00000000    
   95.2500000       0.00000000    
   95.7500000       0.00000000    
   96.2500000       0.00000000    
   96.7500000       0.00000000    
   97.2500000       0.00000000    
   97.7500000       0.00000000    
   98.2500000       0.00000000    
   98.7500000       0.00000000    
   99.2500000       0.00000000    
   99.7500000       0.00000000    
   100.250000       0.00000000    
