   0.00000000       0.00000000    
  0.500000000       6.33168151E-04
   1.00000000       3.10048694E-03
   1.50000000       7.19379354E-03
   2.00000000       1.27341002E-02
   2.50000000       1.94299184E-02
   3.00000000       2.67704353E-02
   3.50000000       3.49439718E-02
   4.00000000       4.35322672E-02
   4.50000000       5.25567383E-02
   5.00000000       6.19037598E-02
   5.50000000       7.13774040E-02
   6.00000000       8.10750276E-02
   6.50000000       9.06884894E-02
   7.00000000      0.100398637    
   7.50000000      0.109868035    
   8.00000000      0.119290560    
   8.50000000      0.128328905    
   9.00000000      0.137165323    
   9.50000000      0.145459712    
   10.0000000      0.153379127    
   10.5000000      0.160560191    
   11.0000000      0.167157516    
   11.5000000      0.172758743    
   12.0000000      0.177496627    
   12.5000000      0.180882573    
   13.0000000      0.182999343    
   13.5000000      0.183250457    
   14.0000000      0.181598499    
   14.5000000      0.177313402    
   15.0000000      0.170114100    
   15.5000000      0.159175456    
   16.0000000      0.143960074    
   16.5000000      0.124171585    
   17.0000000      0.100284949    
   17.5000000       7.49539733E-02
   18.0000000       5.09756021E-02
   18.5000000       3.14053148E-02
   19.0000000       1.70508102E-02
   19.5000000       7.30849430E-03
   20.0000000       2.04821839E-03
   20.5000000       2.13228428E-04
   21.0000000      -6.59057769E-05
   21.5000000      -2.10563849E-05
   22.0000000       1.27524220E-06
   22.5000000       1.02447768E-06
   23.0000000      -4.77649138E-08
   23.5000000      -4.07238225E-08
   24.0000000       3.88750365E-09
   24.5000000       1.23172750E-09
   25.0000000      -2.48598309E-10
   25.5000000      -1.59021320E-11
   26.0000000       1.00803706E-11
   26.5000000      -8.07121188E-13
   27.0000000      -1.98240296E-13
   27.5000000       5.39071995E-14
   28.0000000      -2.68925528E-15
   28.5000000      -1.09675149E-15
   29.0000000       2.62579102E-16
   29.5000000      -1.64481027E-17
   30.0000000      -4.03484351E-18
   30.5000000       1.18443423E-18
   31.0000000      -1.21971814E-19
   31.5000000      -6.26958153E-21
   32.0000000       4.28378260E-21
   32.5000000      -7.09141828E-22
   33.0000000       4.13547392E-23
   33.5000000       8.34892753E-24
   34.0000000      -2.72483798E-24
   34.5000000       3.83912965E-25
   35.0000000      -1.97003127E-26
   35.5000000      -4.45212526E-27
   36.0000000       1.41365453E-27
   36.5000000      -2.12084128E-28
   37.0000000       1.59269908E-29
   37.5000000       1.06173998E-30
   38.0000000      -5.81755116E-31
   38.5000000       1.08740222E-31
   39.0000000      -1.23842371E-32
   39.5000000       5.45069659E-34
   40.0000000       1.32781867E-34
   40.5000000      -4.18641293E-35
   41.0000000       6.96880820E-36
   41.5000000      -7.67801966E-37
   42.0000000       3.83393410E-38
   42.5000000       6.42674572E-39
   43.0000000      -2.27345542E-39
   43.5000000       4.08463088E-40
   44.0000000      -5.18116094E-41
   44.5000000       4.29217720E-42
   45.0000000      -1.26116862E-44
   45.5000000      -8.12753109E-44
   46.0000000       2.10194770E-44
   46.5000000      -2.80259693E-45
   47.0000000       0.00000000    
   47.5000000       0.00000000    
   48.0000000       0.00000000    
   48.5000000       0.00000000    
   49.0000000       0.00000000    
   49.5000000       0.00000000    
   50.0000000       0.00000000    
   50.5000000       0.00000000    
   51.0000000       0.00000000    
   51.5000000       0.00000000    
   52.0000000       0.00000000    
   52.5000000       0.00000000    
   53.0000000       0.00000000    
   53.5000000       0.00000000    
   54.0000000       0.00000000    
   54.5000000       0.00000000    
   55.0000000       0.00000000    
   55.5000000       0.00000000    
   56.0000000       0.00000000    
   56.5000000       0.00000000    
   57.0000000       0.00000000    
   57.5000000       0.00000000    
   58.0000000       0.00000000    
   58.5000000       0.00000000    
   59.0000000       0.00000000    
   59.5000000       0.00000000    
   60.0000000       0.00000000    
   60.5000000       0.00000000    
   61.0000000       0.00000000    
   61.5000000       0.00000000    
   62.0000000       0.00000000    
   62.5000000       0.00000000    
   63.0000000       0.00000000    
   63.5000000       0.00000000    
   64.0000000       0.00000000    
   64.5000000       0.00000000    
   65.0000000       0.00000000    
   65.5000000       0.00000000    
   66.0000000       0.00000000    
   66.5000000       0.00000000    
   67.0000000       0.00000000    
   67.5000000       0.00000000    
   68.0000000       0.00000000    
   68.5000000       0.00000000    
   69.0000000       0.00000000    
   69.5000000       0.00000000    
   70.0000000       0.00000000    
   70.5000000       0.00000000    
   71.0000000       0.00000000    
   71.5000000       0.00000000    
   72.0000000       0.00000000    
   72.5000000       0.00000000    
   73.0000000       0.00000000    
   73.5000000       0.00000000    
   74.0000000       0.00000000    
   74.5000000       0.00000000    
   75.0000000       0.00000000    
   75.5000000       0.00000000    
   76.0000000       0.00000000    
   76.5000000       0.00000000    
   77.0000000       0.00000000    
   77.5000000       0.00000000    
   78.0000000       0.00000000    
   78.5000000       0.00000000    
   79.0000000       0.00000000    
   79.5000000       0.00000000    
   80.0000000       0.00000000    
   80.5000000       0.00000000    
   81.0000000       0.00000000    
   81.5000000       0.00000000    
   82.0000000       0.00000000    
   82.5000000       0.00000000    
   83.0000000       0.00000000    
   83.5000000       0.00000000    
   84.0000000       0.00000000    
   84.5000000       0.00000000    
   85.0000000       0.00000000    
   85.5000000       0.00000000    
   86.0000000       0.00000000    
   86.5000000       0.00000000    
   87.0000000       0.00000000    
   87.5000000       0.00000000    
   88.0000000       0.00000000    
   88.5000000       0.00000000    
   89.0000000       0.00000000    
   89.5000000       0.00000000    
   90.0000000       0.00000000    
   90.5000000       0.00000000    
   91.0000000       0.00000000    
   91.5000000       0.00000000    
   92.0000000       0.00000000    
   92.5000000       0.00000000    
   93.0000000       0.00000000    
   93.5000000       0.00000000    
   94.0000000       0.00000000    
   94.5000000       0.00000000    
   95.0000000       0.00000000    
   95.5000000       0.00000000    
   96.0000000       0.00000000    
   96.5000000       0.00000000    
   97.0000000       0.00000000    
   97.5000000       0.00000000    
   98.0000000       0.00000000    
   98.5000000       0.00000000    
   99.0000000       0.00000000    
   99.5000000       0.00000000    
   100.000000       0.00000000    
