 -0.250000000      -6.74741932E-06
  0.250000000      -6.74741932E-06
  0.750000000       1.30071958E-05
   1.25000000      -2.57245119E-05
   1.75000000       3.00982738E-05
   2.25000000      -3.90957357E-05
   2.75000000       3.74352312E-05
   3.25000000      -3.82520702E-05
   3.75000000       2.63792754E-05
   4.25000000      -1.73865828E-05
   4.75000000      -1.22751180E-06
   5.25000000       1.07514716E-05
   5.75000000      -2.15804266E-05
   6.25000000       1.45149206E-05
   6.75000000      -4.82603173E-06
   7.25000000      -1.93695760E-05
   7.75000000       3.29189716E-05
   8.25000000      -4.21253135E-05
   8.75000000       2.47446169E-05
   9.25000000      -2.92239406E-06
   9.75000000      -2.47282733E-05
   10.2500000       1.99448805E-05
   10.7500000       6.33405079E-06
   11.2500000      -5.49905781E-05
   11.7500000       6.82116661E-05
   12.2500000      -3.91869253E-05
   12.7500000      -3.00287029E-05
   13.2500000       4.77092981E-05
   13.7500000       9.14083012E-06
   14.2500000      -9.19366139E-05
   14.7500000       5.62429195E-05
   15.2500000       1.65378995E-04
   15.7500000       4.90122438E-05
   16.2500000       5.27674274E-04
   16.7500000       2.10718066E-03
   17.2500000       5.05170785E-03
   17.7500000       8.93664919E-03
   18.2500000       1.34892538E-02
   18.7500000       1.86016317E-02
   19.2500000       2.39803772E-02
   19.7500000       2.97852606E-02
   20.2500000       3.57633121E-02
   20.7500000       4.19545844E-02
   21.2500000       4.84000854E-02
   21.7500000       5.48414439E-02
   22.2500000       6.15572594E-02
   22.7500000       6.82614595E-02
   23.2500000       7.50400349E-02
   23.7500000       8.19918811E-02
   24.2500000       8.87753144E-02
   24.7500000       9.57970619E-02
   25.2500000      0.102683134    
   25.7500000      0.109534830    
   26.2500000      0.116568029    
   26.7500000      0.123187169    
   27.2500000      0.130101740    
   27.7500000      0.136812344    
   28.2500000      0.142971352    
   28.7500000      0.150064036    
   29.2500000      0.155723333    
   29.7500000      0.161268368    
   30.2500000      0.169395298    
   30.7500000      0.170845926    
   31.2500000      0.178344354    
   31.7500000      0.187471241    
   32.2500000      0.176070899    
   32.7500000      0.198352963    
   33.2500000      0.199201629    
   33.7500000      0.158965856    
   34.2500000      0.227045611    
   34.7500000      0.198739514    
   35.2500000       4.93014157E-02
   35.7500000       2.26362888E-03
   36.2500000       1.80508272E-04
   36.7500000      -2.33718692E-05
   37.2500000      -7.24420752E-05
   37.7500000      -1.47596766E-05
   38.2500000       2.32996354E-06
   38.7500000       1.40416898E-06
   39.2500000       5.98562977E-08
   39.7500000      -8.28571487E-08
   40.2500000      -1.14036762E-08
   40.7500000       4.14708179E-09
   41.2500000       8.33877578E-10
   41.7500000      -2.05893122E-10
   42.2500000      -4.55181275E-11
   42.7500000       1.08517006E-11
   43.2500000       2.00372531E-12
   43.7500000      -5.89153780E-13
   44.2500000      -6.55754747E-14
   44.7500000       3.04050608E-14
   45.2500000       8.42248905E-16
   45.7500000      -1.37117715E-15
   46.2500000       8.09255410E-17
   46.7500000       4.87950965E-17
   47.2500000      -8.12374245E-18
   47.7500000      -1.05496465E-18
   48.2500000       4.32712602E-19
   48.7500000      -1.14420841E-20
   49.2500000      -1.46772488E-20
   49.7500000       2.31964627E-21
   50.2500000       2.16015486E-22
   50.7500000      -1.12126165E-22
   51.2500000       8.54943468E-24
   51.7500000       2.58840330E-24
   52.2500000      -6.81141603E-25
   52.7500000       1.92399015E-26
   53.2500000       1.93765316E-26
   53.7500000      -3.76186426E-27
   54.2500000      -1.02931326E-30
   54.7500000       1.19434908E-28
   55.2500000      -2.03775877E-29
   55.7500000      -1.61308482E-31
   56.2500000       6.52547007E-31
   56.7500000      -1.11717620E-31
   57.2500000       6.64414386E-34
   57.7500000       3.19340342E-33
   58.2500000      -6.11906523E-34
   58.7500000       2.18634358E-35
   59.2500000       1.34927150E-35
   59.7500000      -3.20807289E-36
   60.2500000       2.38270603E-37
   60.7500000       4.35323009E-38
   61.2500000      -1.51946408E-38
   61.7500000       1.81351563E-39
   62.2500000       5.31960923E-41
   62.7500000      -5.99545548E-41
   63.2500000       1.07325449E-41
   63.7500000      -5.89946653E-43
   64.2500000      -1.63951920E-43
   64.7500000       5.04467447E-44
   65.2500000      -5.60519386E-45
   65.7500000       0.00000000    
   66.2500000       0.00000000    
   66.7500000       0.00000000    
   67.2500000       0.00000000    
   67.7500000       0.00000000    
   68.2500000       0.00000000    
   68.7500000       0.00000000    
   69.2500000       0.00000000    
   69.7500000       0.00000000    
   70.2500000       0.00000000    
   70.7500000       0.00000000    
   71.2500000       0.00000000    
   71.7500000       0.00000000    
   72.2500000       0.00000000    
   72.7500000       0.00000000    
   73.2500000       0.00000000    
   73.7500000       0.00000000    
   74.2500000       0.00000000    
   74.7500000       0.00000000    
   75.2500000       0.00000000    
   75.7500000       0.00000000    
   76.2500000       0.00000000    
   76.7500000       0.00000000    
   77.2500000       0.00000000    
   77.7500000       0.00000000    
   78.2500000       0.00000000    
   78.7500000       0.00000000    
   79.2500000       0.00000000    
   79.7500000       0.00000000    
   80.2500000       0.00000000    
   80.7500000       0.00000000    
   81.2500000       0.00000000    
   81.7500000       0.00000000    
   82.2500000       0.00000000    
   82.7500000       0.00000000    
   83.2500000       0.00000000    
   83.7500000       0.00000000    
   84.2500000       0.00000000    
   84.7500000       0.00000000    
   85.2500000       0.00000000    
   85.7500000       0.00000000    
   86.2500000       0.00000000    
   86.7500000       0.00000000    
   87.2500000       0.00000000    
   87.7500000       0.00000000    
   88.2500000       0.00000000    
   88.7500000       0.00000000    
   89.2500000       0.00000000    
   89.7500000       0.00000000    
   90.2500000       0.00000000    
   90.7500000       0.00000000    
   91.2500000       0.00000000    
   91.7500000       0.00000000    
   92.2500000       0.00000000    
   92.7500000       0.00000000    
   93.2500000       0.00000000    
   93.7500000       0.00000000    
   94.2500000       0.00000000    
   94.7500000       0.00000000    
   95.2500000       0.00000000    
   95.7500000       0.00000000    
   96.2500000       0.00000000    
   96.7500000       0.00000000    
   97.2500000       0.00000000    
   97.7500000       0.00000000    
   98.2500000       0.00000000    
   98.7500000       0.00000000    
   99.2500000       0.00000000    
   99.7500000       0.00000000    
   100.250000       0.00000000    
