 -0.250000000      -9.06882633E-06
  0.250000000      -9.06882633E-06
  0.750000000       2.05768938E-05
   1.25000000      -3.54793337E-05
   1.75000000       4.02712176E-05
   2.25000000      -4.51583801E-05
   2.75000000       3.72705617E-05
   3.25000000      -2.90500593E-05
   3.75000000       1.00919297E-05
   4.25000000       2.65276049E-06
   4.75000000      -1.60366635E-05
   5.25000000       1.22102419E-05
   5.75000000      -1.84775183E-06
   6.25000000      -2.35403841E-05
   6.75000000       4.04280727E-05
   7.25000000      -4.86781246E-05
   7.75000000       2.75135353E-05
   8.25000000       2.60898469E-06
   8.75000000      -3.20130857E-05
   9.25000000       2.01913463E-05
   9.75000000       2.30702244E-05
   10.2500000      -7.67952588E-05
   10.7500000       6.93967668E-05
   11.2500000      -7.88453107E-08
   11.7500000      -6.74303519E-05
   12.2500000       2.57328866E-05
   12.7500000       1.68197555E-04
   13.2500000       8.18970511E-05
   13.7500000       5.05059143E-04
   14.2500000       2.17596395E-03
   14.7500000       5.15233446E-03
   15.2500000       9.25988145E-03
   15.7500000       1.39936376E-02
   16.2500000       1.93572380E-02
   16.7500000       2.50606183E-02
   17.2500000       3.11254337E-02
   17.7500000       3.75034027E-02
   18.2500000       4.40116562E-02
   18.7500000       5.08384034E-02
   19.2500000       5.76851033E-02
   19.7500000       6.47418797E-02
   20.2500000       7.18853325E-02
   20.7500000       7.90196359E-02
   21.2500000       8.63613337E-02
   21.7500000       9.35432389E-02
   22.2500000      0.100894965    
   22.7500000      0.108158603    
   23.2500000      0.115340889    
   23.7500000      0.122642532    
   24.2500000      0.129590511    
   24.7500000      0.136737928    
   25.2500000      0.143508628    
   25.7500000      0.150147840    
   26.2500000      0.156905025    
   26.7500000      0.162596136    
   27.2500000      0.169149801    
   27.7500000      0.174457446    
   28.2500000      0.178465709    
   28.7500000      0.185981795    
   29.2500000      0.185594752    
   29.7500000      0.189618751    
   30.2500000      0.199313223    
   30.7500000      0.178540945    
   31.2500000      0.194890350    
   31.7500000      0.203773886    
   32.2500000       9.74520892E-02
   32.7500000       2.01435052E-02
   33.2500000       3.27734090E-03
   33.7500000       5.43325441E-04
   34.2500000      -6.70251102E-05
   34.7500000      -6.74736802E-05
   35.2500000      -1.18293538E-05
   35.7500000       2.27392547E-06
   36.2500000       1.17510729E-06
   36.7500000       9.71940750E-09
   37.2500000      -7.10129058E-08
   37.7500000      -5.68695668E-09
   38.2500000       3.70738240E-09
   38.7500000       4.02357592E-10
   39.2500000      -1.88836918E-10
   39.7500000      -1.82007170E-11
   40.2500000       9.55329565E-12
   40.7500000       4.79418154E-13
   41.2500000      -4.56845065E-13
   41.7500000       7.40869903E-15
   42.2500000       1.90140228E-14
   42.7500000      -1.87042662E-15
   43.2500000      -6.04082510E-16
   43.7500000       1.34087658E-16
   44.2500000       9.24841113E-18
   44.7500000      -6.15294452E-18
   45.2500000       3.90495760E-19
   45.7500000       1.76222196E-19
   46.2500000      -3.71396082E-20
   46.7500000      -1.15750780E-21
   47.2500000       1.45253713E-21
   47.7500000      -1.72332559E-22
   48.2500000      -2.29394440E-23
   48.7500000       9.24372773E-24
   49.2500000      -7.13174928E-25
   49.7500000      -1.81988904E-25
   50.2500000       5.26937884E-26
   50.7500000      -3.17694239E-27
   51.2500000      -1.08438657E-27
   51.7500000       2.86232479E-28
   52.2500000      -1.80106122E-29
   52.7500000      -5.29917104E-30
   53.2500000       1.49811639E-30
   53.7500000      -1.22270291E-31
   54.2500000      -2.03793898E-32
   54.7500000       7.35306100E-33
   55.2500000      -8.30770714E-34
   55.7500000      -4.53957322E-35
   56.2500000       3.19317731E-35
   56.7500000      -5.04663136E-36
   57.2500000       1.33177545E-37
   57.7500000       1.09692018E-37
   58.2500000      -2.57485005E-38
   58.7500000       2.33039298E-39
   59.2500000       2.00646322E-40
   59.7500000      -1.02426510E-40
   60.2500000       1.60967155E-41
   60.7500000      -7.32879097E-43
   61.2500000      -2.57838917E-43
   61.7500000       7.28675201E-44
   62.2500000      -8.40779079E-45
   62.7500000       0.00000000    
   63.2500000       0.00000000    
   63.7500000       0.00000000    
   64.2500000       0.00000000    
   64.7500000       0.00000000    
   65.2500000       0.00000000    
   65.7500000       0.00000000    
   66.2500000       0.00000000    
   66.7500000       0.00000000    
   67.2500000       0.00000000    
   67.7500000       0.00000000    
   68.2500000       0.00000000    
   68.7500000       0.00000000    
   69.2500000       0.00000000    
   69.7500000       0.00000000    
   70.2500000       0.00000000    
   70.7500000       0.00000000    
   71.2500000       0.00000000    
   71.7500000       0.00000000    
   72.2500000       0.00000000    
   72.7500000       0.00000000    
   73.2500000       0.00000000    
   73.7500000       0.00000000    
   74.2500000       0.00000000    
   74.7500000       0.00000000    
   75.2500000       0.00000000    
   75.7500000       0.00000000    
   76.2500000       0.00000000    
   76.7500000       0.00000000    
   77.2500000       0.00000000    
   77.7500000       0.00000000    
   78.2500000       0.00000000    
   78.7500000       0.00000000    
   79.2500000       0.00000000    
   79.7500000       0.00000000    
   80.2500000       0.00000000    
   80.7500000       0.00000000    
   81.2500000       0.00000000    
   81.7500000       0.00000000    
   82.2500000       0.00000000    
   82.7500000       0.00000000    
   83.2500000       0.00000000    
   83.7500000       0.00000000    
   84.2500000       0.00000000    
   84.7500000       0.00000000    
   85.2500000       0.00000000    
   85.7500000       0.00000000    
   86.2500000       0.00000000    
   86.7500000       0.00000000    
   87.2500000       0.00000000    
   87.7500000       0.00000000    
   88.2500000       0.00000000    
   88.7500000       0.00000000    
   89.2500000       0.00000000    
   89.7500000       0.00000000    
   90.2500000       0.00000000    
   90.7500000       0.00000000    
   91.2500000       0.00000000    
   91.7500000       0.00000000    
   92.2500000       0.00000000    
   92.7500000       0.00000000    
   93.2500000       0.00000000    
   93.7500000       0.00000000    
   94.2500000       0.00000000    
   94.7500000       0.00000000    
   95.2500000       0.00000000    
   95.7500000       0.00000000    
   96.2500000       0.00000000    
   96.7500000       0.00000000    
   97.2500000       0.00000000    
   97.7500000       0.00000000    
   98.2500000       0.00000000    
   98.7500000       0.00000000    
   99.2500000       0.00000000    
   99.7500000       0.00000000    
   100.250000       0.00000000    
