   0.00000000       0.00000000    
  0.500000000      -7.77027162E-06
   1.00000000       1.60245272E-05
   1.50000000      -2.44234798E-05
   2.00000000       3.27423768E-05
   2.50000000      -3.77350880E-05
   3.00000000       3.86980937E-05
   3.50000000      -3.11246404E-05
   4.00000000       1.67697835E-05
   4.50000000       5.15149168E-06
   5.00000000      -2.56056337E-05
   5.50000000       4.04799393E-05
   6.00000000      -3.75542331E-05
   6.50000000       2.00110444E-05
   7.00000000       1.08193053E-05
   7.50000000      -3.28442875E-05
   8.00000000       3.44992332E-05
   8.50000000      -3.02705303E-06
   9.00000000      -3.67180983E-05
   9.50000000       5.64239999E-05
   10.0000000      -1.88650665E-05
   10.5000000      -4.92804902E-05
   11.0000000       8.97439240E-05
   11.5000000      -3.22289743E-05
   12.0000000      -6.00553940E-05
   12.5000000       7.57305679E-05
   13.0000000       1.74731103E-04
   13.5000000       6.78993092E-05
   14.0000000       7.67963822E-04
   14.5000000       2.74949986E-03
   15.0000000       6.05469756E-03
   15.5000000       1.03301434E-02
   16.0000000       1.51766054E-02
   16.5000000       2.06110328E-02
   17.0000000       2.62888391E-02
   17.5000000       3.23702991E-02
   18.0000000       3.86368409E-02
   18.5000000       4.50714678E-02
   19.0000000       5.17567061E-02
   19.5000000       5.84065393E-02
   20.0000000       6.53092936E-02
   20.5000000       7.21566454E-02
   21.0000000       7.90761784E-02
   21.5000000       8.60961676E-02
   22.0000000       9.29398537E-02
   22.5000000       9.99900848E-02
   23.0000000      0.106796890    
   23.5000000      0.113657698    
   24.0000000      0.120472737    
   24.5000000      0.126985818    
   25.0000000      0.133723050    
   25.5000000      0.139883637    
   26.0000000      0.146209285    
   26.5000000      0.152303159    
   27.0000000      0.157489538    
   27.5000000      0.163863391    
   28.0000000      0.167931274    
   28.5000000      0.172312126    
   29.0000000      0.179245338    
   29.5000000      0.176480293    
   30.0000000      0.184587166    
   30.5000000      0.189243793    
   31.0000000      0.166488588    
   31.5000000      0.197066247    
   32.0000000      0.184295028    
   32.5000000       6.95456415E-02
   33.0000000       1.11952648E-02
   33.5000000       1.91157882E-03
   34.0000000       2.41076108E-04
   34.5000000      -1.04175037E-04
   35.0000000      -4.99315829E-05
   35.5000000      -3.99835062E-06
   36.0000000       2.71287672E-06
   36.5000000       6.97556061E-07
   37.0000000      -8.90292071E-08
   37.5000000      -5.10110461E-08
   38.0000000       1.94522443E-09
   38.5000000       2.94491542E-09
   39.0000000      -4.62560962E-11
   39.5000000      -1.52858434E-10
   40.0000000       4.58609626E-12
   40.5000000       7.25840265E-12
   41.0000000      -5.25966532E-13
   41.5000000      -3.01082726E-13
   42.0000000       4.30759351E-14
   42.5000000       9.67809766E-15
   43.0000000      -2.62973428E-15
   43.5000000      -1.49766092E-16
   44.0000000       1.20326986E-16
   44.5000000      -7.22470962E-18
   45.0000000      -3.77344162E-18
   45.5000000       7.30481648E-19
   46.0000000       4.57206215E-20
   46.5000000      -3.24840127E-20
   47.0000000       2.86502931E-21
   47.5000000       7.24359902E-22
   48.0000000      -2.05237853E-22
   48.5000000       6.65519663E-24
   49.0000000       5.79788271E-24
   49.5000000      -1.14339176E-24
   50.0000000      -1.10839271E-27
   50.5000000       3.66829689E-26
   51.0000000      -6.19023543E-27
   51.5000000      -7.17485941E-29
   52.0000000       2.02798256E-28
   52.5000000      -3.39950769E-29
   53.0000000       6.60526262E-32
   53.5000000       9.96776892E-31
   54.0000000      -1.87175611E-31
   54.5000000       6.25220392E-33
   55.0000000       4.19211187E-33
   55.5000000      -9.84170156E-34
   56.0000000       7.30245215E-35
   56.5000000       1.31596234E-35
   57.0000000      -4.62589564E-36
   57.5000000       5.62887468E-37
   58.0000000       1.24219223E-38
   58.5000000      -1.76944718E-38
   59.0000000       3.28589916E-39
   59.5000000      -2.07445422E-40
   60.0000000      -4.34402524E-41
   60.5000000       1.44782157E-41
   61.0000000      -1.91557500E-42
   61.5000000       3.22298647E-44
   62.0000000       4.06376555E-44
   62.5000000      -9.80908925E-45
   63.0000000       0.00000000    
   63.5000000       0.00000000    
   64.0000000       0.00000000    
   64.5000000       0.00000000    
   65.0000000       0.00000000    
   65.5000000       0.00000000    
   66.0000000       0.00000000    
   66.5000000       0.00000000    
   67.0000000       0.00000000    
   67.5000000       0.00000000    
   68.0000000       0.00000000    
   68.5000000       0.00000000    
   69.0000000       0.00000000    
   69.5000000       0.00000000    
   70.0000000       0.00000000    
   70.5000000       0.00000000    
   71.0000000       0.00000000    
   71.5000000       0.00000000    
   72.0000000       0.00000000    
   72.5000000       0.00000000    
   73.0000000       0.00000000    
   73.5000000       0.00000000    
   74.0000000       0.00000000    
   74.5000000       0.00000000    
   75.0000000       0.00000000    
   75.5000000       0.00000000    
   76.0000000       0.00000000    
   76.5000000       0.00000000    
   77.0000000       0.00000000    
   77.5000000       0.00000000    
   78.0000000       0.00000000    
   78.5000000       0.00000000    
   79.0000000       0.00000000    
   79.5000000       0.00000000    
   80.0000000       0.00000000    
   80.5000000       0.00000000    
   81.0000000       0.00000000    
   81.5000000       0.00000000    
   82.0000000       0.00000000    
   82.5000000       0.00000000    
   83.0000000       0.00000000    
   83.5000000       0.00000000    
   84.0000000       0.00000000    
   84.5000000       0.00000000    
   85.0000000       0.00000000    
   85.5000000       0.00000000    
   86.0000000       0.00000000    
   86.5000000       0.00000000    
   87.0000000       0.00000000    
   87.5000000       0.00000000    
   88.0000000       0.00000000    
   88.5000000       0.00000000    
   89.0000000       0.00000000    
   89.5000000       0.00000000    
   90.0000000       0.00000000    
   90.5000000       0.00000000    
   91.0000000       0.00000000    
   91.5000000       0.00000000    
   92.0000000       0.00000000    
   92.5000000       0.00000000    
   93.0000000       0.00000000    
   93.5000000       0.00000000    
   94.0000000       0.00000000    
   94.5000000       0.00000000    
   95.0000000       0.00000000    
   95.5000000       0.00000000    
   96.0000000       0.00000000    
   96.5000000       0.00000000    
   97.0000000       0.00000000    
   97.5000000       0.00000000    
   98.0000000       0.00000000    
   98.5000000       0.00000000    
   99.0000000       0.00000000    
   99.5000000       0.00000000    
   100.000000       0.00000000    
