 -0.500000000      -3.98975817E-06
  0.500000000      -3.98975817E-06
   1.50000000       6.48033711E-06
   2.50000000       6.69049660E-09
   3.50000000      -4.06885147E-06
   4.50000000       3.92948323E-06
   5.50000000       6.27965960E-07
   6.50000000       3.35226161E-07
   7.50000000      -3.76880575E-06
   8.50000000       1.33989204E-06
   9.50000000       4.58653767E-06
   10.5000000      -5.10705786E-06
   11.5000000       6.32887986E-06
   12.5000000      -1.59576848E-06
   13.5000000      -6.65482276E-07
   14.5000000      -8.14056148E-06
   15.5000000       7.82747611E-06
   16.5000000       4.69871657E-06
   17.5000000       6.11667292E-06
   18.5000000      -8.45092927E-06
   19.5000000      -1.35646369E-05
   20.5000000      -3.16691444E-06
   21.5000000       1.09263983E-05
   22.5000000       2.58090058E-05
   23.5000000       1.21962112E-05
   24.5000000      -1.67850067E-05
   25.5000000      -2.87594885E-05
   26.5000000      -2.85280112E-05
   27.5000000      -5.18449406E-06
   28.5000000       3.29443865E-05
   29.5000000       4.83759468E-05
   30.5000000       3.65935302E-05
   31.5000000       1.00595980E-05
   32.5000000      -4.43822100E-05
   33.5000000      -7.18566589E-05
   34.5000000      -5.99244559E-05
   35.5000000      -4.42622368E-05
   36.5000000       8.97646714E-06
   37.5000000       7.00298478E-05
   38.5000000       9.51579932E-05
   39.5000000       8.73367535E-05
   40.5000000       9.91946799E-05
   41.5000000       7.50601175E-05
   42.5000000       2.20756363E-07
   43.5000000      -6.19500424E-05
   44.5000000      -4.53998000E-05
   45.5000000      -3.77101314E-05
   46.5000000      -9.90150802E-05
   47.5000000      -1.32223489E-04
   48.5000000      -6.08605260E-05
   49.5000000       3.75556920E-05
   50.5000000       1.78284445E-05
   51.5000000      -8.82118329E-05
   52.5000000      -9.61988262E-05
   53.5000000       4.09490021E-05
   54.5000000       1.58605675E-04
   55.5000000       9.84730941E-05
   56.5000000      -8.88932918E-05
   57.5000000      -1.84905308E-04
   58.5000000      -5.10571117E-05
   59.5000000       1.93578177E-04
   60.5000000       2.85733724E-04
   61.5000000       9.81103949E-05
   62.5000000      -2.23642477E-04
   63.5000000      -3.93951486E-04
   64.5000000      -2.37527231E-04
   65.5000000       1.61732241E-04
   66.5000000       5.16539731E-04
   67.5000000       5.43396280E-04
   68.5000000       1.69902938E-04
   69.5000000      -4.07201354E-04
   70.5000000      -8.44680530E-04
   71.5000000      -8.59102583E-04
   72.5000000      -3.80801212E-04
   73.5000000       4.15280869E-04
   74.5000000       1.19510910E-03
   75.5000000       1.61294127E-03
   76.5000000       1.45233085E-03
   77.5000000       7.02741381E-04
   78.5000000      -4.51335451E-04
   79.5000000      -1.70686725E-03
   80.5000000      -2.73495493E-03
   81.5000000      -3.24302563E-03
   82.5000000      -2.98798061E-03
   83.5000000      -1.74361072E-03
   84.5000000       7.62074371E-04
   85.5000000       4.91829496E-03
   86.5000000       1.12859700E-02
   87.5000000       2.05775239E-02
   88.5000000       3.34503576E-02
   89.5000000       4.99458387E-02
   90.5000000       6.85261637E-02
   91.5000000       8.52791965E-02
   92.5000000       9.47505981E-02
   93.5000000       9.31446850E-02
   94.5000000       8.13396275E-02
   95.5000000       6.41424730E-02
   96.5000000       4.67283130E-02
   97.5000000       3.21587473E-02
   98.5000000       2.12864075E-02
   99.5000000       1.37264952E-02
   100.500000       8.69718380E-03
   101.500000       5.44407871E-03
   102.500000       3.37798311E-03
   103.500000       2.08182540E-03
   104.500000       1.27574336E-03
   105.500000       7.77744572E-04
   106.500000       4.71756386E-04
   107.500000       2.84671463E-04
   108.500000       1.70835832E-04
   109.500000       1.01915328E-04
   110.500000       6.04111192E-05
   111.500000       3.55626325E-05
   112.500000       2.07805242E-05
   113.500000       1.20476880E-05
   114.500000       6.92713047E-06
   115.500000       3.94862900E-06
   116.500000       2.23073994E-06
   117.500000       1.24868222E-06
   118.500000       6.92422589E-07
   119.500000       3.80316891E-07
   120.500000       2.06887975E-07
   121.500000       1.11459919E-07
   122.500000       5.94691087E-08
   123.500000       3.14241184E-08
   124.500000       1.64458136E-08
   125.500000       8.52511750E-09
   126.500000       4.37762449E-09
   127.500000       2.22698437E-09
   128.500000       1.12250753E-09
   129.500000       5.60676006E-10
   130.500000       2.77553092E-10
   131.500000       1.36192946E-10
   132.500000       6.62525312E-11
   133.500000       3.19562432E-11
   134.500000       1.52855506E-11
   135.500000       7.25179422E-12
   136.500000       3.41283815E-12
   137.500000       1.59352219E-12
   138.500000       7.38309587E-13
   139.500000       3.39486035E-13
   140.500000       1.54943116E-13
   141.500000       7.02025108E-14
   142.500000       3.15809729E-14
   143.500000       1.41076624E-14
   144.500000       6.25923128E-15
   145.500000       2.75926319E-15
   146.500000       1.21043189E-15
   147.500000       5.32530726E-16
   148.500000       2.44572505E-16
   149.500000       1.39055996E-16
   150.500000       1.39055996E-16
