   0.00000000       0.00000000    
   1.00000000       1.69050272E-05
   2.00000000       2.79015039E-05
   3.00000000       4.67464270E-05
   4.00000000       7.84626900E-05
   5.00000000       1.31715235E-04
   6.00000000       2.21079259E-04
   7.00000000       3.70969938E-04
   8.00000000       6.22188963E-04
   9.00000000       1.04269572E-03
   10.0000000       1.74504134E-03
   11.0000000       2.91382615E-03
   12.0000000       4.84681688E-03
   13.0000000       8.00505001E-03
   14.0000000       1.31167797E-02
   15.0000000       2.10559405E-02
   16.0000000       3.28538790E-02
   17.0000000       4.89505604E-02
   18.0000000       6.80296198E-02
   19.0000000       8.56903717E-02
   20.0000000       9.52158496E-02
   21.0000000       9.19810385E-02
   22.0000000       7.76741132E-02
   23.0000000       5.86334132E-02
   24.0000000       4.07209806E-02
   25.0000000       2.67105438E-02
   26.0000000       1.68779287E-02
   27.0000000       1.04175759E-02
   28.0000000       6.34520594E-03
   29.0000000       3.82843334E-03
   30.0000000       2.29781750E-03
   31.0000000       1.37481000E-03
   32.0000000       8.21019639E-04
   33.0000000       4.89752740E-04
   34.0000000       2.91951525E-04
   35.0000000       1.73971945E-04
   36.0000000       1.03658691E-04
   37.0000000       6.18248014E-05
   38.0000000       3.72063114E-05
   39.0000000       2.39948840E-05
   40.0000000       9.90415856E-07
   41.0000000       2.06711832E-07
   42.0000000       4.31432703E-08
   43.0000000       9.00452335E-09
   44.0000000       1.87935334E-09
   45.0000000       3.92243849E-10
   46.0000000       8.18660417E-11
   47.0000000       1.70864364E-11
   48.0000000       3.56614651E-12
   49.0000000       7.44298069E-13
   50.0000000       1.55344026E-13
   51.0000000       3.24221851E-14
   52.0000000       6.76690302E-15
   53.0000000       1.41233480E-15
   54.0000000       2.94771410E-16
   55.0000000       6.15223654E-17
   56.0000000       1.28404644E-17
   57.0000000       2.67996055E-18
   58.0000000       5.59340306E-19
   59.0000000       1.16741098E-19
   60.0000000       2.43652851E-20
   61.0000000       5.08533071E-21
   62.0000000       1.06137017E-21
   63.0000000       2.21520826E-22
   64.0000000       4.62340837E-23
   65.0000000       9.64961402E-24
   66.0000000       2.01399167E-24
   67.0000000       4.20344484E-25
   68.0000000       8.77309900E-26
   69.0000000       1.83105216E-26
   70.0000000       3.82162818E-27
   71.0000000       7.97620083E-28
   72.0000000       1.66473003E-28
   73.0000000       3.47449318E-29
   74.0000000       7.25168822E-30
   75.0000000       1.51351537E-30
   76.0000000       3.15888998E-31
   77.0000000       6.59298694E-32
   78.0000000       1.37603633E-32
   79.0000000       2.87195476E-33
   80.0000000       5.99411799E-34
   81.0000000       1.25104512E-34
   82.0000000       2.61108318E-35
   83.0000000       5.44964713E-36
   84.0000000       1.13740755E-36
   85.0000000       2.37390744E-37
   86.0000000       4.95463320E-38
   87.0000000       1.03409199E-38
   88.0000000       2.15827569E-39
   89.0000000       4.50458602E-40
   90.0000000       9.40159166E-41
   91.0000000       1.96223824E-41
   92.0000000       4.09459411E-42
   93.0000000       8.54792063E-43
   94.0000000       1.77964905E-43
   95.0000000       3.64337601E-44
   96.0000000       8.40779079E-45
   97.0000000       1.40129846E-45
   98.0000000       0.00000000    
   99.0000000       0.00000000    
   100.000000       0.00000000    
   101.000000       0.00000000    
   102.000000       0.00000000    
   103.000000       0.00000000    
   104.000000       0.00000000    
   105.000000       0.00000000    
   106.000000       0.00000000    
   107.000000       0.00000000    
   108.000000       0.00000000    
   109.000000       0.00000000    
   110.000000       0.00000000    
   111.000000       0.00000000    
   112.000000       0.00000000    
   113.000000       0.00000000    
   114.000000       0.00000000    
   115.000000       0.00000000    
   116.000000       0.00000000    
   117.000000       0.00000000    
   118.000000       0.00000000    
   119.000000       0.00000000    
   120.000000       0.00000000    
   121.000000       0.00000000    
   122.000000       0.00000000    
   123.000000       0.00000000    
   124.000000       0.00000000    
   125.000000       0.00000000    
   126.000000       0.00000000    
   127.000000       0.00000000    
   128.000000       0.00000000    
   129.000000       0.00000000    
   130.000000       0.00000000    
   131.000000       0.00000000    
   132.000000       0.00000000    
   133.000000       0.00000000    
   134.000000       0.00000000    
   135.000000       0.00000000    
   136.000000       0.00000000    
   137.000000       0.00000000    
   138.000000       0.00000000    
   139.000000       0.00000000    
   140.000000       0.00000000    
   141.000000       0.00000000    
   142.000000       0.00000000    
   143.000000       0.00000000    
   144.000000       0.00000000    
   145.000000       0.00000000    
   146.000000       0.00000000    
   147.000000       0.00000000    
   148.000000       0.00000000    
   149.000000       0.00000000    
   150.000000       0.00000000    
