   0.00000000       0.00000000    
   1.00000000       1.13762758E-06
   2.00000000      -2.41584530E-07
   3.00000000      -1.90827905E-06
   4.00000000      -3.18273351E-07
   5.00000000       4.05031642E-06
   6.00000000      -5.23866845E-07
   7.00000000      -3.31933120E-06
   8.00000000       5.96306450E-07
   9.00000000      -1.12761677E-06
   10.0000000       3.68462406E-06
   11.0000000      -1.52729444E-06
   12.0000000       1.81901510E-06
   13.0000000      -1.13133899E-06
   14.0000000      -2.85728447E-06
   15.0000000      -2.36766027E-06
   16.0000000       4.61571199E-06
   17.0000000       5.10317841E-06
   18.0000000       2.77421032E-06
   19.0000000      -1.12612006E-05
   20.0000000      -1.02538797E-05
   21.0000000      -1.56246188E-07
   22.0000000       1.70086005E-05
   23.0000000       1.97249246E-05
   24.0000000       2.54329825E-06
   25.0000000      -1.86315538E-05
   26.0000000      -2.88759129E-05
   27.0000000      -2.26386328E-05
   28.0000000       7.49759874E-06
   29.0000000       3.53401265E-05
   30.0000000       4.30812033E-05
   31.0000000       2.99054391E-05
   32.0000000      -7.17291005E-06
   33.0000000      -5.12308980E-05
   34.0000000      -6.65697808E-05
   35.0000000      -5.48802855E-05
   36.0000000      -3.01690416E-05
   37.0000000       2.62939593E-05
   38.0000000       7.62628624E-05
   39.0000000       8.85789996E-05
   40.0000000       9.03791297E-05
   41.0000000       9.31449395E-05
   42.0000000       5.29914687E-05
   43.0000000      -1.88486647E-05
   44.0000000      -5.48140961E-05
   45.0000000      -3.86933971E-05
   46.0000000      -5.68679461E-05
   47.0000000      -1.10745052E-04
   48.0000000      -1.10523404E-04
   49.0000000      -2.95091832E-05
   50.0000000       3.10923351E-05
   51.0000000      -1.83368502E-05
   52.0000000      -9.26066932E-05
   53.0000000      -5.28412711E-05
   54.0000000       7.73632200E-05
   55.0000000       1.38013987E-04
   56.0000000       3.89886991E-05
   57.0000000      -1.17757067E-04
   58.0000000      -1.41491037E-04
   59.0000000       2.44725743E-05
   60.0000000       2.18440458E-04
   61.0000000       2.24243646E-04
   62.0000000       3.25992005E-07
   63.0000000      -2.69546494E-04
   64.0000000      -3.40079743E-04
   65.0000000      -1.16344017E-04
   66.0000000       2.61004607E-04
   67.0000000       5.13203151E-04
   68.0000000       4.24615399E-04
   69.0000000       1.39996700E-06
   70.0000000      -5.23339841E-04
   71.0000000      -8.32059071E-04
   72.0000000      -7.08113657E-04
   73.0000000      -1.51189044E-04
   74.0000000       6.24311331E-04
   75.0000000       1.28916372E-03
   76.0000000       1.54085236E-03
   77.0000000       1.22293597E-03
   78.0000000       3.76557349E-04
   79.0000000      -7.87208264E-04
   80.0000000      -1.96459447E-03
   81.0000000      -2.84071779E-03
   82.0000000      -3.13768676E-03
   83.0000000      -2.61625415E-03
   84.0000000      -1.03738927E-03
   85.0000000       1.89959374E-03
   86.0000000       6.61885785E-03
   87.0000000       1.36947101E-02
   88.0000000       2.37718690E-02
   89.0000000       3.72645967E-02
   90.0000000       5.37285395E-02
   91.0000000       7.10455328E-02
   92.0000000       8.51631835E-02
   93.0000000       9.14749801E-02
   94.0000000       8.76391158E-02
   95.0000000       7.53418580E-02
   96.0000000       5.90073317E-02
   97.0000000       4.29378599E-02
   98.0000000       2.95942891E-02
   99.0000000       1.96315683E-02
   100.000000       1.26840528E-02
   101.000000       8.04838538E-03
   102.000000       5.04287984E-03
   103.000000       3.13091348E-03
   104.000000       1.93017640E-03
   105.000000       1.18296046E-03
   106.000000       7.21172313E-04
   107.000000       4.37395734E-04
   108.000000       2.63893540E-04
   109.000000       1.58334791E-04
   110.000000       9.44373096E-05
   111.000000       5.59667824E-05
   112.000000       3.29402465E-05
   113.000000       1.92453699E-05
   114.000000       1.11566396E-05
   115.000000       6.41462793E-06
   116.000000       3.65666779E-06
   117.000000       2.06606933E-06
   118.000000       1.15675948E-06
   119.000000       6.41648910E-07
   120.000000       3.52571874E-07
   121.000000       1.91890720E-07
   122.000000       1.03441536E-07
   123.000000       5.52287602E-08
   124.000000       2.92061060E-08
   125.000000       1.52982107E-08
   126.000000       7.93774024E-09
   127.000000       4.08019973E-09
   128.000000       2.07797357E-09
   129.000000       1.04863429E-09
   130.000000       5.24431942E-10
   131.000000       2.59952782E-10
   132.000000       1.27732547E-10
   133.000000       6.22262866E-11
   134.000000       3.00590976E-11
   135.000000       1.44003498E-11
   136.000000       6.84275379E-12
   137.000000       3.22563287E-12
   138.000000       1.50865670E-12
   139.000000       7.00199772E-13
   140.000000       3.22532474E-13
   141.000000       1.47471377E-13
   142.000000       6.69401126E-14
   143.000000       3.01695484E-14
   144.000000       1.35022185E-14
   145.000000       6.00072699E-15
   146.000000       2.64698135E-15
   147.000000       1.15510857E-15
   148.000000       4.89385885E-16
   149.000000       1.78979465E-16
   150.000000       0.00000000    
