   0.00000000       0.00000000    
  0.500000000       2.83704465E-03
   1.00000000       7.11194007E-03
   1.50000000       1.29449116E-02
   2.00000000       1.95684098E-02
   2.50000000       2.71053389E-02
   3.00000000       3.54074687E-02
   3.50000000       4.40798663E-02
   4.00000000       5.33341691E-02
   4.50000000       6.27532676E-02
   5.00000000       7.24508241E-02
   5.50000000       8.22446495E-02
   6.00000000       9.20379087E-02
   6.50000000      0.101853788    
   7.00000000      0.111450739    
   7.50000000      0.120959826    
   8.00000000      0.130067557    
   8.50000000      0.138943553    
   9.00000000      0.147237986    
   9.50000000      0.155122414    
   10.0000000      0.162216365    
   10.5000000      0.168676004    
   11.0000000      0.174077958    
   11.5000000      0.178543091    
   12.0000000      0.181586906    
   12.5000000      0.183261216    
   13.0000000      0.182993993    
   13.5000000      0.180703431    
   14.0000000      0.175714329    
   14.5000000      0.167718410    
   15.0000000      0.156018302    
   15.5000000      0.140168190    
   16.0000000      0.120163731    
   16.5000000       9.66634005E-02
   17.0000000       7.22652823E-02
   17.5000000       4.93698642E-02
   18.0000000       3.06194238E-02
   18.5000000       1.67550258E-02
   19.0000000       7.23232329E-03
   19.5000000       2.03283643E-03
   20.0000000       2.10852289E-04
   20.5000000      -6.43568928E-05
   21.0000000      -1.99048100E-05
   21.5000000       1.38126813E-06
   22.0000000       9.40563154E-07
   22.5000000      -5.84108335E-08
   23.0000000      -3.55660461E-08
   23.5000000       4.22370272E-09
   24.0000000       9.53961465E-10
   24.5000000      -2.37422249E-10
   25.0000000      -5.37835922E-12
   25.5000000       8.28998155E-12
   26.0000000      -9.55956560E-13
   26.5000000      -1.10916064E-13
   27.0000000       4.51184906E-14
   27.5000000      -4.13533301E-15
   28.0000000      -5.59841185E-16
   28.5000000       2.10589318E-16
   29.0000000      -2.30591435E-17
   29.5000000      -1.23105031E-18
   30.0000000       8.25398607E-19
   30.5000000      -1.29085748E-19
   31.0000000       5.06471784E-21
   31.5000000       2.13011932E-21
   32.0000000      -5.56728398E-22
   32.5000000       6.48487651E-23
   33.0000000      -5.95006621E-25
   33.5000000      -1.36907974E-24
   34.0000000       3.07097437E-25
   34.5000000      -3.56752484E-26
   35.0000000       9.59807506E-28
   35.5000000       5.73743775E-28
   36.0000000      -1.48209469E-28
   36.5000000       2.07465793E-29
   37.0000000      -1.50115124E-30
   37.5000000      -9.92584374E-32
   38.0000000       5.40585989E-32
   38.5000000      -1.03008746E-32
   39.0000000       1.25308846E-33
   39.5000000      -7.86637204E-35
   40.0000000      -7.18827997E-36
   40.5000000       3.25779033E-36
   41.0000000      -6.17526584E-37
   41.5000000       8.01225356E-38
   42.0000000      -6.67233028E-39
   42.5000000       4.95919527E-42
   43.0000000       1.28721876E-40
   43.5000000      -3.06506013E-41
   44.0000000       4.81766412E-42
   44.5000000      -5.61920684E-43
   45.0000000       4.20389539E-44
   45.5000000       1.40129846E-45
   46.0000000      -1.40129846E-45
   46.5000000       0.00000000    
   47.0000000       0.00000000    
   47.5000000       0.00000000    
   48.0000000       0.00000000    
   48.5000000       0.00000000    
   49.0000000       0.00000000    
   49.5000000       0.00000000    
   50.0000000       0.00000000    
   50.5000000       0.00000000    
   51.0000000       0.00000000    
   51.5000000       0.00000000    
   52.0000000       0.00000000    
   52.5000000       0.00000000    
   53.0000000       0.00000000    
   53.5000000       0.00000000    
   54.0000000       0.00000000    
   54.5000000       0.00000000    
   55.0000000       0.00000000    
   55.5000000       0.00000000    
   56.0000000       0.00000000    
   56.5000000       0.00000000    
   57.0000000       0.00000000    
   57.5000000       0.00000000    
   58.0000000       0.00000000    
   58.5000000       0.00000000    
   59.0000000       0.00000000    
   59.5000000       0.00000000    
   60.0000000       0.00000000    
   60.5000000       0.00000000    
   61.0000000       0.00000000    
   61.5000000       0.00000000    
   62.0000000       0.00000000    
   62.5000000       0.00000000    
   63.0000000       0.00000000    
   63.5000000       0.00000000    
   64.0000000       0.00000000    
   64.5000000       0.00000000    
   65.0000000       0.00000000    
   65.5000000       0.00000000    
   66.0000000       0.00000000    
   66.5000000       0.00000000    
   67.0000000       0.00000000    
   67.5000000       0.00000000    
   68.0000000       0.00000000    
   68.5000000       0.00000000    
   69.0000000       0.00000000    
   69.5000000       0.00000000    
   70.0000000       0.00000000    
   70.5000000       0.00000000    
   71.0000000       0.00000000    
   71.5000000       0.00000000    
   72.0000000       0.00000000    
   72.5000000       0.00000000    
   73.0000000       0.00000000    
   73.5000000       0.00000000    
   74.0000000       0.00000000    
   74.5000000       0.00000000    
   75.0000000       0.00000000    
   75.5000000       0.00000000    
   76.0000000       0.00000000    
   76.5000000       0.00000000    
   77.0000000       0.00000000    
   77.5000000       0.00000000    
   78.0000000       0.00000000    
   78.5000000       0.00000000    
   79.0000000       0.00000000    
   79.5000000       0.00000000    
   80.0000000       0.00000000    
   80.5000000       0.00000000    
   81.0000000       0.00000000    
   81.5000000       0.00000000    
   82.0000000       0.00000000    
   82.5000000       0.00000000    
   83.0000000       0.00000000    
   83.5000000       0.00000000    
   84.0000000       0.00000000    
   84.5000000       0.00000000    
   85.0000000       0.00000000    
   85.5000000       0.00000000    
   86.0000000       0.00000000    
   86.5000000       0.00000000    
   87.0000000       0.00000000    
   87.5000000       0.00000000    
   88.0000000       0.00000000    
   88.5000000       0.00000000    
   89.0000000       0.00000000    
   89.5000000       0.00000000    
   90.0000000       0.00000000    
   90.5000000       0.00000000    
   91.0000000       0.00000000    
   91.5000000       0.00000000    
   92.0000000       0.00000000    
   92.5000000       0.00000000    
   93.0000000       0.00000000    
   93.5000000       0.00000000    
   94.0000000       0.00000000    
   94.5000000       0.00000000    
   95.0000000       0.00000000    
   95.5000000       0.00000000    
   96.0000000       0.00000000    
   96.5000000       0.00000000    
   97.0000000       0.00000000    
   97.5000000       0.00000000    
   98.0000000       0.00000000    
   98.5000000       0.00000000    
   99.0000000       0.00000000    
   99.5000000       0.00000000    
   100.000000       0.00000000    
