 -0.250000000       5.04071468E-05
  0.250000000       5.04071468E-05
  0.750000000       2.24146643E-04
   1.25000000       5.75014332E-04
   1.75000000       2.30106455E-03
   2.25000000       6.04081154E-03
   2.75000000       1.11355558E-02
   3.25000000       1.74489915E-02
   3.75000000       2.45769210E-02
   4.25000000       3.24071907E-02
   4.75000000       4.08665501E-02
   5.25000000       4.96957414E-02
   5.75000000       5.89887016E-02
   6.25000000       6.84361607E-02
   6.75000000       7.81909227E-02
   7.25000000       8.79448131E-02
   7.75000000       9.78575125E-02
   8.25000000      0.107633293    
   8.75000000      0.117424667    
   9.25000000      0.126937613    
   9.75000000      0.136320278    
   10.2500000      0.145261198    
   10.7500000      0.153908923    
   11.2500000      0.161913604    
   11.7500000      0.169422656    
   12.2500000      0.176032022    
   12.7500000      0.181867450    
   13.2500000      0.186458513    
   13.7500000      0.189863116    
   14.2500000      0.191536978    
   14.7500000      0.191369966    
   15.2500000      0.188735351    
   15.7500000      0.183187276    
   16.2500000      0.173995852    
   16.7500000      0.160226598    
   17.2500000      0.141304150    
   17.7500000      0.116784044    
   18.2500000       8.89655277E-02
   18.7500000       6.13904037E-02
   19.2500000       3.82086411E-02
   19.7500000       2.12169327E-02
   20.2500000       9.70261265E-03
   20.7500000       3.14401672E-03
   21.2500000       5.25987707E-04
   21.7500000      -4.16809598E-05
   22.2500000      -3.58640827E-05
   22.7500000      -2.30393402E-06
   23.2500000       1.53890869E-06
   23.7500000       1.53351280E-07
   24.2500000      -6.54937367E-08
   24.7500000      -4.28583480E-09
   25.2500000       2.74352896E-09
   25.7500000      -3.98900635E-11
   26.2500000      -9.35795330E-11
   26.7500000       1.10553493E-11
   27.2500000       1.80240003E-12
   27.7500000      -5.83250462E-13
   28.2500000       2.40485071E-14
   28.7500000       1.41275643E-14
   29.2500000      -2.88105784E-15
   29.7500000       5.61691767E-17
   30.2500000       7.17708222E-17
   30.7500000      -1.39421143E-17
   31.2500000       5.37915656E-19
   31.7500000       2.71997975E-19
   32.2500000      -6.48414668E-20
   32.7500000       5.38789585E-21
   33.2500000       5.90520271E-22
   33.7500000      -2.50742582E-22
   34.2500000       3.58428482E-23
   34.7500000      -1.22981522E-24
   35.2500000      -6.02218782E-25
   35.7500000       1.54609576E-25
   36.2500000      -1.85684853E-26
   36.7500000       3.93284043E-28
   37.2500000       3.38455995E-28
   37.7500000      -8.22267785E-29
   38.2500000       1.04129578E-29
   38.7500000      -4.74997754E-31
   39.2500000      -1.22648130E-31
   39.7500000       3.76539581E-32
   40.2500000      -5.81065923E-33
   40.7500000       5.08190131E-34
   41.2500000       7.61102459E-36
   41.7500000      -1.23948418E-35
   42.2500000       2.67934939E-36
   42.7500000      -3.59983060E-37
   43.2500000       2.81470191E-38
   43.7500000       8.10096247E-40
   44.2500000      -7.58008582E-40
   44.7500000       1.60646257E-40
   45.2500000      -2.24796300E-41
   45.7500000       2.09073731E-42
   46.2500000      -4.90454463E-44
   46.7500000      -2.80259693E-44
   47.2500000       8.40779079E-45
   47.7500000      -1.40129846E-45
   48.2500000       0.00000000    
   48.7500000       0.00000000    
   49.2500000       0.00000000    
   49.7500000       0.00000000    
   50.2500000       0.00000000    
   50.7500000       0.00000000    
   51.2500000       0.00000000    
   51.7500000       0.00000000    
   52.2500000       0.00000000    
   52.7500000       0.00000000    
   53.2500000       0.00000000    
   53.7500000       0.00000000    
   54.2500000       0.00000000    
   54.7500000       0.00000000    
   55.2500000       0.00000000    
   55.7500000       0.00000000    
   56.2500000       0.00000000    
   56.7500000       0.00000000    
   57.2500000       0.00000000    
   57.7500000       0.00000000    
   58.2500000       0.00000000    
   58.7500000       0.00000000    
   59.2500000       0.00000000    
   59.7500000       0.00000000    
   60.2500000       0.00000000    
   60.7500000       0.00000000    
   61.2500000       0.00000000    
   61.7500000       0.00000000    
   62.2500000       0.00000000    
   62.7500000       0.00000000    
   63.2500000       0.00000000    
   63.7500000       0.00000000    
   64.2500000       0.00000000    
   64.7500000       0.00000000    
   65.2500000       0.00000000    
   65.7500000       0.00000000    
   66.2500000       0.00000000    
   66.7500000       0.00000000    
   67.2500000       0.00000000    
   67.7500000       0.00000000    
   68.2500000       0.00000000    
   68.7500000       0.00000000    
   69.2500000       0.00000000    
   69.7500000       0.00000000    
   70.2500000       0.00000000    
   70.7500000       0.00000000    
   71.2500000       0.00000000    
   71.7500000       0.00000000    
   72.2500000       0.00000000    
   72.7500000       0.00000000    
   73.2500000       0.00000000    
   73.7500000       0.00000000    
   74.2500000       0.00000000    
   74.7500000       0.00000000    
   75.2500000       0.00000000    
   75.7500000       0.00000000    
   76.2500000       0.00000000    
   76.7500000       0.00000000    
   77.2500000       0.00000000    
   77.7500000       0.00000000    
   78.2500000       0.00000000    
   78.7500000       0.00000000    
   79.2500000       0.00000000    
   79.7500000       0.00000000    
   80.2500000       0.00000000    
   80.7500000       0.00000000    
   81.2500000       0.00000000    
   81.7500000       0.00000000    
   82.2500000       0.00000000    
   82.7500000       0.00000000    
   83.2500000       0.00000000    
   83.7500000       0.00000000    
   84.2500000       0.00000000    
   84.7500000       0.00000000    
   85.2500000       0.00000000    
   85.7500000       0.00000000    
   86.2500000       0.00000000    
   86.7500000       0.00000000    
   87.2500000       0.00000000    
   87.7500000       0.00000000    
   88.2500000       0.00000000    
   88.7500000       0.00000000    
   89.2500000       0.00000000    
   89.7500000       0.00000000    
   90.2500000       0.00000000    
   90.7500000       0.00000000    
   91.2500000       0.00000000    
   91.7500000       0.00000000    
   92.2500000       0.00000000    
   92.7500000       0.00000000    
   93.2500000       0.00000000    
   93.7500000       0.00000000    
   94.2500000       0.00000000    
   94.7500000       0.00000000    
   95.2500000       0.00000000    
   95.7500000       0.00000000    
   96.2500000       0.00000000    
   96.7500000       0.00000000    
   97.2500000       0.00000000    
   97.7500000       0.00000000    
   98.2500000       0.00000000    
   98.7500000       0.00000000    
   99.2500000       0.00000000    
   99.7500000       0.00000000    
   100.250000       0.00000000    
