   0.00000000       0.00000000    
  0.500000000       1.69021863E-04
   1.00000000       1.49089567E-04
   1.50000000       8.31716519E-04
   2.00000000       2.99157528E-03
   2.50000000       7.10591348E-03
   3.00000000       1.25556355E-02
   3.50000000       1.89502891E-02
   4.00000000       2.62410380E-02
   4.50000000       3.40277702E-02
   5.00000000       4.24527787E-02
   5.50000000       5.11316285E-02
   6.00000000       6.02081195E-02
   6.50000000       6.93933368E-02
   7.00000000       7.87755102E-02
   7.50000000       8.81529599E-02
   8.00000000       9.75618884E-02
   8.50000000      0.106854223    
   9.00000000      0.116036437    
   9.50000000      0.124976084    
   10.0000000      0.133674026    
   10.5000000      0.141977966    
   11.0000000      0.149903342    
   11.5000000      0.157241419    
   12.0000000      0.164038599    
   12.5000000      0.169994667    
   13.0000000      0.175188348    
   13.5000000      0.179192320    
   14.0000000      0.182095930    
   14.5000000      0.183309942    
   15.0000000      0.182855248    
   15.5000000      0.179947585    
   16.0000000      0.174366325    
   16.5000000      0.165103346    
   17.0000000      0.151474580    
   17.5000000      0.132574022    
   18.0000000      0.108252257    
   18.5000000       8.10255408E-02
   19.0000000       5.46062030E-02
   19.5000000       3.31433676E-02
   20.0000000       1.76868029E-02
   20.5000000       7.46912742E-03
   21.0000000       2.07920303E-03
   21.5000000       2.17520472E-04
   22.0000000      -6.89594162E-05
   22.5000000      -2.33304199E-05
   23.0000000       1.03060211E-06
   23.5000000       1.18958110E-06
   24.0000000      -2.11149498E-08
   24.5000000      -5.09808444E-08
   25.0000000       2.73709055E-09
   25.5000000       1.82691473E-09
   26.0000000      -2.44581883E-10
   26.5000000      -4.25730423E-11
   27.0000000       1.30686521E-11
   27.5000000      -1.47811505E-13
   28.0000000      -4.04499920E-13
   28.5000000       6.14990304E-14
   29.0000000       3.24305410E-15
   29.5000000      -2.34604388E-15
   30.0000000       2.88252618E-16
   30.5000000       1.81794943E-17
   31.0000000      -1.12377152E-17
   31.5000000       1.52254669E-18
   32.0000000       2.15972528E-20
   32.5000000      -4.43160882E-20
   33.0000000       7.96414825E-21
   33.5000000      -4.26497787E-22
   34.0000000      -1.15723269E-22
   34.5000000       3.39792369E-23
   35.0000000      -4.12713369E-24
   35.5000000       3.48269764E-26
   36.0000000       9.11905704E-26
   36.5000000      -2.01550818E-26
   37.0000000       2.18941546E-27
   37.5000000      -8.37898693E-30
   38.0000000      -4.80988726E-29
   38.5000000       1.07457216E-29
   39.0000000      -1.30056892E-30
   39.5000000       5.15806216E-32
   40.0000000       1.69715994E-32
   40.5000000      -4.94358337E-33
   41.0000000       7.53763482E-34
   41.5000000      -6.59143764E-35
   42.0000000      -9.05202755E-37
   42.5000000       1.59455515E-36
   43.0000000      -3.48983204E-37
   43.5000000       4.77862170E-38
   44.0000000      -3.92827540E-39
   44.5000000      -6.01465327E-41
   45.0000000       9.38421556E-41
   45.5000000      -2.08246965E-41
   46.0000000       3.02260079E-42
   46.5000000      -3.01279170E-43
   47.0000000       1.12103877E-44
   47.5000000       2.80259693E-45
   48.0000000      -1.40129846E-45
   48.5000000       0.00000000    
   49.0000000       0.00000000    
   49.5000000       0.00000000    
   50.0000000       0.00000000    
   50.5000000       0.00000000    
   51.0000000       0.00000000    
   51.5000000       0.00000000    
   52.0000000       0.00000000    
   52.5000000       0.00000000    
   53.0000000       0.00000000    
   53.5000000       0.00000000    
   54.0000000       0.00000000    
   54.5000000       0.00000000    
   55.0000000       0.00000000    
   55.5000000       0.00000000    
   56.0000000       0.00000000    
   56.5000000       0.00000000    
   57.0000000       0.00000000    
   57.5000000       0.00000000    
   58.0000000       0.00000000    
   58.5000000       0.00000000    
   59.0000000       0.00000000    
   59.5000000       0.00000000    
   60.0000000       0.00000000    
   60.5000000       0.00000000    
   61.0000000       0.00000000    
   61.5000000       0.00000000    
   62.0000000       0.00000000    
   62.5000000       0.00000000    
   63.0000000       0.00000000    
   63.5000000       0.00000000    
   64.0000000       0.00000000    
   64.5000000       0.00000000    
   65.0000000       0.00000000    
   65.5000000       0.00000000    
   66.0000000       0.00000000    
   66.5000000       0.00000000    
   67.0000000       0.00000000    
   67.5000000       0.00000000    
   68.0000000       0.00000000    
   68.5000000       0.00000000    
   69.0000000       0.00000000    
   69.5000000       0.00000000    
   70.0000000       0.00000000    
   70.5000000       0.00000000    
   71.0000000       0.00000000    
   71.5000000       0.00000000    
   72.0000000       0.00000000    
   72.5000000       0.00000000    
   73.0000000       0.00000000    
   73.5000000       0.00000000    
   74.0000000       0.00000000    
   74.5000000       0.00000000    
   75.0000000       0.00000000    
   75.5000000       0.00000000    
   76.0000000       0.00000000    
   76.5000000       0.00000000    
   77.0000000       0.00000000    
   77.5000000       0.00000000    
   78.0000000       0.00000000    
   78.5000000       0.00000000    
   79.0000000       0.00000000    
   79.5000000       0.00000000    
   80.0000000       0.00000000    
   80.5000000       0.00000000    
   81.0000000       0.00000000    
   81.5000000       0.00000000    
   82.0000000       0.00000000    
   82.5000000       0.00000000    
   83.0000000       0.00000000    
   83.5000000       0.00000000    
   84.0000000       0.00000000    
   84.5000000       0.00000000    
   85.0000000       0.00000000    
   85.5000000       0.00000000    
   86.0000000       0.00000000    
   86.5000000       0.00000000    
   87.0000000       0.00000000    
   87.5000000       0.00000000    
   88.0000000       0.00000000    
   88.5000000       0.00000000    
   89.0000000       0.00000000    
   89.5000000       0.00000000    
   90.0000000       0.00000000    
   90.5000000       0.00000000    
   91.0000000       0.00000000    
   91.5000000       0.00000000    
   92.0000000       0.00000000    
   92.5000000       0.00000000    
   93.0000000       0.00000000    
   93.5000000       0.00000000    
   94.0000000       0.00000000    
   94.5000000       0.00000000    
   95.0000000       0.00000000    
   95.5000000       0.00000000    
   96.0000000       0.00000000    
   96.5000000       0.00000000    
   97.0000000       0.00000000    
   97.5000000       0.00000000    
   98.0000000       0.00000000    
   98.5000000       0.00000000    
   99.0000000       0.00000000    
   99.5000000       0.00000000    
   100.000000       0.00000000    
