 -0.250000000      -3.71829410E-05
  0.250000000      -3.71829410E-05
  0.750000000      -3.53751602E-05
   1.25000000      -3.51734052E-05
   1.75000000      -3.67733155E-05
   2.25000000      -3.74990013E-05
   2.75000000      -3.54862641E-05
   3.25000000      -3.45105873E-05
   3.75000000      -3.68038200E-05
   4.25000000      -3.80678866E-05
   4.75000000      -3.57986792E-05
   5.25000000      -3.41957566E-05
   5.75000000      -3.62319843E-05
   6.25000000      -3.83644074E-05
   6.75000000      -3.65850537E-05
   7.25000000      -3.37809106E-05
   7.75000000      -3.49795118E-05
   8.25000000      -3.85585117E-05
   8.75000000      -3.74815245E-05
   9.25000000      -3.39092257E-05
   9.75000000      -3.41940831E-05
   10.2500000      -3.78681216E-05
   10.7500000      -3.81368991E-05
   11.2500000      -3.48784379E-05
   11.7500000      -3.39319304E-05
   12.2500000      -3.64553089E-05
   12.7500000      -3.74003612E-05
   13.2500000      -3.60924860E-05
   13.7500000      -3.53426040E-05
   14.2500000      -3.48622598E-05
   14.7500000      -3.52625175E-05
   15.2500000      -3.71497881E-05
   15.7500000      -3.73320145E-05
   16.2500000      -3.48126196E-05
   16.7500000      -3.33202261E-05
   17.2500000      -3.61428829E-05
   17.7500000      -3.82501785E-05
   18.2500000      -3.58103207E-05
   18.7500000      -3.36681878E-05
   19.2500000      -3.47486530E-05
   19.7500000      -3.63868894E-05
   20.2500000      -3.70508387E-05
   20.7500000      -3.62555911E-05
   21.2500000      -3.43057072E-05
   21.7500000      -3.32599993E-05
   22.2500000      -3.58392535E-05
   22.7500000      -3.81056343E-05
   23.2500000      -3.58666257E-05
   23.7500000      -3.28469177E-05
   24.2500000      -3.43456377E-05
   24.7500000      -3.59462101E-05
   25.2500000      -3.66883287E-05
   25.7500000      -3.64217303E-05
   26.2500000      -3.34960096E-05
   26.7500000      -3.25622241E-05
   27.2500000      -3.57747886E-05
   27.7500000      -3.74826159E-05
   28.2500000      -3.56778874E-05
   28.7500000      -3.37352503E-05
   29.2500000      -3.26739464E-05
   29.7500000      -3.40494735E-05
   30.2500000      -3.71971073E-05
   30.7500000      -3.64024345E-05
   31.2500000      -3.34971483E-05
   31.7500000      -3.28859969E-05
   32.2500000      -3.32404197E-05
   32.7500000      -3.57156023E-05
   33.2500000      -3.73199582E-05
   33.7500000      -3.43911997E-05
   34.2500000      -3.25562105E-05
   34.7500000      -3.21903426E-05
   35.2500000      -3.44445762E-05
   35.7500000      -3.68285982E-05
   36.2500000      -3.56603014E-05
   36.7500000      -3.23922541E-05
   37.2500000      -3.17493541E-05
   37.7500000      -3.28155402E-05
   38.2500000      -3.57867793E-05
   38.7500000      -3.63085164E-05
   39.2500000      -3.41550913E-05
   39.7500000      -3.10443575E-05
   40.2500000      -3.10448486E-05
   40.7500000      -3.40192491E-05
   41.2500000      -3.59575643E-05
   41.7500000      -3.52181960E-05
   42.2500000      -3.27011330E-05
   42.7500000      -3.05966532E-05
   43.2500000      -3.14869285E-05
   43.7500000      -3.43987813E-05
   44.2500000      -3.58301113E-05
   44.7500000      -3.45290136E-05
   45.2500000      -3.08486960E-05
   45.7500000      -3.00178854E-05
   46.2500000      -3.18559723E-05
   46.7500000      -3.43962638E-05
   47.2500000      -3.56032942E-05
   47.7500000      -3.31459669E-05
   48.2500000      -3.03674296E-05
   48.7500000      -2.95059090E-05
   49.2500000      -3.13732453E-05
   49.7500000      -3.45188346E-05
   50.2500000      -3.52903808E-05
   50.7500000      -3.26093577E-05
   51.2500000      -2.97090555E-05
   51.7500000      -2.88906340E-05
   52.2500000      -3.14358149E-05
   52.7500000      -3.40644183E-05
   53.2500000      -3.46168308E-05
   53.7500000      -3.22654560E-05
   54.2500000      -2.89438703E-05
   54.7500000      -2.81909834E-05
   55.2500000      -3.01388573E-05
   55.7500000      -3.36758458E-05
   56.2500000      -3.44868058E-05
   56.7500000      -3.18324383E-05
   57.2500000      -2.87812582E-05
   57.7500000      -2.72463185E-05
   58.2500000      -2.91684464E-05
   58.7500000      -3.28674214E-05
   59.2500000      -3.36927587E-05
   59.7500000      -3.25874680E-05
   60.2500000      -2.84987054E-05
   60.7500000      -2.65069120E-05
   61.2500000      -2.80419517E-05
   61.7500000      -3.11199801E-05
   62.2500000      -3.31913870E-05
   62.7500000      -3.28850438E-05
   63.2500000      -2.89259951E-05
   63.7500000      -2.63468664E-05
   64.2500000      -2.67382984E-05
   64.7500000      -2.91214183E-05
   65.2500000      -3.25769361E-05
   65.7500000      -3.27938760E-05
   66.2500000      -2.98852610E-05
   66.7500000      -2.64543814E-05
   67.2500000      -2.58937125E-05
   67.7500000      -2.65499784E-05
   68.2500000      -3.00755692E-05
   68.7500000      -3.32650015E-05
   69.2500000      -3.07310438E-05
   69.7500000      -2.75406910E-05
   70.2500000      -2.52788377E-05
   70.7500000      -2.47556873E-05
   71.2500000      -2.71903664E-05
   71.7500000      -3.14775825E-05
   72.2500000      -3.21189800E-05
   72.7500000      -2.90530061E-05
   73.2500000      -2.59036096E-05
   73.7500000      -2.41845264E-05
   74.2500000      -2.39721903E-05
   74.7500000      -2.77058043E-05
   75.2500000      -3.18669627E-05
   75.7500000      -3.06784241E-05
   76.2500000      -2.72833695E-05
   76.7500000      -2.48629749E-05
   77.2500000      -2.31371087E-05
   77.7500000      -2.34581330E-05
   78.2500000      -2.78923417E-05
   78.7500000      -3.17723061E-05
   79.2500000      -2.98998530E-05
   79.7500000      -2.57340616E-05
   80.2500000      -2.32320908E-05
   80.7500000      -2.24318319E-05
   81.2500000      -2.29958187E-05
   81.7500000      -2.71551180E-05
   82.2500000      -3.12544980E-05
   82.7500000      -2.92702262E-05
   83.2500000      -2.49604527E-05
   83.7500000      -2.21193513E-05
   84.2500000      -2.17014021E-05
   84.7500000      -2.26554403E-05
   85.2500000      -2.54808601E-05
   85.7500000      -2.96713588E-05
   86.2500000      -3.01546643E-05
   86.7500000      -2.50109752E-05
   87.2500000      -2.05401611E-05
   87.7500000      -1.99557853E-05
   88.2500000      -2.23895240E-05
   88.7500000      -2.45591400E-05
   89.2500000      -2.75863022E-05
   89.7500000      -2.94812871E-05
   90.2500000      -2.65948802E-05
   90.7500000      -2.06095083E-05
   91.2500000      -1.74313718E-05
   91.7500000      -2.03835552E-05
   92.2500000      -2.44070343E-05
   92.7500000      -2.65038852E-05
   93.2500000      -2.70916753E-05
   93.7500000      -2.70261298E-05
   94.2500000      -2.30511050E-05
   94.7500000      -1.76924950E-05
   95.2500000      -1.66160953E-05
   95.7500000      -2.09940627E-05
   96.2500000      -2.59806056E-05
   96.7500000      -2.74704871E-05
   97.2500000      -2.57262855E-05
   97.7500000      -2.34293111E-05
   98.2500000      -2.01972161E-05
   98.7500000      -1.68266761E-05
   99.2500000      -1.64403991E-05
   99.7500000      -2.10636736E-05
   100.250000      -2.69221273E-05
   100.750000      -2.81893535E-05
   101.250000      -2.42738806E-05
   101.750000      -1.91986583E-05
   102.250000      -1.71923693E-05
   102.750000      -1.66902046E-05
   103.250000      -1.77767215E-05
   103.750000      -2.07457215E-05
   104.250000      -2.57296451E-05
   104.750000      -2.78215648E-05
   105.250000      -2.40029640E-05
   105.750000      -1.73015524E-05
   106.250000      -1.36099188E-05
   106.750000      -1.53169258E-05
   107.250000      -1.92137868E-05
   107.750000      -2.21956288E-05
   108.250000      -2.41763519E-05
   108.750000      -2.51507445E-05
   109.250000      -2.36591059E-05
   109.750000      -1.83263001E-05
   110.250000      -1.26673922E-05
   110.750000      -1.19097313E-05
   111.250000      -1.71363426E-05
   111.750000      -2.35018451E-05
   112.250000      -2.58801974E-05
   112.750000      -2.35673306E-05
   113.250000      -2.02151095E-05
   113.750000      -1.71843931E-05
   114.250000      -1.43884445E-05
   114.750000      -1.28028305E-05
   115.250000      -1.34936899E-05
   115.750000      -1.93836822E-05
   116.250000      -2.54334027E-05
   116.750000      -2.65314629E-05
   117.250000      -2.15457039E-05
   117.750000      -1.46102584E-05
   118.250000      -1.11400605E-05
   118.750000      -1.22750043E-05
   119.250000      -1.54152840E-05
   119.750000      -1.83414850E-05
   120.250000      -2.08629990E-05
   120.750000      -2.35365205E-05
   121.250000      -2.40277623E-05
   121.750000      -1.96092406E-05
   122.250000      -1.21246085E-05
   122.750000      -7.96466884E-06
   123.250000      -9.82822894E-06
   123.750000      -1.64574612E-05
   124.250000      -2.27123219E-05
   124.750000      -2.40300051E-05
   125.250000      -2.14364300E-05
   125.750000      -1.77806978E-05
   126.250000      -1.48484523E-05
   126.750000      -1.18919334E-05
   127.250000      -9.40954942E-06
   127.750000      -9.78808748E-06
   128.250000      -1.48543777E-05
   128.750000      -2.20131824E-05
   129.250000      -2.60321794E-05
   129.750000      -2.36780434E-05
   130.250000      -1.58673956E-05
   130.750000      -9.11494226E-06
   131.250000      -7.06960191E-06
   131.750000      -9.76107094E-06
   132.250000      -1.42096369E-05
   132.750000      -1.80820807E-05
   133.250000      -1.96597139E-05
   133.750000      -2.15446344E-05
   134.250000      -2.16730714E-05
   134.750000      -1.79289127E-05
   135.250000      -1.11359432E-05
   135.750000      -5.20353569E-06
   136.250000      -4.56000089E-06
   136.750000      -1.06716316E-05
   137.250000      -1.96525725E-05
   137.750000      -2.45791180E-05
   138.250000      -2.34773379E-05
   138.750000      -1.80755123E-05
   139.250000      -1.25536699E-05
   139.750000      -9.19993818E-06
   140.250000      -8.21359754E-06
   140.750000      -7.95538472E-06
   141.250000      -9.39717756E-06
   141.750000      -1.34567617E-05
   142.250000      -1.96321816E-05
   142.750000      -2.44712119E-05
   143.250000      -2.38929879E-05
   143.750000      -1.69468749E-05
   144.250000      -7.48296588E-06
   144.750000      -2.08902588E-06
   145.250000      -3.35631421E-06
   145.750000      -9.55127416E-06
   146.250000      -1.68136503E-05
   146.750000      -2.07795001E-05
   147.250000      -2.10615053E-05
   147.750000      -1.91303443E-05
   148.250000      -1.64968988E-05
   148.750000      -1.30656081E-05
   149.250000      -8.52925950E-06
   149.750000      -3.84331588E-06
   150.250000      -2.59998615E-06
   150.750000      -6.86940120E-06
   151.250000      -1.56982369E-05
   151.750000      -2.38190059E-05
   152.250000      -2.65829894E-05
   152.750000      -2.16287517E-05
   153.250000      -1.23866066E-05
   153.750000      -4.71114254E-06
   154.250000      -1.55430189E-06
   154.750000      -3.91398544E-06
   155.250000      -8.30671343E-06
   155.750000      -1.28874926E-05
   156.250000      -1.65505971E-05
   156.750000      -1.90200426E-05
   157.250000      -2.09966547E-05
   157.750000      -2.05183660E-05
   158.250000      -1.63827699E-05
   158.750000      -8.22782840E-06
   159.250000      -2.99918355E-07
   159.750000       2.60764841E-06
   160.250000      -1.95982398E-06
   160.750000      -1.15241228E-05
   161.250000      -2.14650609E-05
   161.750000      -2.60776160E-05
   162.250000      -2.37059339E-05
   162.750000      -1.64795874E-05
   163.250000      -9.01546446E-06
   163.750000      -4.06009667E-06
   164.250000      -3.02363924E-06
   164.750000      -3.29058184E-06
   165.250000      -4.83495705E-06
   165.750000      -8.14820396E-06
   166.250000      -1.34004949E-05
   166.750000      -1.97258996E-05
   167.250000      -2.46543186E-05
   167.750000      -2.43998838E-05
   168.250000      -1.79739764E-05
   168.750000      -7.05934599E-06
   169.250000       2.52695054E-06
   169.750000       5.96168638E-06
   170.250000       1.78462085E-06
   170.750000      -8.06711796E-06
   171.250000      -1.80280222E-05
   171.750000      -2.34435211E-05
   172.250000      -2.35728803E-05
   172.750000      -1.93323067E-05
   173.250000      -1.40381289E-05
   173.750000      -9.23489733E-06
   174.250000      -5.64884522E-06
   174.750000      -1.86387706E-06
   175.250000       7.02152647E-07
   175.750000       5.01233387E-07
   176.250000      -3.85380235E-06
   176.750000      -1.26916993E-05
   177.250000      -2.21860410E-05
   177.750000      -2.82538786E-05
   178.250000      -2.73769092E-05
   178.750000      -1.82606691E-05
   179.250000      -6.22171228E-06
   179.750000       4.26367160E-06
   180.250000       8.08263485E-06
   180.750000       4.17989304E-06
   181.250000      -3.85271323E-06
   181.750000      -1.29663322E-05
   182.250000      -1.88841441E-05
   182.750000      -2.15150267E-05
   183.250000      -2.11994757E-05
   183.750000      -1.89925213E-05
   184.250000      -1.63760196E-05
   184.750000      -1.19148699E-05
   185.250000      -4.66150868E-06
   185.750000       2.29937245E-06
   186.250000       7.13170130E-06
   186.750000       6.79952200E-06
   187.250000      -1.16461058E-06
   187.750000      -1.31971055E-05
   188.250000      -2.52790542E-05
   188.750000      -3.15749421E-05
   189.250000      -2.94127858E-05
   189.750000      -1.99609040E-05
   190.250000      -7.32519038E-06
   190.750000       3.14592376E-06
   191.250000       8.19689558E-06
   191.750000       6.96617326E-06
   192.250000       1.37593656E-06
   192.750000      -5.47245600E-06
   193.250000      -1.18731559E-05
   193.750000      -1.64795820E-05
   194.250000      -2.03155214E-05
   194.750000      -2.31022223E-05
   195.250000      -2.38114226E-05
   195.750000      -2.08832262E-05
   196.250000      -1.36837471E-05
   196.750000      -2.77266781E-06
   197.250000       8.02535214E-06
   197.750000       1.40191842E-05
   198.250000       1.25464567E-05
   198.750000       3.15793591E-06
   199.250000      -1.15071862E-05
   199.750000      -2.49206241E-05
   200.250000      -3.27347479E-05
   200.750000      -3.22520027E-05
   201.250000      -2.43798677E-05
   201.750000      -1.31239758E-05
   202.250000      -2.22990070E-06
   202.750000       4.99885800E-06
   203.250000       7.58541046E-06
   203.750000       6.52129802E-06
   204.250000       3.70513612E-06
   204.750000      -3.96681656E-07
   205.250000      -5.72531962E-06
   205.750000      -1.24759190E-05
   206.250000      -2.08315250E-05
   206.750000      -2.77450708E-05
   207.250000      -3.13972087E-05
   207.750000      -2.84860962E-05
   208.250000      -1.87127207E-05
   208.750000      -3.77558172E-06
   209.250000       1.06569587E-05
   209.750000       1.98463422E-05
   210.250000       2.05563720E-05
   210.750000       1.16721612E-05
   211.250000      -2.51170150E-06
   211.750000      -1.81279411E-05
   212.250000      -2.91977685E-05
   212.750000      -3.37392776E-05
   213.250000      -3.09506868E-05
   213.750000      -2.37627410E-05
   214.250000      -1.46340308E-05
   214.750000      -6.07466427E-06
   215.250000       2.86905717E-08
   215.750000       5.66159088E-06
   216.250000       9.49377500E-06
   216.750000       1.20212308E-05
   217.250000       1.10206211E-05
   217.750000       6.15546651E-06
   218.250000      -3.77656352E-06
   218.750000      -1.69418436E-05
   219.250000      -3.04146579E-05
   219.750000      -3.92997099E-05
   220.250000      -4.02848709E-05
   220.750000      -3.22156338E-05
   221.250000      -1.64393041E-05
   221.750000       2.21494565E-06
   222.250000       1.77601414E-05
   222.750000       2.62018893E-05
   223.250000       2.52633672E-05
   223.750000       1.60208892E-05
   224.250000       1.95890470E-06
   224.750000      -1.20937884E-05
   225.250000      -2.35325715E-05
   225.750000      -2.95604223E-05
   226.250000      -3.17478261E-05
   226.750000      -2.99670373E-05
   227.250000      -2.62334524E-05
   227.750000      -2.09865339E-05
   228.250000      -1.36816789E-05
   228.750000      -4.23256006E-06
   229.250000       6.37386256E-06
   229.750000       1.73524277E-05
   230.250000       2.50303729E-05
   230.750000       2.61341102E-05
   231.250000       1.94560635E-05
   231.750000       4.75818615E-06
   232.250000      -1.45847371E-05
   232.750000      -3.36092126E-05
   233.250000      -4.71157873E-05
   233.750000      -5.09146339E-05
   234.250000      -4.47398961E-05
   234.750000      -2.93294288E-05
   235.250000      -9.68843869E-06
   235.750000       8.59267675E-06
   236.250000       2.17554589E-05
   236.750000       2.79637025E-05
   237.250000       2.65939161E-05
   237.750000       2.03719756E-05
   238.250000       1.09549765E-05
   238.750000       6.72244596E-07
   239.250000      -8.95715038E-06
   239.750000      -1.84790006E-05
   240.250000      -2.74053800E-05
   240.750000      -3.53325922E-05
   241.250000      -4.12057816E-05
   241.750000      -4.29092543E-05
   242.250000      -3.79392150E-05
   242.750000      -2.61095374E-05
   243.250000      -8.15847216E-06
   243.750000       1.24816615E-05
   244.250000       3.15643447E-05
   244.750000       4.38444258E-05
   245.250000       4.54949404E-05
   245.750000       3.64600601E-05
   246.250000       1.77541424E-05
   246.750000      -6.32424963E-06
   247.250000      -2.92056520E-05
   247.750000      -4.72007159E-05
   248.250000      -5.56127452E-05
   248.750000      -5.50737459E-05
   249.250000      -4.63673023E-05
   249.750000      -3.30104485E-05
   250.250000      -1.71616866E-05
   250.750000      -2.93181688E-06
   251.250000       9.49076002E-06
   251.750000       1.93709329E-05
   252.250000       2.66853604E-05
   252.750000       3.24366229E-05
   253.250000       3.48283611E-05
   253.750000       3.30080511E-05
   254.250000       2.54038532E-05
   254.750000       1.17530035E-05
   255.250000      -7.80311439E-06
   255.750000      -2.99177300E-05
   256.250000      -5.15343527E-05
   256.750000      -6.72184760E-05
   257.250000      -7.29783715E-05
   257.750000      -6.71685702E-05
   258.250000      -4.97798501E-05
   258.750000      -2.38442590E-05
   259.250000       5.04329773E-06
   259.750000       3.16649493E-05
   260.250000       5.12821061E-05
   260.750000       6.01559987E-05
   261.250000       5.87853538E-05
   261.750000       4.73680520E-05
   262.250000       2.99223557E-05
   262.750000       9.72449652E-06
   263.250000      -9.67110554E-06
   263.750000      -2.67080031E-05
   264.250000      -4.05340688E-05
   264.750000      -5.08608719E-05
   265.250000      -5.76968268E-05
   265.750000      -6.15774625E-05
   266.250000      -6.16721227E-05
   266.750000      -5.62602982E-05
   267.250000      -4.43965691E-05
   267.750000      -2.59100198E-05
   268.250000      -1.18527669E-06
   268.750000       2.61920250E-05
   269.250000       5.24429597E-05
   269.750000       7.31197506E-05
   270.250000       8.35574028E-05
   270.750000       8.08193072E-05
   271.250000       6.48524583E-05
   271.750000       3.74849224E-05
   272.250000       3.46952152E-06
   272.750000      -3.22011874E-05
   273.250000      -6.34404569E-05
   273.750000      -8.57113482E-05
   274.250000      -9.64884675E-05
   274.750000      -9.53640701E-05
   275.250000      -8.41662259E-05
   275.750000      -6.57194178E-05
   276.250000      -4.30127293E-05
   276.750000      -1.92854186E-05
   277.250000       3.67550660E-06
   277.750000       2.44623607E-05
   278.250000       4.29530373E-05
   278.750000       5.92733595E-05
   279.250000       7.23791454E-05
   279.750000       8.11000209E-05
   280.250000       8.40861758E-05
   280.750000       7.90422855E-05
   281.250000       6.45913169E-05
   281.750000       3.98564807E-05
   282.250000       6.89185345E-06
   282.750000      -3.15910729E-05
   283.250000      -7.10024469E-05
   283.750000      -1.05684448E-04
   284.250000      -1.30769462E-04
   284.750000      -1.41775803E-04
   285.250000      -1.36723786E-04
   285.750000      -1.15760478E-04
   286.250000      -8.26243631E-05
   286.750000      -4.09608001E-05
   287.250000       3.50814685E-06
   287.750000       4.50905063E-05
   288.250000       7.97900138E-05
   288.750000       1.04667968E-04
   289.250000       1.18480843E-04
   289.750000       1.22003003E-04
   290.250000       1.16340336E-04
   290.750000       1.03279366E-04
   291.250000       8.49079588E-05
   291.750000       6.18832564E-05
   292.250000       3.48245121E-05
   292.750000       3.77391689E-06
   293.250000      -3.05014419E-05
   293.750000      -6.70899099E-05
   294.250000      -1.03807717E-04
   294.750000      -1.37739451E-04
   295.250000      -1.64597441E-04
   295.750000      -1.81395240E-04
   296.250000      -1.83428929E-04
   296.750000      -1.68828250E-04
   297.250000      -1.38198884E-04
   297.750000      -9.21343672E-05
   298.250000      -3.57445497E-05
   298.750000       2.68961157E-05
   299.250000       8.75727419E-05
   299.750000       1.41313692E-04
   300.250000       1.82938893E-04
   300.750000       2.07689081E-04
   301.250000       2.15381937E-04
   301.750000       2.06304423E-04
   302.250000       1.82733362E-04
   302.750000       1.47434301E-04
   303.250000       1.04770355E-04
   303.750000       5.79442858E-05
   304.250000       9.05869911E-06
   304.750000      -3.91811627E-05
   305.250000      -8.59255670E-05
   305.750000      -1.30400367E-04
   306.250000      -1.71722626E-04
   306.750000      -2.08548605E-04
   307.250000      -2.39238943E-04
   307.750000      -2.60822417E-04
   308.250000      -2.70337943E-04
   308.750000      -2.65178329E-04
   309.250000      -2.42618247E-04
   309.750000      -2.02274678E-04
   310.250000      -1.44261285E-04
   310.750000      -7.20272801E-05
   311.250000       1.09457014E-05
   311.750000       9.82833662E-05
   312.250000       1.83119482E-04
   312.750000       2.59035383E-04
   313.250000       3.19971965E-04
   313.750000       3.61134735E-04
   314.250000       3.80625366E-04
   314.750000       3.76957265E-04
   315.250000       3.52339353E-04
   315.750000       3.09337309E-04
   316.250000       2.52065569E-04
   316.750000       1.83792319E-04
   317.250000       1.09578752E-04
   317.750000       3.21151929E-05
   318.250000      -4.65142220E-05
   318.750000      -1.23783684E-04
   319.250000      -1.99346759E-04
   319.750000      -2.71624885E-04
   320.250000      -3.39999824E-04
   320.750000      -4.02046222E-04
   321.250000      -4.55740490E-04
   321.750000      -4.97735688E-04
   322.250000      -5.24149742E-04
   322.750000      -5.31793281E-04
   323.250000      -5.17133449E-04
   323.750000      -4.78303235E-04
   324.250000      -4.14064416E-04
   324.750000      -3.25650093E-04
   325.250000      -2.16106928E-04
   325.750000      -9.00838786E-05
   326.250000       4.61652708E-05
   326.750000       1.86397418E-04
   327.250000       3.23343382E-04
   327.750000       4.50490974E-04
   328.250000       5.61726687E-04
   328.750000       6.53473660E-04
   329.250000       7.22808414E-04
   329.750000       7.68305792E-04
   330.250000       7.91279075E-04
   330.750000       7.91958533E-04
   331.250000       7.73024978E-04
   331.750000       7.36297283E-04
   332.250000       6.83060091E-04
   332.750000       6.14326273E-04
   333.250000       5.30682853E-04
   333.750000       4.32200264E-04
   334.250000       3.18634382E-04
   334.750000       1.89272789E-04
   335.250000       4.53016073E-05
   335.750000      -1.12840396E-04
   336.250000      -2.82950117E-04
   336.750000      -4.62106953E-04
   337.250000      -6.44829299E-04
   337.750000      -8.26173520E-04
   338.250000      -1.00102543E-03
   338.750000      -1.16236275E-03
   339.250000      -1.30607083E-03
   339.750000      -1.42665266E-03
   340.250000      -1.52048352E-03
   340.750000      -1.58646365E-03
   341.250000      -1.62344996E-03
   341.750000      -1.63235958E-03
   342.250000      -1.61488703E-03
   342.750000      -1.57385087E-03
   343.250000      -1.51225622E-03
   343.750000      -1.43323932E-03
   344.250000      -1.33897481E-03
   344.750000      -1.23156677E-03
   345.250000      -1.11131265E-03
   345.750000      -9.78119555E-04
   346.250000      -8.30915465E-04
   346.750000      -6.67115150E-04
   347.250000      -4.84282587E-04
   347.750000      -2.79946864E-04
   348.250000      -5.16694345E-05
   348.750000       2.02396332E-04
   349.250000       4.83457348E-04
   349.750000       7.90474238E-04
   350.250000       1.12213113E-03
   350.750000       1.47618016E-03
   351.250000       1.84814015E-03
   351.750000       2.23469292E-03
   352.250000       2.63125473E-03
   352.750000       3.03293555E-03
   353.250000       3.43666575E-03
   353.750000       3.84006929E-03
   354.250000       4.24091937E-03
   354.750000       4.63988353E-03
   355.250000       5.03806071E-03
   355.750000       5.43795293E-03
   356.250000       5.84325893E-03
   356.750000       6.25792379E-03
   357.250000       6.68616779E-03
   357.750000       7.13114906E-03
   358.250000       7.59630138E-03
   358.750000       8.08261707E-03
   359.250000       8.58995970E-03
   359.750000       9.11717303E-03
   360.250000       9.66017134E-03
   360.750000       1.02149723E-02
   361.250000       1.07765263E-02
   361.750000       1.13383019E-02
   362.250000       1.18951835E-02
   362.750000       1.24419527E-02
   363.250000       1.29748564E-02
   363.750000       1.34933330E-02
   364.250000       1.39960079E-02
   364.750000       1.44866705E-02
   365.250000       1.49686923E-02
   365.750000       1.54478597E-02
   366.250000       1.59319695E-02
   366.750000       1.64277125E-02
   367.250000       1.69414300E-02
   367.750000       1.74794812E-02
   368.250000       1.80455856E-02
   368.750000       1.86411627E-02
   369.250000       1.92647967E-02
   369.750000       1.99131127E-02
   370.250000       2.05790401E-02
   370.750000       2.12539472E-02
   371.250000       2.19282936E-02
   371.750000       2.25917604E-02
   372.250000       2.32334286E-02
   372.750000       2.38462575E-02
   373.250000       2.44242176E-02
   373.750000       2.49650646E-02
   374.250000       2.54712217E-02
   374.750000       2.59486511E-02
   375.250000       2.64062788E-02
   375.750000       2.68567353E-02
   376.250000       2.73153204E-02
   376.750000       2.77966298E-02
   377.250000       2.83150151E-02
   377.750000       2.88831200E-02
   378.250000       2.95081139E-02
   378.750000       3.01948246E-02
   379.250000       3.09398286E-02
   379.750000       3.17359604E-02
   380.250000       3.25687006E-02
   380.750000       3.34187970E-02
   381.250000       3.42640840E-02
   381.750000       3.50796469E-02
   382.250000       3.58417146E-02
   382.750000       3.65304537E-02
   383.250000       3.71299870E-02
   383.750000       3.76337357E-02
   384.250000       3.80432345E-02
   384.750000       3.83710526E-02
   385.250000       3.86384800E-02
   385.750000       3.88751850E-02
   386.250000       3.91166843E-02
   386.750000       3.94015685E-02
   387.250000       3.97686586E-02
   387.750000       4.02512811E-02
   388.250000       4.08770069E-02
   388.750000       4.16620448E-02
   389.250000       4.26093079E-02
   389.750000       4.37066928E-02
   390.250000       4.49270010E-02
   390.750000       4.62253541E-02
   391.250000       4.75449003E-02
   391.750000       4.88196276E-02
   392.250000       4.99785729E-02
   392.750000       5.09551577E-02
   393.250000       5.16935810E-02
   393.750000       5.21576367E-02
   394.250000       5.23354784E-02
   394.750000       5.22444397E-02
   395.250000       5.19307442E-02
   395.750000       5.14662042E-02
   396.250000       5.09427115E-02
   396.750000       5.04644960E-02
   397.250000       5.01405261E-02
   397.750000       5.00752702E-02
   398.250000       5.03602810E-02
   398.750000       5.10655604E-02
   399.250000       5.22354767E-02
   399.750000       5.38778342E-02
   400.250000       5.59599437E-02
   400.750000       5.84023185E-02
   401.250000       6.10773526E-02
   401.750000       6.38102889E-02
   402.250000       6.63929358E-02
   402.750000       6.86001480E-02
   403.250000       7.02180341E-02
   403.750000       7.10746199E-02
   404.250000       7.10702315E-02
   404.750000       7.01984689E-02
   405.250000       6.85488135E-02
   405.750000       6.62989616E-02
   406.250000       6.36909902E-02
   406.750000       6.10040165E-02
   407.250000       5.85231036E-02
   407.750000       5.65215349E-02
   408.250000       5.52424937E-02
   408.750000       5.48930615E-02
   409.250000       5.56361452E-02
   409.750000       5.75837605E-02
   410.250000       6.07818961E-02
   410.750000       6.51912019E-02
   411.250000       7.06550777E-02
   411.750000       7.68728182E-02
   412.250000       8.33778977E-02
   412.750000       8.95515159E-02
   413.250000       9.46781710E-02
   413.750000       9.80620682E-02
   414.250000       9.91690531E-02
   414.750000       9.77633819E-02
   415.250000       9.39723700E-02
   415.750000       8.82568210E-02
   416.250000       8.12980756E-02
   416.750000       7.38537088E-02
   417.250000       6.66355640E-02
   417.750000       6.02373332E-02
   418.250000       5.51168285E-02
   418.750000       5.16168326E-02
   419.250000       5.00025228E-02
   419.750000       5.04927412E-02
   420.250000       5.32856733E-02
   420.750000       5.85487746E-02
   421.250000       6.63795397E-02
   421.750000       7.67146125E-02
   422.250000       8.91976729E-02
   422.750000      0.103016071    
   423.250000      0.116791517    
   423.750000      0.128637835    
   424.250000      0.136500672    
   424.750000      0.138756886    
   425.250000      0.134817332    
   425.750000      0.125367984    
   426.250000      0.112087019    
   426.750000       9.70285907E-02
   427.250000       8.20414871E-02
   427.750000       6.84554651E-02
   428.250000       5.70559092E-02
   428.750000       4.82102372E-02
   429.250000       4.20477241E-02
   429.750000       3.86109166E-02
   430.250000       3.79668809E-02
   430.750000       4.02768366E-02
   431.250000       4.58261184E-02
   431.750000       5.50061874E-02
   432.250000       6.82300031E-02
   432.750000       8.57302919E-02
   433.250000      0.107202731    
   433.750000      0.131299347    
   434.250000      0.155172646    
   434.750000      0.174548760    
   435.250000      0.184848770    
   435.750000      0.183185712    
   436.250000      0.169926584    
   436.750000      0.148479030    
   437.250000      0.123489685    
   437.750000       9.89581943E-02
   438.250000       7.73609206E-02
   438.750000       5.97440265E-02
   439.250000       4.62268107E-02
   439.750000       3.64912339E-02
   440.250000       3.01144179E-02
   440.750000       2.67610885E-02
   441.250000       2.62798276E-02
   441.750000       2.87590493E-02
   442.250000       3.45550403E-02
   442.750000       4.43032347E-02
   443.250000       5.88789135E-02
   443.750000       7.92426392E-02
   444.250000      0.106042840    
   444.750000      0.138815641    
   445.250000      0.174788401    
   445.750000      0.207930550    
   446.250000      0.229800954    
   446.750000      0.233271226    
   447.250000      0.217049435    
   447.750000      0.186596960    
   448.250000      0.150430486    
   448.750000      0.115662016    
   449.250000       8.61403123E-02
   449.750000       6.29684255E-02
   450.250000       4.57356535E-02
   450.750000       3.34787481E-02
   451.250000       2.52084490E-02
   451.750000       2.01358572E-02
   452.250000       1.77476220E-02
   452.750000       1.78291947E-02
   453.250000       2.04762351E-02
   453.750000       2.61194408E-02
   454.250000       3.55662778E-02
   454.750000       5.00306226E-02
   455.250000       7.10966513E-02
   455.750000      0.100451052    
   456.250000      0.139078900    
   456.750000      0.185542122    
   457.250000      0.233554095    
   457.750000      0.271060348    
   458.250000      0.284632742    
   458.750000      0.268530995    
   459.250000      0.229454547    
   459.750000      0.181034863    
   460.250000      0.134904921    
   460.750000       9.68445763E-02
   461.250000       6.79736286E-02
   461.750000       4.71650250E-02
   462.250000       3.26800682E-02
   462.750000       2.29057372E-02
   463.250000       1.65913235E-02
   463.750000       1.28711266E-02
   464.250000       1.12270350E-02
   464.750000       1.14510395E-02
   465.250000       1.36336647E-02
   465.750000       1.81874074E-02
   466.250000       2.59085000E-02
   466.750000       3.80739346E-02
   467.250000       5.65401465E-02
   467.750000       8.37475210E-02
   468.250000      0.122344047    
   468.750000      0.173802659    
   469.250000      0.235221684    
   469.750000      0.295021176    
   470.250000      0.333065748    
   470.750000      0.332020789    
   471.250000      0.292393982    
   471.750000      0.232043937    
   472.250000      0.170854226    
   472.750000      0.119913772    
   473.250000       8.18018019E-02
   473.750000       5.49158379E-02
   474.250000       3.65744419E-02
   474.750000       2.43279710E-02
   475.250000       1.63012035E-02
   475.750000       1.11747244E-02
   476.250000       8.07445962E-03
   476.750000       6.46545878E-03
   477.250000       6.07783347E-03
   477.750000       6.86817430E-03
   478.250000       9.01873223E-03
   478.750000       1.29768224E-02
   479.250000       1.95380431E-02
   479.750000       2.99843699E-02
   480.250000       4.62714061E-02
   480.750000       7.12219775E-02
   481.250000      0.108532168    
   481.750000      0.161980763    
   482.250000      0.232454047    
   482.750000      0.311484635    
   483.250000      0.375462711    
   483.750000      0.394372076    
   484.250000      0.357533514    
   484.750000      0.284986198    
   485.250000      0.206965402    
   485.750000      0.141890481    
   486.250000       9.41833183E-02
   486.750000       6.14301153E-02
   487.250000       3.96834202E-02
   487.750000       2.54959594E-02
   488.250000       1.63287111E-02
   488.750000       1.04376767E-02
   489.250000       6.66422863E-03
   489.750000       4.25189827E-03
   490.250000       2.71156942E-03
   490.750000       1.72876799E-03
   491.250000       1.10198709E-03
   491.750000       7.02374615E-04
   492.250000       4.47643484E-04
   492.750000       2.85284535E-04
   493.250000       1.81808515E-04
   493.750000       1.15863048E-04
   494.250000       7.38369199E-05
   494.750000       4.70545856E-05
   495.250000       2.99868807E-05
   495.750000       1.91100862E-05
   496.250000       1.21785797E-05
   496.750000       7.76128218E-06
   497.250000       4.94622100E-06
   497.750000       3.15222360E-06
   498.250000       2.00892782E-06
   498.750000       1.28031115E-06
   499.250000       8.15963460E-07
   499.750000       5.20032245E-07
   500.250000       3.31431636E-07
   500.750000       2.11233257E-07
   501.250000       1.34628053E-07
   501.750000       8.58052118E-08
   502.250000       5.46886376E-08
   502.750000       3.48566829E-08
   503.250000       2.22167671E-08
   503.750000       1.41606025E-08
   504.250000       9.02587338E-09
   504.750000       5.75312065E-09
   505.250000       3.66712172E-09
   505.750000       2.33751818E-09
   506.250000       1.49002399E-09
   506.750000       9.49819223E-10
   507.250000       6.05478334E-10
   507.750000       3.85982302E-10
   508.250000       2.46064169E-10
   508.750000       1.56871044E-10
   509.250000       1.00011999E-10
   509.750000       6.37643688E-11
   510.250000       4.06558086E-11
   510.750000       2.59231681E-11
   511.250000       1.65301627E-11
   511.750000       1.05412675E-11
   512.250000       6.72262506E-12
   512.750000       4.28765183E-12
   513.250000       2.73488740E-12
   513.750000       1.74463471E-12
   514.250000       1.11306667E-12
   514.750000       7.10227125E-13
   515.250000       4.53253889E-13
   515.750000       2.89310568E-13
   516.250000       1.84704519E-13
   516.750000       1.17949135E-13
   517.250000       7.53411277E-14
   517.750000       4.81401960E-14
   518.250000       3.07710908E-14
   518.750000       1.96771276E-14
   519.250000       1.25890136E-14
   519.750000       8.05869518E-15
   520.250000       5.16198565E-15
   520.750000       3.30893971E-15
   521.250000       2.12288966E-15
   521.750000       1.36327899E-15
   522.250000       8.76434202E-16
   522.750000       5.64152848E-16
   523.250000       3.63655146E-16
   523.750000       2.34789221E-16
   524.250000       1.51862102E-16
   524.750000       9.84234153E-17
   525.250000       6.39332660E-17
   525.750000       4.16334759E-17
   526.250000       2.71868310E-17
   526.750000       1.78070099E-17
   527.250000       1.17019388E-17
   527.750000       7.71748593E-18
   528.250000       5.10926221E-18
   528.750000       3.39633949E-18
   529.250000       2.26741125E-18
   529.750000       1.52054212E-18
   530.250000       1.02442824E-18
   530.750000       6.93467280E-19
   531.250000       4.71690800E-19
   531.750000       3.22387905E-19
   532.250000       2.21396132E-19
   532.750000       1.52752885E-19
   533.250000       1.05870297E-19
   533.750000       7.36958084E-20
   534.250000       5.15108438E-20
   534.750000       3.61436504E-20
   535.250000       2.54521455E-20
   535.750000       1.79825398E-20
   536.250000       1.27433813E-20
   536.750000       9.05519625E-21
   537.250000       6.45008542E-21
   537.750000       4.60433084E-21
   538.250000       3.29295432E-21
   538.750000       2.35892685E-21
   539.250000       1.69219969E-21
   539.750000       1.21535622E-21
   540.250000       8.73744863E-22
   540.750000       6.28661355E-22
   541.250000       4.52615621E-22
   541.750000       3.26031340E-22
   542.250000       2.34935828E-22
   542.750000       1.69335695E-22
   543.250000       1.22070861E-22
   543.750000       8.80034167E-23
   544.250000       6.34418538E-23
   544.750000       4.57308851E-23
   545.250000       3.29589494E-23
   545.750000       2.37488721E-23
   546.250000       1.71079160E-23
   546.750000       1.23201914E-23
   547.250000       8.86926098E-24
   547.750000       6.38253159E-24
   548.250000       4.59115548E-24
   548.750000       3.30113558E-24
   549.250000       2.37250943E-24
   549.750000       1.70430500E-24
   550.250000       1.22369957E-24
   550.750000       8.78181062E-25
   551.250000       6.29897544E-25
   551.750000       4.51572923E-25
   552.250000       3.23559386E-25
   552.750000       2.31710166E-25
   553.250000       1.65843350E-25
   553.750000       1.18634437E-25
   554.250000       8.48166729E-26
   554.750000       6.06048800E-26
   555.250000       4.32801171E-26
   555.750000       3.08903540E-26
   556.250000       2.20348357E-26
   556.750000       1.57090001E-26
   557.250000       1.11927961E-26
   557.750000       7.97039020E-27
   558.250000       5.67245764E-27
   558.750000       4.03472039E-27
   559.250000       2.86817807E-27
   559.750000       2.03774289E-27
   560.250000       1.44691602E-27
   560.750000       1.02680570E-27
   561.250000       7.28256271E-28
   561.750000       5.16216296E-28
   562.250000       3.65705111E-28
   562.750000       2.58930159E-28
   563.250000       1.83225921E-28
   563.750000       1.29581935E-28
   564.250000       9.15915828E-29
   564.750000       6.47024832E-29
   565.250000       4.56815657E-29
   565.750000       3.22341631E-29
   566.250000       2.27325245E-29
   566.750000       1.60226899E-29
   567.250000       1.12870464E-29
   567.750000       7.94662619E-30
   568.250000       5.59169610E-30
   568.750000       3.93245103E-30
   569.250000       2.76402958E-30
   569.750000       1.94170075E-30
   570.250000       1.36327233E-30
   570.750000       9.56631221E-31
   571.250000       6.70916739E-31
   571.750000       4.70278802E-31
   572.250000       3.29462337E-31
   572.750000       2.30685453E-31
   573.250000       1.61435623E-31
   573.750000       1.12913003E-31
   574.250000       7.89322827E-32
   574.750000       5.51482940E-32
   575.250000       3.85102940E-32
   575.750000       2.68775431E-32
   576.250000       1.87486970E-32
   576.750000       1.30713943E-32
   577.250000       9.10841055E-33
   577.750000       6.34357437E-33
   578.250000       4.41566996E-33
   578.750000       3.07207147E-33
   579.250000       2.13618254E-33
   579.750000       1.48463146E-33
   580.250000       1.03127093E-33
   580.750000       7.15980660E-34
   581.250000       4.96826728E-34
   581.750000       3.44575368E-34
   582.250000       2.38858064E-34
   582.750000       1.65490296E-34
   583.250000       1.14599495E-34
   583.750000       7.93178646E-35
   584.250000       5.48704233E-35
   584.750000       3.79389137E-35
   585.250000       2.62187242E-35
   585.750000       1.81100158E-35
   586.250000       1.25028030E-35
   586.750000       8.62735654E-36
   587.250000       5.95018645E-36
   587.750000       4.10172338E-36
   588.250000       2.82608960E-36
   588.750000       1.94620958E-36
   589.250000       1.33960932E-36
   589.750000       9.21620592E-37
   590.250000       6.33741423E-37
   590.750000       4.35570646E-37
   591.250000       2.99221122E-37
   591.750000       2.05453538E-37
   592.250000       1.41001364E-37
   592.750000       9.67212298E-38
   593.250000       6.63147122E-38
   593.750000       4.54451770E-38
   594.250000       3.11283684E-38
   594.750000       2.13115846E-38
   595.250000       1.45836915E-38
   595.750000       9.97494694E-39
   596.250000       6.81941057E-39
   596.750000       4.65989893E-39
   597.250000       3.18272716E-39
   597.750000       2.17278053E-39
   598.250000       1.48262702E-39
   598.750000       1.01119379E-39
   599.250000       6.89346359E-40
   599.750000       4.69718048E-40
   600.250000       3.19919242E-40
   600.750000       2.17784202E-40
   601.250000       1.48197122E-40
   601.750000       1.00785589E-40
   602.250000       6.85122845E-41
   602.750000       4.65595428E-41
   603.250000       3.16146947E-41
   603.750000       2.14524782E-41
   604.250000       1.45707014E-41
   604.750000       9.87495028E-42
   605.250000       6.69260147E-42
   605.750000       4.53600313E-42
   606.250000       3.06604104E-42
   606.750000       2.08092822E-42
   607.250000       1.40690366E-42
   607.750000       9.51481657E-43
   608.250000       6.37590801E-43
   608.750000       4.35803822E-43
   609.250000       2.85864887E-43
   609.750000       1.87773994E-43
   610.250000       1.28919459E-43
   610.750000       8.40779079E-44
   611.250000       5.32493416E-44
   611.750000       3.36311631E-44
   612.250000       2.38220739E-44
   612.750000       1.26116862E-44
   613.250000       8.40779079E-45
   613.750000       2.80259693E-45
   614.250000       0.00000000    
   614.750000       0.00000000    
   615.250000       0.00000000    
   615.750000       0.00000000    
   616.250000       0.00000000    
   616.750000       0.00000000    
   617.250000       0.00000000    
   617.750000       0.00000000    
   618.250000       0.00000000    
   618.750000       0.00000000    
   619.250000       0.00000000    
   619.750000       0.00000000    
   620.250000       0.00000000    
   620.750000       0.00000000    
   621.250000       0.00000000    
   621.750000       0.00000000    
   622.250000       0.00000000    
   622.750000       0.00000000    
   623.250000       0.00000000    
   623.750000       0.00000000    
   624.250000       0.00000000    
   624.750000       0.00000000    
   625.250000       0.00000000    
   625.750000       0.00000000    
   626.250000       0.00000000    
   626.750000       0.00000000    
   627.250000       0.00000000    
   627.750000       0.00000000    
   628.250000       0.00000000    
   628.750000       0.00000000    
   629.250000       0.00000000    
   629.750000       0.00000000    
   630.250000       0.00000000    
   630.750000       0.00000000    
   631.250000       0.00000000    
   631.750000       0.00000000    
   632.250000       0.00000000    
   632.750000       0.00000000    
   633.250000       0.00000000    
   633.750000       0.00000000    
   634.250000       0.00000000    
   634.750000       0.00000000    
   635.250000       0.00000000    
   635.750000       0.00000000    
   636.250000       0.00000000    
   636.750000       0.00000000    
   637.250000       0.00000000    
   637.750000       0.00000000    
   638.250000       0.00000000    
   638.750000       0.00000000    
   639.250000       0.00000000    
   639.750000       0.00000000    
   640.250000       0.00000000    
   640.750000       0.00000000    
   641.250000       0.00000000    
   641.750000       0.00000000    
   642.250000       0.00000000    
   642.750000       0.00000000    
   643.250000       0.00000000    
   643.750000       0.00000000    
   644.250000       0.00000000    
   644.750000       0.00000000    
   645.250000       0.00000000    
   645.750000       0.00000000    
   646.250000       0.00000000    
   646.750000       0.00000000    
   647.250000       0.00000000    
   647.750000       0.00000000    
   648.250000       0.00000000    
   648.750000       0.00000000    
   649.250000       0.00000000    
   649.750000       0.00000000    
   650.250000       0.00000000    
   650.750000       0.00000000    
   651.250000       0.00000000    
   651.750000       0.00000000    
   652.250000       0.00000000    
   652.750000       0.00000000    
   653.250000       0.00000000    
   653.750000       0.00000000    
   654.250000       0.00000000    
   654.750000       0.00000000    
   655.250000       0.00000000    
   655.750000       0.00000000    
   656.250000       0.00000000    
   656.750000       0.00000000    
   657.250000       0.00000000    
   657.750000       0.00000000    
   658.250000       0.00000000    
   658.750000       0.00000000    
   659.250000       0.00000000    
   659.750000       0.00000000    
   660.250000       0.00000000    
   660.750000       0.00000000    
   661.250000       0.00000000    
   661.750000       0.00000000    
   662.250000       0.00000000    
   662.750000       0.00000000    
   663.250000       0.00000000    
   663.750000       0.00000000    
   664.250000       0.00000000    
   664.750000       0.00000000    
   665.250000       0.00000000    
   665.750000       0.00000000    
   666.250000       0.00000000    
   666.750000       0.00000000    
   667.250000       0.00000000    
   667.750000       0.00000000    
   668.250000       0.00000000    
   668.750000       0.00000000    
   669.250000       0.00000000    
   669.750000       0.00000000    
   670.250000       0.00000000    
   670.750000       0.00000000    
   671.250000       0.00000000    
   671.750000       0.00000000    
   672.250000       0.00000000    
   672.750000       0.00000000    
   673.250000       0.00000000    
   673.750000       0.00000000    
   674.250000       0.00000000    
   674.750000       0.00000000    
   675.250000       0.00000000    
   675.750000       0.00000000    
   676.250000       0.00000000    
   676.750000       0.00000000    
   677.250000       0.00000000    
   677.750000       0.00000000    
   678.250000       0.00000000    
   678.750000       0.00000000    
   679.250000       0.00000000    
   679.750000       0.00000000    
   680.250000       0.00000000    
   680.750000       0.00000000    
   681.250000       0.00000000    
   681.750000       0.00000000    
   682.250000       0.00000000    
   682.750000       0.00000000    
   683.250000       0.00000000    
   683.750000       0.00000000    
   684.250000       0.00000000    
   684.750000       0.00000000    
   685.250000       0.00000000    
   685.750000       0.00000000    
   686.250000       0.00000000    
   686.750000       0.00000000    
   687.250000       0.00000000    
   687.750000       0.00000000    
   688.250000       0.00000000    
   688.750000       0.00000000    
   689.250000       0.00000000    
   689.750000       0.00000000    
   690.250000       0.00000000    
   690.750000       0.00000000    
   691.250000       0.00000000    
   691.750000       0.00000000    
   692.250000       0.00000000    
   692.750000       0.00000000    
   693.250000       0.00000000    
   693.750000       0.00000000    
   694.250000       0.00000000    
   694.750000       0.00000000    
   695.250000       0.00000000    
   695.750000       0.00000000    
   696.250000       0.00000000    
   696.750000       0.00000000    
   697.250000       0.00000000    
   697.750000       0.00000000    
   698.250000       0.00000000    
   698.750000       0.00000000    
   699.250000       0.00000000    
   699.750000       0.00000000    
   700.250000       0.00000000    
   700.750000       0.00000000    
   701.250000       0.00000000    
   701.750000       0.00000000    
   702.250000       0.00000000    
   702.750000       0.00000000    
   703.250000       0.00000000    
   703.750000       0.00000000    
   704.250000       0.00000000    
   704.750000       0.00000000    
   705.250000       0.00000000    
   705.750000       0.00000000    
   706.250000       0.00000000    
   706.750000       0.00000000    
   707.250000       0.00000000    
   707.750000       0.00000000    
   708.250000       0.00000000    
   708.750000       0.00000000    
   709.250000       0.00000000    
   709.750000       0.00000000    
   710.250000       0.00000000    
   710.750000       0.00000000    
   711.250000       0.00000000    
   711.750000       0.00000000    
   712.250000       0.00000000    
   712.750000       0.00000000    
   713.250000       0.00000000    
   713.750000       0.00000000    
   714.250000       0.00000000    
   714.750000       0.00000000    
   715.250000       0.00000000    
   715.750000       0.00000000    
   716.250000       0.00000000    
   716.750000       0.00000000    
   717.250000       0.00000000    
   717.750000       0.00000000    
   718.250000       0.00000000    
   718.750000       0.00000000    
   719.250000       0.00000000    
   719.750000       0.00000000    
   720.250000       0.00000000    
   720.750000       0.00000000    
   721.250000       0.00000000    
   721.750000       0.00000000    
   722.250000       0.00000000    
   722.750000       0.00000000    
   723.250000       0.00000000    
   723.750000       0.00000000    
   724.250000       0.00000000    
   724.750000       0.00000000    
   725.250000       0.00000000    
   725.750000       0.00000000    
   726.250000       0.00000000    
   726.750000       0.00000000    
   727.250000       0.00000000    
   727.750000       0.00000000    
   728.250000       0.00000000    
   728.750000       0.00000000    
   729.250000       0.00000000    
   729.750000       0.00000000    
   730.250000       0.00000000    
   730.750000       0.00000000    
   731.250000       0.00000000    
   731.750000       0.00000000    
   732.250000       0.00000000    
   732.750000       0.00000000    
   733.250000       0.00000000    
   733.750000       0.00000000    
   734.250000       0.00000000    
   734.750000       0.00000000    
   735.250000       0.00000000    
   735.750000       0.00000000    
   736.250000       0.00000000    
   736.750000       0.00000000    
   737.250000       0.00000000    
   737.750000       0.00000000    
   738.250000       0.00000000    
   738.750000       0.00000000    
   739.250000       0.00000000    
   739.750000       0.00000000    
   740.250000       0.00000000    
   740.750000       0.00000000    
   741.250000       0.00000000    
   741.750000       0.00000000    
   742.250000       0.00000000    
   742.750000       0.00000000    
   743.250000       0.00000000    
   743.750000       0.00000000    
   744.250000       0.00000000    
   744.750000       0.00000000    
   745.250000       0.00000000    
   745.750000       0.00000000    
   746.250000       0.00000000    
   746.750000       0.00000000    
   747.250000       0.00000000    
   747.750000       0.00000000    
   748.250000       0.00000000    
   748.750000       0.00000000    
   749.250000       0.00000000    
   749.750000       0.00000000    
   750.250000       0.00000000    
   750.750000       0.00000000    
   751.250000       0.00000000    
   751.750000       0.00000000    
   752.250000       0.00000000    
   752.750000       0.00000000    
   753.250000       0.00000000    
   753.750000       0.00000000    
   754.250000       0.00000000    
   754.750000       0.00000000    
   755.250000       0.00000000    
   755.750000       0.00000000    
   756.250000       0.00000000    
   756.750000       0.00000000    
   757.250000       0.00000000    
   757.750000       0.00000000    
   758.250000       0.00000000    
   758.750000       0.00000000    
   759.250000       0.00000000    
   759.750000       0.00000000    
   760.250000       0.00000000    
   760.750000       0.00000000    
   761.250000       0.00000000    
   761.750000       0.00000000    
   762.250000       0.00000000    
   762.750000       0.00000000    
   763.250000       0.00000000    
   763.750000       0.00000000    
   764.250000       0.00000000    
   764.750000       0.00000000    
   765.250000       0.00000000    
   765.750000       0.00000000    
   766.250000       0.00000000    
   766.750000       0.00000000    
   767.250000       0.00000000    
   767.750000       0.00000000    
   768.250000       0.00000000    
   768.750000       0.00000000    
   769.250000       0.00000000    
   769.750000       0.00000000    
   770.250000       0.00000000    
   770.750000       0.00000000    
   771.250000       0.00000000    
   771.750000       0.00000000    
   772.250000       0.00000000    
   772.750000       0.00000000    
   773.250000       0.00000000    
   773.750000       0.00000000    
   774.250000       0.00000000    
   774.750000       0.00000000    
   775.250000       0.00000000    
   775.750000       0.00000000    
   776.250000       0.00000000    
   776.750000       0.00000000    
   777.250000       0.00000000    
   777.750000       0.00000000    
   778.250000       0.00000000    
   778.750000       0.00000000    
   779.250000       0.00000000    
   779.750000       0.00000000    
   780.250000       0.00000000    
   780.750000       0.00000000    
   781.250000       0.00000000    
   781.750000       0.00000000    
   782.250000       0.00000000    
   782.750000       0.00000000    
   783.250000       0.00000000    
   783.750000       0.00000000    
   784.250000       0.00000000    
   784.750000       0.00000000    
   785.250000       0.00000000    
   785.750000       0.00000000    
   786.250000       0.00000000    
   786.750000       0.00000000    
   787.250000       0.00000000    
   787.750000       0.00000000    
   788.250000       0.00000000    
   788.750000       0.00000000    
   789.250000       0.00000000    
   789.750000       0.00000000    
   790.250000       0.00000000    
   790.750000       0.00000000    
   791.250000       0.00000000    
   791.750000       0.00000000    
   792.250000       0.00000000    
   792.750000       0.00000000    
   793.250000       0.00000000    
   793.750000       0.00000000    
   794.250000       0.00000000    
   794.750000       0.00000000    
   795.250000       0.00000000    
   795.750000       0.00000000    
   796.250000       0.00000000    
   796.750000       0.00000000    
   797.250000       0.00000000    
   797.750000       0.00000000    
   798.250000       0.00000000    
   798.750000       0.00000000    
   799.250000       0.00000000    
   799.750000       0.00000000    
   800.250000       0.00000000    
   800.750000       0.00000000    
   801.250000       0.00000000    
   801.750000       0.00000000    
   802.250000       0.00000000    
   802.750000       0.00000000    
   803.250000       0.00000000    
   803.750000       0.00000000    
   804.250000       0.00000000    
   804.750000       0.00000000    
   805.250000       0.00000000    
   805.750000       0.00000000    
   806.250000       0.00000000    
   806.750000       0.00000000    
   807.250000       0.00000000    
   807.750000       0.00000000    
   808.250000       0.00000000    
   808.750000       0.00000000    
   809.250000       0.00000000    
   809.750000       0.00000000    
   810.250000       0.00000000    
   810.750000       0.00000000    
   811.250000       0.00000000    
   811.750000       0.00000000    
   812.250000       0.00000000    
   812.750000       0.00000000    
   813.250000       0.00000000    
   813.750000       0.00000000    
   814.250000       0.00000000    
   814.750000       0.00000000    
   815.250000       0.00000000    
   815.750000       0.00000000    
   816.250000       0.00000000    
   816.750000       0.00000000    
   817.250000       0.00000000    
   817.750000       0.00000000    
   818.250000       0.00000000    
   818.750000       0.00000000    
   819.250000       0.00000000    
   819.750000       0.00000000    
   820.250000       0.00000000    
   820.750000       0.00000000    
   821.250000       0.00000000    
   821.750000       0.00000000    
   822.250000       0.00000000    
   822.750000       0.00000000    
   823.250000       0.00000000    
   823.750000       0.00000000    
   824.250000       0.00000000    
   824.750000       0.00000000    
   825.250000       0.00000000    
   825.750000       0.00000000    
   826.250000       0.00000000    
   826.750000       0.00000000    
   827.250000       0.00000000    
   827.750000       0.00000000    
   828.250000       0.00000000    
   828.750000       0.00000000    
   829.250000       0.00000000    
   829.750000       0.00000000    
   830.250000       0.00000000    
   830.750000       0.00000000    
   831.250000       0.00000000    
   831.750000       0.00000000    
   832.250000       0.00000000    
   832.750000       0.00000000    
   833.250000       0.00000000    
   833.750000       0.00000000    
   834.250000       0.00000000    
   834.750000       0.00000000    
   835.250000       0.00000000    
   835.750000       0.00000000    
   836.250000       0.00000000    
   836.750000       0.00000000    
   837.250000       0.00000000    
   837.750000       0.00000000    
   838.250000       0.00000000    
   838.750000       0.00000000    
   839.250000       0.00000000    
   839.750000       0.00000000    
   840.250000       0.00000000    
   840.750000       0.00000000    
   841.250000       0.00000000    
   841.750000       0.00000000    
   842.250000       0.00000000    
   842.750000       0.00000000    
   843.250000       0.00000000    
   843.750000       0.00000000    
   844.250000       0.00000000    
   844.750000       0.00000000    
   845.250000       0.00000000    
   845.750000       0.00000000    
   846.250000       0.00000000    
   846.750000       0.00000000    
   847.250000       0.00000000    
   847.750000       0.00000000    
   848.250000       0.00000000    
   848.750000       0.00000000    
   849.250000       0.00000000    
   849.750000       0.00000000    
   850.250000       0.00000000    
   850.750000       0.00000000    
   851.250000       0.00000000    
   851.750000       0.00000000    
   852.250000       0.00000000    
   852.750000       0.00000000    
   853.250000       0.00000000    
   853.750000       0.00000000    
   854.250000       0.00000000    
   854.750000       0.00000000    
   855.250000       0.00000000    
   855.750000       0.00000000    
   856.250000       0.00000000    
   856.750000       0.00000000    
   857.250000       0.00000000    
   857.750000       0.00000000    
   858.250000       0.00000000    
   858.750000       0.00000000    
   859.250000       0.00000000    
   859.750000       0.00000000    
   860.250000       0.00000000    
   860.750000       0.00000000    
   861.250000       0.00000000    
   861.750000       0.00000000    
   862.250000       0.00000000    
   862.750000       0.00000000    
   863.250000       0.00000000    
   863.750000       0.00000000    
   864.250000       0.00000000    
   864.750000       0.00000000    
   865.250000       0.00000000    
   865.750000       0.00000000    
   866.250000       0.00000000    
   866.750000       0.00000000    
   867.250000       0.00000000    
   867.750000       0.00000000    
   868.250000       0.00000000    
   868.750000       0.00000000    
   869.250000       0.00000000    
   869.750000       0.00000000    
   870.250000       0.00000000    
   870.750000       0.00000000    
   871.250000       0.00000000    
   871.750000       0.00000000    
   872.250000       0.00000000    
   872.750000       0.00000000    
   873.250000       0.00000000    
   873.750000       0.00000000    
   874.250000       0.00000000    
   874.750000       0.00000000    
   875.250000       0.00000000    
   875.750000       0.00000000    
   876.250000       0.00000000    
   876.750000       0.00000000    
   877.250000       0.00000000    
   877.750000       0.00000000    
   878.250000       0.00000000    
   878.750000       0.00000000    
   879.250000       0.00000000    
   879.750000       0.00000000    
   880.250000       0.00000000    
   880.750000       0.00000000    
   881.250000       0.00000000    
   881.750000       0.00000000    
   882.250000       0.00000000    
   882.750000       0.00000000    
   883.250000       0.00000000    
   883.750000       0.00000000    
   884.250000       0.00000000    
   884.750000       0.00000000    
   885.250000       0.00000000    
   885.750000       0.00000000    
   886.250000       0.00000000    
   886.750000       0.00000000    
   887.250000       0.00000000    
   887.750000       0.00000000    
   888.250000       0.00000000    
   888.750000       0.00000000    
   889.250000       0.00000000    
   889.750000       0.00000000    
   890.250000       0.00000000    
   890.750000       0.00000000    
   891.250000       0.00000000    
   891.750000       0.00000000    
   892.250000       0.00000000    
   892.750000       0.00000000    
   893.250000       0.00000000    
   893.750000       0.00000000    
   894.250000       0.00000000    
   894.750000       0.00000000    
   895.250000       0.00000000    
   895.750000       0.00000000    
   896.250000       0.00000000    
   896.750000       0.00000000    
   897.250000       0.00000000    
   897.750000       0.00000000    
   898.250000       0.00000000    
   898.750000       0.00000000    
   899.250000       0.00000000    
   899.750000       0.00000000    
   900.250000       0.00000000    
   900.750000       0.00000000    
   901.250000       0.00000000    
   901.750000       0.00000000    
   902.250000       0.00000000    
   902.750000       0.00000000    
   903.250000       0.00000000    
   903.750000       0.00000000    
   904.250000       0.00000000    
   904.750000       0.00000000    
   905.250000       0.00000000    
   905.750000       0.00000000    
   906.250000       0.00000000    
   906.750000       0.00000000    
   907.250000       0.00000000    
   907.750000       0.00000000    
   908.250000       0.00000000    
   908.750000       0.00000000    
   909.250000       0.00000000    
   909.750000       0.00000000    
   910.250000       0.00000000    
   910.750000       0.00000000    
   911.250000       0.00000000    
   911.750000       0.00000000    
   912.250000       0.00000000    
   912.750000       0.00000000    
   913.250000       0.00000000    
   913.750000       0.00000000    
   914.250000       0.00000000    
   914.750000       0.00000000    
   915.250000       0.00000000    
   915.750000       0.00000000    
   916.250000       0.00000000    
   916.750000       0.00000000    
   917.250000       0.00000000    
   917.750000       0.00000000    
   918.250000       0.00000000    
   918.750000       0.00000000    
   919.250000       0.00000000    
   919.750000       0.00000000    
   920.250000       0.00000000    
   920.750000       0.00000000    
   921.250000       0.00000000    
   921.750000       0.00000000    
   922.250000       0.00000000    
   922.750000       0.00000000    
   923.250000       0.00000000    
   923.750000       0.00000000    
   924.250000       0.00000000    
   924.750000       0.00000000    
   925.250000       0.00000000    
   925.750000       0.00000000    
   926.250000       0.00000000    
   926.750000       0.00000000    
   927.250000       0.00000000    
   927.750000       0.00000000    
   928.250000       0.00000000    
   928.750000       0.00000000    
   929.250000       0.00000000    
   929.750000       0.00000000    
   930.250000       0.00000000    
   930.750000       0.00000000    
   931.250000       0.00000000    
   931.750000       0.00000000    
   932.250000       0.00000000    
   932.750000       0.00000000    
   933.250000       0.00000000    
   933.750000       0.00000000    
   934.250000       0.00000000    
   934.750000       0.00000000    
   935.250000       0.00000000    
   935.750000       0.00000000    
   936.250000       0.00000000    
   936.750000       0.00000000    
   937.250000       0.00000000    
   937.750000       0.00000000    
   938.250000       0.00000000    
   938.750000       0.00000000    
   939.250000       0.00000000    
   939.750000       0.00000000    
   940.250000       0.00000000    
   940.750000       0.00000000    
   941.250000       0.00000000    
   941.750000       0.00000000    
   942.250000       0.00000000    
   942.750000       0.00000000    
   943.250000       0.00000000    
   943.750000       0.00000000    
   944.250000       0.00000000    
   944.750000       0.00000000    
   945.250000       0.00000000    
   945.750000       0.00000000    
   946.250000       0.00000000    
   946.750000       0.00000000    
   947.250000       0.00000000    
   947.750000       0.00000000    
   948.250000       0.00000000    
   948.750000       0.00000000    
   949.250000       0.00000000    
   949.750000       0.00000000    
   950.250000       0.00000000    
   950.750000       0.00000000    
   951.250000       0.00000000    
   951.750000       0.00000000    
   952.250000       0.00000000    
   952.750000       0.00000000    
   953.250000       0.00000000    
   953.750000       0.00000000    
   954.250000       0.00000000    
   954.750000       0.00000000    
   955.250000       0.00000000    
   955.750000       0.00000000    
   956.250000       0.00000000    
   956.750000       0.00000000    
   957.250000       0.00000000    
   957.750000       0.00000000    
   958.250000       0.00000000    
   958.750000       0.00000000    
   959.250000       0.00000000    
   959.750000       0.00000000    
   960.250000       0.00000000    
   960.750000       0.00000000    
   961.250000       0.00000000    
   961.750000       0.00000000    
   962.250000       0.00000000    
   962.750000       0.00000000    
   963.250000       0.00000000    
   963.750000       0.00000000    
   964.250000       0.00000000    
   964.750000       0.00000000    
   965.250000       0.00000000    
   965.750000       0.00000000    
   966.250000       0.00000000    
   966.750000       0.00000000    
   967.250000       0.00000000    
   967.750000       0.00000000    
   968.250000       0.00000000    
   968.750000       0.00000000    
   969.250000       0.00000000    
   969.750000       0.00000000    
   970.250000       0.00000000    
   970.750000       0.00000000    
   971.250000       0.00000000    
   971.750000       0.00000000    
   972.250000       0.00000000    
   972.750000       0.00000000    
   973.250000       0.00000000    
   973.750000       0.00000000    
   974.250000       0.00000000    
   974.750000       0.00000000    
   975.250000       0.00000000    
   975.750000       0.00000000    
   976.250000       0.00000000    
   976.750000       0.00000000    
   977.250000       0.00000000    
   977.750000       0.00000000    
   978.250000       0.00000000    
   978.750000       0.00000000    
   979.250000       0.00000000    
   979.750000       0.00000000    
   980.250000       0.00000000    
   980.750000       0.00000000    
   981.250000       0.00000000    
   981.750000       0.00000000    
   982.250000       0.00000000    
   982.750000       0.00000000    
   983.250000       0.00000000    
   983.750000       0.00000000    
   984.250000       0.00000000    
   984.750000       0.00000000    
   985.250000       0.00000000    
   985.750000       0.00000000    
   986.250000       0.00000000    
   986.750000       0.00000000    
   987.250000       0.00000000    
   987.750000       0.00000000    
   988.250000       0.00000000    
   988.750000       0.00000000    
   989.250000       0.00000000    
   989.750000       0.00000000    
   990.250000       0.00000000    
   990.750000       0.00000000    
   991.250000       0.00000000    
   991.750000       0.00000000    
   992.250000       0.00000000    
   992.750000       0.00000000    
   993.250000       0.00000000    
   993.750000       0.00000000    
   994.250000       0.00000000    
   994.750000       0.00000000    
   995.250000       0.00000000    
   995.750000       0.00000000    
   996.250000       0.00000000    
   996.750000       0.00000000    
   997.250000       0.00000000    
   997.750000       0.00000000    
   998.250000       0.00000000    
   998.750000       0.00000000    
   999.250000       0.00000000    
   999.750000       0.00000000    
   1000.25000       0.00000000    
