   0.00000000       0.00000000    
  0.500000000       1.29568787E-06
   1.00000000       1.95110658E-07
   1.50000000      -1.27741805E-06
   2.00000000      -5.36964194E-07
   2.50000000       9.47938133E-07
   3.00000000       5.58251827E-07
   3.50000000      -8.61244359E-07
   4.00000000      -7.54037217E-07
   4.50000000       6.25998666E-07
   5.00000000       7.31906084E-07
   5.50000000      -4.33503033E-07
   6.00000000      -6.60507624E-07
   6.50000000       4.42251746E-08
   7.00000000       4.12001725E-07
   7.50000000       4.25668389E-08
   8.00000000      -2.46262175E-07
   8.50000000      -3.27475391E-07
   9.00000000      -2.10602764E-07
   9.50000000       2.18198039E-07
   10.0000000       4.40010922E-07
   10.5000000      -5.19177433E-07
   11.0000000      -1.06434481E-06
   11.5000000       6.77093226E-09
   12.0000000       1.22688084E-06
   12.5000000       1.18961992E-07
   13.0000000      -1.60686841E-06
   13.5000000      -6.72905742E-07
   14.0000000       1.34743402E-06
   14.5000000       6.80520657E-07
   15.0000000      -1.14817453E-06
   15.5000000      -1.02682134E-06
   16.0000000       2.67733498E-07
   16.5000000       6.16975342E-07
   17.0000000       2.18188831E-07
   17.5000000      -5.14053170E-07
   18.0000000      -9.97131337E-07
   18.5000000      -3.90839460E-07
   19.0000000       1.06963057E-06
   19.5000000       5.88034879E-07
   20.0000000      -1.29256046E-06
   20.5000000      -1.39125268E-06
   21.0000000       4.90839739E-07
   21.5000000       1.00212026E-06
   22.0000000      -4.51892959E-08
   22.5000000      -8.98838948E-07
   23.0000000      -1.09837652E-06
   23.5000000      -2.28796921E-07
   24.0000000       1.14894783E-06
   24.5000000       6.22724997E-07
   25.0000000      -1.36436927E-06
   25.5000000      -1.31466811E-06
   26.0000000       1.89759476E-07
   26.5000000       1.12771636E-06
   27.0000000       6.55410986E-07
   27.5000000      -7.33016691E-07
   28.0000000      -1.69563168E-06
   28.5000000      -4.44576813E-07
   29.0000000       1.30938520E-06
   29.5000000       8.22222546E-07
   30.0000000      -6.26936412E-07
   30.5000000      -1.56206011E-06
   31.0000000      -8.19989225E-07
   31.5000000       1.01580486E-06
   32.0000000       1.36336746E-06
   32.5000000      -2.11979739E-07
   33.0000000      -1.11625468E-06
   33.5000000      -1.19355741E-06
   34.0000000       3.12225410E-07
   34.5000000       1.58541684E-06
   35.0000000       7.08700441E-07
   35.5000000      -9.08067818E-07
   36.0000000      -1.40514840E-06
   36.5000000      -3.63403842E-07
   37.0000000       1.28121701E-06
   37.5000000       1.38299038E-06
   38.0000000       5.96546670E-08
   38.5000000      -1.38135215E-06
   39.0000000      -1.27076805E-06
   39.5000000       6.85140606E-07
   40.0000000       2.05099218E-06
   40.5000000       1.18884100E-06
   41.0000000      -7.18422370E-07
   41.5000000      -1.55470696E-06
   42.0000000      -5.48152400E-07
   42.5000000       1.34864297E-06
   43.0000000       2.02555952E-06
   43.5000000       7.24095344E-07
   44.0000000      -1.11663496E-06
   44.5000000      -1.38469102E-06
   45.0000000       2.18768548E-07
   45.5000000       1.96874566E-06
   46.0000000       2.05113588E-06
   46.5000000       2.10755928E-07
   47.0000000      -1.33310243E-06
   47.5000000      -1.23414179E-06
   48.0000000       6.52731615E-07
   48.5000000       2.31218382E-06
   49.0000000       2.08561937E-06
   49.5000000       2.89367108E-07
   50.0000000      -1.29624425E-06
   50.5000000      -1.12723171E-06
   51.0000000       9.69454277E-07
   51.5000000       2.64533469E-06
   52.0000000       2.18313653E-06
   52.5000000       7.17232069E-08
   53.0000000      -1.16280603E-06
   53.5000000      -9.72360567E-07
   54.0000000       1.08292215E-06
   54.5000000       2.84865928E-06
   55.0000000       2.67557789E-06
   55.5000000       6.89506351E-07
   56.0000000      -1.30349008E-06
   56.5000000      -9.13752785E-07
   57.0000000       1.04729497E-06
   57.5000000       3.09055054E-06
   58.0000000       3.18121783E-06
   58.5000000       1.16212664E-06
   59.0000000      -6.87962824E-07
   59.5000000      -9.70471433E-07
   60.0000000       5.71926876E-07
   60.5000000       2.97958650E-06
   61.0000000       3.60173590E-06
   61.5000000       2.13527119E-06
   62.0000000       2.07220836E-07
   62.5000000      -9.81702783E-07
   63.0000000       2.44550279E-07
   63.5000000       2.80814265E-06
   64.0000000       3.88973785E-06
   64.5000000       3.15476495E-06
   65.0000000       1.00757472E-06
   65.5000000      -9.64348828E-07
   66.0000000      -1.50893072E-07
   66.5000000       2.21742721E-06
   67.0000000       3.83972292E-06
   67.5000000       4.08375990E-06
   68.0000000       2.56271414E-06
   68.5000000      -3.51202516E-08
   69.0000000      -7.65401523E-07
   69.5000000       1.18676257E-06
   70.0000000       3.25094652E-06
   70.5000000       4.72127886E-06
   71.0000000       4.33254854E-06
   71.5000000       1.72623390E-06
   72.0000000      -5.55941256E-07
   72.5000000      -5.55072006E-08
   73.0000000       2.22082076E-06
   73.5000000       4.07297739E-06
   74.0000000       5.11125108E-06
   74.5000000       4.10401663E-06
   75.0000000       1.07122901E-06
   75.5000000      -5.58339138E-07
   76.0000000       7.80778919E-07
   76.5000000       3.03773663E-06
   77.0000000       4.94988763E-06
   77.5000000       5.60416674E-06
   78.0000000       3.98914835E-06
   78.5000000       7.89823616E-07
   79.0000000      -5.71523060E-07
   79.5000000       1.34706966E-06
   80.0000000       3.97529539E-06
   80.5000000       5.62227478E-06
   81.0000000       5.91144862E-06
   81.5000000       4.36658911E-06
   82.0000000       1.17428965E-06
   82.5000000      -4.00024362E-07
   83.0000000       1.69409691E-06
   83.5000000       4.60777255E-06
   84.0000000       6.09705285E-06
   84.5000000       6.21475601E-06
   85.0000000       4.72514830E-06
   85.5000000       2.10187841E-06
   86.0000000      -1.05474939E-07
   86.5000000       1.14988484E-06
   87.0000000       4.74718263E-06
   87.5000000       7.11775510E-06
   88.0000000       6.77188427E-06
   88.5000000       5.18643901E-06
   89.0000000       2.99464500E-06
   89.5000000       7.13662985E-07
   90.0000000       5.57841304E-07
   90.5000000       3.83109546E-06
   91.0000000       7.63319076E-06
   91.5000000       8.29478722E-06
   92.0000000       5.89370120E-06
   92.5000000       3.31241017E-06
   93.0000000       1.71228100E-06
   93.5000000       1.33443632E-06
   94.0000000       2.78697667E-06
   94.5000000       6.04800925E-06
   95.0000000       9.09754999E-06
   95.5000000       8.41478595E-06
   96.0000000       4.73514183E-06
   96.5000000       1.65488166E-06
   97.0000000       1.34941547E-06
   97.5000000       2.73943874E-06
   98.0000000       4.81767302E-06
   98.5000000       7.55433803E-06
   99.0000000       9.34813488E-06
   99.5000000       8.08945515E-06
   100.000000       4.01293346E-06
   100.500000       7.35006665E-07
   101.000000       9.86993655E-07
   101.500000       4.25261442E-06
   102.000000       7.49915671E-06
   102.500000       8.72571218E-06
   103.000000       8.88222439E-06
   103.500000       7.26657072E-06
   104.000000       4.08815868E-06
   104.500000       1.10031874E-06
   105.000000       1.03011871E-06
   105.500000       4.80291055E-06
   106.000000       9.19518607E-06
   106.500000       1.07728429E-05
   107.000000       9.01419025E-06
   107.500000       6.02886530E-06
   108.000000       3.89897650E-06
   108.500000       2.29559168E-06
   109.000000       2.10702410E-06
   109.500000       4.56246653E-06
   110.000000       8.89844705E-06
   110.500000       1.19742454E-05
   111.000000       1.07123142E-05
   111.500000       6.35860397E-06
   112.000000       2.44819671E-06
   112.500000       1.69887778E-06
   113.000000       3.54754957E-06
   113.500000       6.13387738E-06
   114.000000       8.75150727E-06
   114.500000       1.06860971E-05
   115.000000       1.12659827E-05
   115.500000       8.98781127E-06
   116.000000       4.30519731E-06
   116.500000       6.17553269E-07
   117.000000       1.48426977E-06
   117.500000       5.92741935E-06
   118.000000       1.04599003E-05
   118.500000       1.21140147E-05
   119.000000       1.08283430E-05
   119.500000       8.38555934E-06
   120.000000       5.78165191E-06
   120.500000       3.32146942E-06
   121.000000       1.97115969E-06
   121.500000       3.04010450E-06
   122.000000       7.40741143E-06
   122.500000       1.23571826E-05
   123.000000       1.41381051E-05
   123.500000       1.12109110E-05
   124.000000       5.98941415E-06
   124.500000       2.08331448E-06
   125.000000       1.92965399E-06
   125.500000       4.21631648E-06
   126.000000       6.95904646E-06
   126.500000       9.54350435E-06
   127.000000       1.19531642E-05
   127.500000       1.30044227E-05
   128.000000       1.13145916E-05
   128.500000       6.60827482E-06
   129.000000       1.61085200E-06
   129.500000       5.29963700E-08
   130.000000       3.43229567E-06
   130.500000       9.29287035E-06
   131.000000       1.36675853E-05
   131.500000       1.40436414E-05
   132.000000       1.14426448E-05
   132.500000       7.98475412E-06
   133.000000       5.03610181E-06
   133.500000       3.16861383E-06
   134.000000       2.43798536E-06
   134.500000       3.63123445E-06
   135.000000       7.56439840E-06
   135.500000       1.28707625E-05
   136.000000       1.61437601E-05
   136.500000       1.45858567E-05
   137.000000       8.96428719E-06
   137.500000       2.85332135E-06
   138.000000       1.99809961E-07
   138.500000       1.97824897E-06
   139.000000       6.27769714E-06
   139.500000       1.04095352E-05
   140.000000       1.26290015E-05
   140.500000       1.34471302E-05
   141.000000       1.31572378E-05
   141.500000       1.10081428E-05
   142.000000       6.78786591E-06
   142.500000       1.94672180E-06
   143.000000      -4.44135992E-07
   143.500000       1.89553816E-06
   144.000000       8.13149836E-06
   144.500000       1.46696530E-05
   145.000000       1.74432989E-05
   145.500000       1.51611566E-05
   146.000000       9.85936913E-06
   146.500000       4.65572793E-06
   147.000000       2.02890101E-06
   147.500000       2.14611873E-06
   148.000000       3.68822066E-06
   148.500000       6.17694377E-06
   149.000000       9.90818626E-06
   149.500000       1.38402556E-05
   150.000000       1.66238679E-05
   150.500000       1.59973697E-05
   151.000000       1.08967042E-05
   151.500000       3.59353589E-06
   152.000000      -1.60996638E-06
   152.500000      -1.80227357E-06
   153.000000       3.37996607E-06
   153.500000       1.03852517E-05
   154.000000       1.57752311E-05
   154.500000       1.70273470E-05
   155.000000       1.47373530E-05
   155.500000       1.08085451E-05
   156.000000       7.07843583E-06
   156.500000       4.01614125E-06
   157.000000       1.57948432E-06
   157.500000       7.79416268E-07
   158.000000       2.39805968E-06
   158.500000       7.39151801E-06
   159.000000       1.39883123E-05
   159.500000       1.89761522E-05
   160.000000       1.94004115E-05
   160.500000       1.40288657E-05
   161.000000       5.98727956E-06
   161.500000      -6.02795808E-07
   162.000000      -2.75949651E-06
   162.500000       1.96246447E-07
   163.000000       5.93071854E-06
   163.500000       1.14536115E-05
   164.000000       1.48781937E-05
   164.500000       1.59318497E-05
   165.000000       1.53658166E-05
   165.500000       1.33268040E-05
   166.000000       9.70603651E-06
   166.500000       4.63530068E-06
   167.000000      -3.62376909E-07
   167.500000      -2.87361809E-06
   168.000000      -8.49556727E-07
   168.500000       5.84308782E-06
   169.000000       1.43416710E-05
   169.500000       2.08170313E-05
   170.000000       2.16570188E-05
   170.500000       1.65547990E-05
   171.000000       8.33516970E-06
   171.500000       1.06649713E-06
   172.000000      -2.54382053E-06
   172.500000      -1.76715048E-06
   173.000000       2.06147479E-06
   173.500000       6.39913014E-06
   174.000000       1.04036017E-05
   174.500000       1.40196671E-05
   175.000000       1.69753694E-05
   175.500000       1.82059612E-05
   176.000000       1.66434747E-05
   176.500000       1.13211072E-05
   177.000000       3.66390395E-06
   177.500000      -3.65948881E-06
   178.000000      -6.72909164E-06
   178.500000      -3.74615274E-06
   179.000000       4.53896382E-06
   179.500000       1.41367836E-05
   180.000000       2.13602580E-05
   180.500000       2.27775927E-05
   181.000000       1.85536828E-05
   181.500000       1.15400344E-05
   182.000000       4.61778200E-06
   182.500000      -1.71146439E-08
   183.000000      -1.86052091E-06
   183.500000      -1.49135531E-06
   184.000000       3.81623863E-07
   184.500000       3.62924084E-06
   185.000000       8.68809093E-06
   185.500000       1.48252166E-05
   186.000000       2.02964038E-05
   186.500000       2.27384844E-05
   187.000000       2.00664927E-05
   187.500000       1.20924351E-05
   188.000000       1.74714592E-06
   188.500000      -6.91392779E-06
   189.000000      -1.02847152E-05
   189.500000      -6.67268341E-06
   190.000000       2.11265206E-06
   190.500000       1.23197478E-05
   191.000000       2.01712337E-05
   191.500000       2.29628386E-05
   192.000000       2.10227172E-05
   192.500000       1.59963984E-05
   193.000000       1.00937241E-05
   193.500000       4.69705083E-06
   194.000000       4.89396257E-07
   194.500000      -2.81656730E-06
   195.000000      -4.88442311E-06
   195.500000      -4.50884863E-06
   196.000000      -4.95304675E-07
   196.500000       7.27399311E-06
   197.000000       1.66284462E-05
   197.500000       2.46256459E-05
   198.000000       2.77002346E-05
   198.500000       2.39805049E-05
   199.000000       1.43385005E-05
   199.500000       2.09623477E-06
   200.000000      -8.20183232E-06
   200.500000      -1.28530119E-05
   201.000000      -1.08733930E-05
   201.500000      -3.29937757E-06
   202.000000       6.17178557E-06
   202.500000       1.48876916E-05
   203.000000       2.03361724E-05
   203.500000       2.23091301E-05
   204.000000       2.10748603E-05
   204.500000       1.82038002E-05
   205.000000       1.37442703E-05
   205.500000       8.07823926E-06
   206.000000       1.29383170E-06
   206.500000      -5.71051578E-06
   207.000000      -1.08551985E-05
   207.500000      -1.19628521E-05
   208.000000      -7.12133078E-06
   208.500000       2.69274960E-06
   209.000000       1.55402267E-05
   209.500000       2.67601299E-05
   210.000000       3.24679713E-05
   210.500000       3.06396541E-05
   211.000000       2.17550023E-05
   211.500000       8.70484564E-06
   212.000000      -3.80120991E-06
   212.500000      -1.20627938E-05
   213.000000      -1.44758897E-05
   213.500000      -1.13421611E-05
   214.000000      -4.57460283E-06
   214.500000       3.15109469E-06
   215.000000       1.04910105E-05
   215.500000       1.65850906E-05
   216.000000       2.11947900E-05
   216.500000       2.43017457E-05
   217.000000       2.54940933E-05
   217.500000       2.33995324E-05
   218.000000       1.71189822E-05
   218.500000       7.11851408E-06
   219.000000      -5.04816535E-06
   219.500000      -1.54856079E-05
   220.000000      -2.10704329E-05
   220.500000      -1.94926761E-05
   221.000000      -1.01509404E-05
   221.500000       4.38739289E-06
   222.000000       2.00141822E-05
   222.500000       3.18908023E-05
   223.000000       3.69941627E-05
   223.500000       3.42963758E-05
   224.000000       2.50956964E-05
   224.500000       1.26725436E-05
   225.000000       7.16707746E-07
   225.500000      -8.55493363E-06
   226.000000      -1.34969096E-05
   226.500000      -1.48457993E-05
   227.000000      -1.31313336E-05
   227.500000      -9.31213981E-06
   228.000000      -3.64617699E-06
   228.500000       4.10672556E-06
   229.000000       1.32434234E-05
   229.500000       2.32465482E-05
   230.000000       3.21866828E-05
   230.500000       3.69503141E-05
   231.000000       3.53835167E-05
   231.500000       2.67970117E-05
   232.000000       1.21791008E-05
   232.500000      -5.09037682E-06
   233.000000      -2.05009837E-05
   233.500000      -3.02031585E-05
   234.000000      -3.08015260E-05
   234.500000      -2.28837707E-05
   235.000000      -8.23642586E-06
   235.500000       8.63396781E-06
   236.000000       2.39402234E-05
   236.500000       3.43287211E-05
   237.000000       3.83371371E-05
   237.500000       3.63962754E-05
   238.000000       3.00908814E-05
   238.500000       2.13399126E-05
   239.000000       1.17481914E-05
   239.500000       2.37877111E-06
   240.000000      -6.53061852E-06
   240.500000      -1.49254720E-05
   241.000000      -2.19617505E-05
   241.500000      -2.57972024E-05
   242.000000      -2.52198661E-05
   242.500000      -1.84669625E-05
   243.000000      -5.66972994E-06
   243.500000       1.15285666E-05
   244.000000       2.97775114E-05
   244.500000       4.49965810E-05
   245.000000       5.31302394E-05
   245.500000       5.18455454E-05
   246.000000       4.08520282E-05
   246.500000       2.26355223E-05
   247.000000       1.22583606E-06
   247.500000      -1.84600158E-05
   248.000000      -3.24684515E-05
   248.500000      -3.84785344E-05
   249.000000      -3.62049432E-05
   249.500000      -2.75029906E-05
   250.000000      -1.46509228E-05
   250.500000      -6.28214366E-07
   251.000000       1.25865208E-05
   251.500000       2.37035201E-05
   252.000000       3.27641101E-05
   252.500000       3.96042706E-05
   253.000000       4.40640142E-05
   253.500000       4.49356230E-05
   254.000000       4.11273868E-05
   254.500000       3.19533174E-05
   255.000000       1.72988966E-05
   255.500000      -1.65932579E-06
   256.000000      -2.21345654E-05
   256.500000      -4.02375881E-05
   257.000000      -5.17979206E-05
   257.500000      -5.38502172E-05
   258.000000      -4.52058339E-05
   258.500000      -2.70503369E-05
   259.000000      -2.56266503E-06
   259.500000       2.32788516E-05
   260.000000       4.60209267E-05
   260.500000       6.15005047E-05
   261.000000       6.72803581E-05
   261.500000       6.36448749E-05
   262.000000       5.19423957E-05
   262.500000       3.53938885E-05
   263.000000       1.68762890E-05
   263.500000      -1.07898813E-06
   264.000000      -1.65872298E-05
   264.500000      -2.91186043E-05
   265.000000      -3.86858374E-05
   265.500000      -4.48418432E-05
   266.000000      -4.75645720E-05
   266.500000      -4.56985654E-05
   267.000000      -3.82688413E-05
   267.500000      -2.47453136E-05
   268.000000      -5.27377597E-06
   268.500000       1.84659093E-05
   269.000000       4.38373936E-05
   269.500000       6.66917404E-05
   270.000000       8.28831035E-05
   270.500000       8.86609268E-05
   271.000000       8.24513991E-05
   271.500000       6.44459797E-05
   272.000000       3.73435687E-05
   272.500000       5.30386751E-06
   273.000000      -2.66264669E-05
   273.500000      -5.34989449E-05
   274.000000      -7.18118827E-05
   274.500000      -7.92871142E-05
   275.000000      -7.60988914E-05
   275.500000      -6.42532832E-05
   276.000000      -4.61147065E-05
   276.500000      -2.47002299E-05
   277.000000      -2.28640147E-06
   277.500000       1.95179346E-05
   278.000000       3.92569782E-05
   278.500000       5.69117401E-05
   279.000000       7.18767478E-05
   279.500000       8.34108723E-05
   280.000000       8.98742292E-05
   280.500000       9.00168234E-05
   281.000000       8.19078705E-05
   281.500000       6.48934802E-05
   282.000000       3.88502522E-05
   282.500000       5.99361920E-06
   283.000000      -3.07119517E-05
   283.500000      -6.65133266E-05
   284.000000      -9.65232102E-05
   284.500000      -1.15963594E-04
   285.000000      -1.22099751E-04
   285.500000      -1.13259426E-04
   286.000000      -9.06210116E-05
   286.500000      -5.71273486E-05
   287.000000      -1.73742646E-05
   287.500000       2.37420190E-05
   288.000000       6.15822719E-05
   288.500000       9.22963955E-05
   289.000000       1.13680420E-04
   289.500000       1.24774320E-04
   290.000000       1.26497267E-04
   290.500000       1.19684082E-04
   291.000000       1.06119791E-04
   291.500000       8.70224176E-05
   292.000000       6.32502924E-05
   292.500000       3.55056909E-05
   293.000000       4.12383633E-06
   293.500000      -3.00378069E-05
   294.000000      -6.55541517E-05
   294.500000      -1.00167323E-04
   295.000000      -1.30606248E-04
   295.500000      -1.53184665E-04
   296.000000      -1.64557889E-04
   296.500000      -1.61553704E-04
   297.000000      -1.43015903E-04
   297.500000      -1.09217006E-04
   298.000000      -6.24588065E-05
   298.500000      -7.04188824E-06
   299.000000       5.17876106E-05
   299.500000       1.07824315E-04
   300.000000       1.55973772E-04
   300.500000       1.91512197E-04
   301.000000       2.11242223E-04
   301.500000       2.15021195E-04
   302.000000       2.02947485E-04
   302.500000       1.77860638E-04
   303.000000       1.42449237E-04
   303.500000       1.00152742E-04
   304.000000       5.42512134E-05
   304.500000       6.78625656E-06
   305.000000      -4.03609192E-05
   305.500000      -8.59514403E-05
   306.000000      -1.29251886E-04
   306.500000      -1.68794228E-04
   307.000000      -2.02866970E-04
   307.500000      -2.30101345E-04
   308.000000      -2.47020624E-04
   308.500000      -2.51757505E-04
   309.000000      -2.41182017E-04
   309.500000      -2.13980209E-04
   310.000000      -1.69709485E-04
   310.500000      -1.09336885E-04
   311.000000      -3.64360749E-05
   311.500000       4.47957864E-05
   312.000000       1.27987674E-04
   312.500000       2.07471414E-04
   313.000000       2.76464678E-04
   313.500000       3.30211740E-04
   314.000000       3.64558247E-04
   314.500000       3.77768651E-04
   315.000000       3.69414018E-04
   315.500000       3.41488718E-04
   316.000000       2.96504208E-04
   316.500000       2.38514534E-04
   317.000000       1.70780142E-04
   317.500000       9.73310089E-05
   318.000000       2.09203499E-05
   318.500000      -5.62139758E-05
   319.000000      -1.32424655E-04
   319.500000      -2.06555604E-04
   320.000000      -2.77166429E-04
   320.500000      -3.42848536E-04
   321.000000      -4.01697936E-04
   321.500000      -4.50918102E-04
   322.000000      -4.87081561E-04
   322.500000      -5.07257297E-04
   323.000000      -5.07730350E-04
   323.500000      -4.85998258E-04
   324.000000      -4.40437027E-04
   324.500000      -3.70828086E-04
   325.000000      -2.78737280E-04
   325.500000      -1.67381368E-04
   326.000000      -4.16245603E-05
   326.500000       9.22682375E-05
   327.000000       2.28176083E-04
   327.500000       3.59280646E-04
   328.000000       4.79426060E-04
   328.500000       5.83583314E-04
   329.000000       6.68130349E-04
   329.500000       7.30750209E-04
   330.000000       7.70622282E-04
   330.500000       7.88486272E-04
   331.000000       7.85102195E-04
   331.500000       7.62462150E-04
   332.000000       7.22349097E-04
   332.500000       6.65665953E-04
   333.000000       5.93702367E-04
   333.500000       5.06532378E-04
   334.000000       4.04278660E-04
   334.500000       2.86676688E-04
   335.000000       1.53928559E-04
   335.500000       6.94218761E-06
   336.000000      -1.53020665E-04
   336.500000      -3.23673536E-04
   337.000000      -5.01210510E-04
   337.500000      -6.81196630E-04
   338.000000      -8.58220155E-04
   338.500000      -1.02668942E-03
   339.000000      -1.18123938E-03
   339.500000      -1.31666008E-03
   340.000000      -1.42889482E-03
   340.500000      -1.51493424E-03
   341.000000      -1.57307950E-03
   341.500000      -1.60329510E-03
   342.000000      -1.60645123E-03
   342.500000      -1.58446771E-03
   343.000000      -1.53954129E-03
   343.500000      -1.47503649E-03
   344.000000      -1.39331887E-03
   344.500000      -1.29648403E-03
   345.000000      -1.18621672E-03
   345.500000      -1.06263615E-03
   346.000000      -9.25438013E-04
   346.500000      -7.72937143E-04
   347.000000      -6.03145396E-04
   347.500000      -4.13781556E-04
   348.000000      -2.02326715E-04
   348.500000       3.33544740E-05
   349.000000       2.94436613E-04
   349.500000       5.81603381E-04
   350.000000       8.93855584E-04
   350.500000       1.22951914E-03
   351.000000       1.58589624E-03
   351.500000       1.95928989E-03
   352.000000       2.34555942E-03
   352.500000       2.74053751E-03
   353.000000       3.14036221E-03
   353.500000       3.54194338E-03
   354.000000       3.94320395E-03
   354.500000       4.34264448E-03
   355.000000       4.74108849E-03
   355.500000       5.13978023E-03
   356.000000       5.54164080E-03
   356.500000       5.94996382E-03
   357.000000       6.36852393E-03
   357.500000       6.80112420E-03
   358.000000       7.25083658E-03
   358.500000       7.71996286E-03
   359.000000       8.20929464E-03
   359.500000       8.71864427E-03
   360.000000       9.24550276E-03
   360.500000       9.78670176E-03
   361.000000       1.03375250E-02
   361.500000       1.08930832E-02
   362.000000       1.14477780E-02
   362.500000       1.19962674E-02
   363.000000       1.25345057E-02
   363.500000       1.30595006E-02
   364.000000       1.35705676E-02
   364.500000       1.40680121E-02
   365.000000       1.45549616E-02
   365.500000       1.50354775E-02
   366.000000       1.55156730E-02
   366.500000       1.60020925E-02
   367.000000       1.65014230E-02
   367.500000       1.70196798E-02
   368.000000       1.75617617E-02
   368.500000       1.81304533E-02
   369.000000       1.87266711E-02
   369.500000       1.93481818E-02
   370.000000       1.99909881E-02
   370.500000       2.06480119E-02
   371.000000       2.13107429E-02
   371.500000       2.19697133E-02
   372.000000       2.26153191E-02
   372.500000       2.32389010E-02
   373.000000       2.38333493E-02
   373.500000       2.43943147E-02
   374.000000       2.49212850E-02
   374.500000       2.54171137E-02
   375.000000       2.58881692E-02
   375.500000       2.63444930E-02
   376.000000       2.67983153E-02
   376.500000       2.72635408E-02
   377.000000       2.77542230E-02
   377.500000       2.82831881E-02
   378.000000       2.88605634E-02
   378.500000       2.94929426E-02
   379.000000       3.01820450E-02
   379.500000       3.09236310E-02
   380.000000       3.17086056E-02
   380.500000       3.25223207E-02
   381.000000       3.33460271E-02
   381.500000       3.41575891E-02
   382.000000       3.49346362E-02
   382.500000       3.56560573E-02
   383.000000       3.63038182E-02
   383.500000       3.68667133E-02
   384.000000       3.73402983E-02
   384.500000       3.77293490E-02
   385.000000       3.80478539E-02
   385.500000       3.83180827E-02
   386.000000       3.85695174E-02
   386.500000       3.88360359E-02
   387.000000       3.91539596E-02
   387.500000       3.95579562E-02
   388.000000       4.00778130E-02
   388.500000       4.07360196E-02
   389.000000       4.15436663E-02
   389.500000       4.24993113E-02
   390.000000       4.35867980E-02
   390.500000       4.47754674E-02
   391.000000       4.60202433E-02
   391.500000       4.72651087E-02
   392.000000       4.84476425E-02
   392.500000       4.95032482E-02
   393.000000       5.03737293E-02
   393.500000       5.10133281E-02
   394.000000       5.13950661E-02
   394.500000       5.15164845E-02
   395.000000       5.14005870E-02
   395.500000       5.10969609E-02
   396.000000       5.06772883E-02
   396.500000       5.02306782E-02
   397.000000       4.98552211E-02
   397.500000       4.96520698E-02
   398.000000       4.97150421E-02
   398.500000       5.01249284E-02
   399.000000       5.09395227E-02
   399.500000       5.21893390E-02
   400.000000       5.38684689E-02
   400.500000       5.59315197E-02
   401.000000       5.82888313E-02
   401.500000       6.08071536E-02
   402.000000       6.33160025E-02
   402.500000       6.56200871E-02
   403.000000       6.75187260E-02
   403.500000       6.88305348E-02
   404.000000       6.94204196E-02
   404.500000       6.92219660E-02
   405.000000       6.82515800E-02
   405.500000       6.66107163E-02
   406.000000       6.44736439E-02
   406.500000       6.20688684E-02
   407.000000       5.96545413E-02
   407.500000       5.74946366E-02
   408.000000       5.58407195E-02
   408.500000       5.49165085E-02
   409.000000       5.49087524E-02
   409.500000       5.59582375E-02
   410.000000       5.81478067E-02
   410.500000       6.14875816E-02
   411.000000       6.58930466E-02
   411.500000       7.11635724E-02
   412.000000       7.69637898E-02
   412.500000       8.28219503E-02
   413.000000       8.81592706E-02
   413.500000       9.23568308E-02
   414.000000       9.48558450E-02
   414.500000       9.52710286E-02
   415.000000       9.34805125E-02
   415.500000       8.96563977E-02
   416.000000       8.42299089E-02
   416.500000       7.78005943E-02
   417.000000       7.10274205E-02
   417.500000       6.45372346E-02
   418.000000       5.88680021E-02
   418.500000       5.44518642E-02
   419.000000       5.16262166E-02
   419.500000       5.06566279E-02
   420.000000       5.17584942E-02
   420.500000       5.51024266E-02
   421.000000       6.07943907E-02
   421.500000       6.88235760E-02
   422.000000       7.89747760E-02
   422.500000       9.07203853E-02
   423.000000      0.103127725    
   423.500000      0.114848740    
   424.000000      0.124264434    
   424.500000      0.129816115    
   425.000000      0.130438671    
   425.500000      0.125911877    
   426.000000      0.116937369    
   426.500000      0.104895137    
   427.000000       9.14223567E-02
   427.500000       7.80198425E-02
   428.000000       6.58279434E-02
   428.500000       5.55813313E-02
   429.000000       4.76873294E-02
   429.500000       4.23500016E-02
   430.000000       3.96896973E-02
   430.500000       3.98352295E-02
   431.000000       4.29768451E-02
   431.500000       4.93747629E-02
   432.000000       5.93124703E-02
   432.500000       7.29689449E-02
   433.000000       9.01975408E-02
   433.500000      0.110216253    
   434.000000      0.131298304    
   434.500000      0.150676548    
   435.000000      0.164939404    
   435.500000      0.171023935    
   436.000000      0.167435393    
   436.500000      0.154931501    
   437.000000      0.136161894    
   437.500000      0.114535674    
   438.000000       9.30845141E-02
   438.500000       7.38619715E-02
   439.000000       5.79076707E-02
   439.500000       4.55206856E-02
   440.000000       3.65938060E-02
   440.500000       3.08838524E-02
   441.000000       2.81910282E-02
   441.500000       2.84648072E-02
   442.000000       3.18606235E-02
   442.500000       3.87570225E-02
   443.000000       4.97251973E-02
   443.500000       6.54171184E-02
   444.000000       8.63087475E-02
   444.500000      0.112236708    
   445.000000      0.141739190    
   445.500000      0.171445519    
   446.000000      0.196107432    
   446.500000      0.209937930    
   447.000000      0.209103599    
   447.500000      0.193797231    
   448.000000      0.168121412    
   448.500000      0.137890860    
   449.000000      0.108195685    
   449.500000       8.21933150E-02
   450.000000       6.11646697E-02
   450.500000       4.51492965E-02
   451.000000       3.35917175E-02
   451.500000       2.57880054E-02
   452.000000       2.11330000E-02
   452.500000       1.92372929E-02
   453.000000       1.99805200E-02
   453.500000       2.35389564E-02
   454.000000       3.04057039E-02
   454.500000       4.13925275E-02
   455.000000       5.75745702E-02
   455.500000       8.00892711E-02
   456.000000      0.109656230    
   456.500000      0.145686343    
   457.000000      0.185073629    
   457.500000      0.221378282    
   458.000000      0.245817915    
   458.500000      0.250930846    
   459.000000      0.234979510    
   459.500000      0.203108594    
   460.000000      0.164046481    
   460.500000      0.125634685    
   461.000000       9.25324708E-02
   461.500000       6.63583651E-02
   462.000000       4.68495674E-02
   462.500000       3.29414718E-02
   463.000000       2.34316215E-02
   463.500000       1.72935873E-02
   464.000000       1.37854666E-02
   464.500000       1.24700610E-02
   465.000000       1.32125095E-02
   465.500000       1.61844809E-02
   466.000000       2.18914486E-02
   466.500000       3.12152337E-02
   467.000000       4.54450659E-02
   467.500000       6.62249327E-02
   468.000000       9.52651277E-02
   468.500000      0.133572906    
   469.000000      0.179963842    
   469.500000      0.229097515    
   470.000000      0.270574480    
   470.500000      0.291789055    
   471.000000      0.284935504    
   471.500000      0.252620339    
   472.000000      0.205894619    
   472.500000      0.156988412    
   473.000000      0.113960601    
   473.500000       7.99362063E-02
   474.000000       5.48108965E-02
   474.500000       3.70787755E-02
   475.000000       2.49622576E-02
   475.500000       1.69126224E-02
   476.000000       1.17554106E-02
   476.500000       8.68104119E-03
   477.000000       7.19249342E-03
   477.500000       7.05730729E-03
   478.000000       8.28520767E-03
   478.500000       1.11370459E-02
   479.000000       1.61691457E-02
   479.500000       2.43114084E-02
   480.000000       3.69637944E-02
   480.500000       5.60618639E-02
   481.000000       8.39771926E-02
   481.500000      0.122970715    
   482.000000      0.173753172    
   482.500000      0.232859418    
   483.000000      0.289855301    
   483.500000      0.328075856    
   484.000000      0.332714468    
   484.500000      0.301772773    
   485.000000      0.247738838    
   485.500000      0.187852934    
   486.000000      0.134411961    
   486.500000       9.23971161E-02
   487.000000       6.18395731E-02
   487.500000       4.06697728E-02
   488.000000       2.64455974E-02
   488.500000       1.70713086E-02
   489.000000       1.09685604E-02
   489.500000       7.02642417E-03
   490.000000       4.49252734E-03
   490.500000       2.86892639E-03
   491.000000       1.83067948E-03
   491.500000       1.16759480E-03
   492.000000       7.44452584E-04
   492.500000       4.74566477E-04
   493.000000       3.02485074E-04
   493.500000       1.92787120E-04
   494.000000       1.22866171E-04
   494.500000       7.83024152E-05
   495.000000       4.99013004E-05
   495.500000       3.18013663E-05
   496.000000       2.02665215E-05
   496.500000       1.29155687E-05
   497.000000       8.23094797E-06
   497.500000       5.24552161E-06
   498.000000       3.34295510E-06
   498.500000       2.13047178E-06
   499.000000       1.35776531E-06
   499.500000       8.65321454E-07
   500.000000       5.51485755E-07
   500.500000       3.51475734E-07
   501.000000       2.24006641E-07
   501.500000       1.42768059E-07
   502.000000       9.09926072E-08
   502.500000       5.79944306E-08
   503.000000       3.69633959E-08
   503.500000       2.35593358E-08
   504.000000       1.50162069E-08
   504.500000       9.57114121E-09
   505.000000       6.10061957E-09
   505.500000       3.88858235E-09
   506.000000       2.47865661E-09
   506.500000       1.57997315E-09
   507.000000       1.00714503E-09
   507.500000       6.42013276E-10
   508.000000       4.09266926E-10
   508.500000       2.60904104E-10
   509.000000       1.66329020E-10
   509.500000       1.06039927E-10
   510.000000       6.76062054E-11
   510.500000       4.31043812E-11
   511.000000       2.74837549E-11
   511.500000       1.75248011E-11
   512.000000       1.11752014E-11
   512.500000       7.12666384E-12
   513.000000       4.54516546E-12
   513.500000       2.89901371E-12
   514.000000       1.84924016E-12
   514.500000       1.17973621E-12
   515.000000       7.52718092E-13
   515.500000       4.80334631E-13
   516.000000       3.06569630E-13
   516.500000       1.95703778E-13
   517.000000       1.24958854E-13
   517.500000       7.98082032E-14
   518.000000       5.09868094E-14
   518.500000       3.25849983E-14
   519.000000       2.08329058E-14
   519.500000       1.33254037E-14
   520.000000       8.52783962E-15
   520.500000       5.46084470E-15
   521.000000       3.49930169E-15
   521.500000       2.24412782E-15
   522.000000       1.44048212E-15
   522.500000       9.25588371E-16
   523.000000       5.95442510E-16
   523.500000       3.83568547E-16
   524.000000       2.47459273E-16
   524.500000       1.59921184E-16
   525.000000       1.03547872E-16
   525.500000       6.71904518E-17
   526.000000       4.37028899E-17
   526.500000       2.85009514E-17
   527.000000       1.86410296E-17
   527.500000       1.22309142E-17
   528.000000       8.05273975E-18
   528.500000       5.32156059E-18
   529.000000       3.53064839E-18
   529.500000       2.35228846E-18
   530.000000       1.57411437E-18
   530.500000       1.05819365E-18
   531.000000       7.14714810E-19
   531.500000       4.85036584E-19
   532.000000       3.30752924E-19
   532.500000       2.26626679E-19
   533.000000       1.56014380E-19
   533.500000       1.07897497E-19
   534.000000       7.49511778E-20
   534.500000       5.22848781E-20
   535.000000       3.66184941E-20
   535.500000       2.57416959E-20
   536.000000       1.81578455E-20
   536.500000       1.28486013E-20
   537.000000       9.11768070E-21
   537.500000       6.48669866E-21
   538.000000       4.62542031E-21
   538.500000       3.30482889E-21
   539.000000       2.36540495E-21
   539.500000       1.69557243E-21
   540.000000       1.21698291E-21
   540.500000       8.74421491E-22
   541.000000       6.28845431E-22
   541.500000       4.52563872E-22
   542.000000       3.25883261E-22
   542.500000       2.34763541E-22
   543.000000       1.69173430E-22
   543.500000       1.21932299E-22
   544.000000       8.78917834E-23
   544.500000       6.33553315E-23
   545.000000       4.56657221E-23
   545.500000       3.29109614E-23
   546.000000       2.37141843E-23
   546.500000       1.70832578E-23
   547.000000       1.23029240E-23
   547.500000       8.85734918E-24
   548.000000       6.37443827E-24
   548.500000       4.58574153E-24
   549.000000       3.29757900E-24
   549.500000       2.37022114E-24
   550.000000       1.70287144E-24
   550.500000       1.22283133E-24
   551.000000       8.77680628E-25
   551.500000       6.29630959E-25
   552.000000       4.51450699E-25
   552.500000       3.23523000E-25
   553.000000       2.31721827E-25
   553.500000       1.65879465E-25
   554.000000       1.18680573E-25
   554.500000       8.48644482E-26
   555.000000       6.06497773E-26
   555.500000       4.33199946E-26
   556.000000       3.09244568E-26
   556.500000       2.20632408E-26
   557.000000       1.57321914E-26
   557.500000       1.12114345E-26
   558.000000       7.98518134E-27
   558.500000       5.68407293E-27
   559.000000       4.04376263E-27
   559.500000       2.87516438E-27
   560.000000       2.04310526E-27
   560.500000       1.45100833E-27
   561.000000       1.02991261E-27
   561.500000       7.30604654E-28
   562.000000       5.17983866E-28
   562.500000       3.67030632E-28
   563.000000       2.59920689E-28
   563.500000       1.83963805E-28
   564.000000       1.30129971E-28
   564.500000       9.19975327E-29
   565.000000       6.50024106E-29
   565.500000       4.59026414E-29
   566.000000       3.23967477E-29
   566.500000       2.28518419E-29
   567.000000       1.61100820E-29
   567.500000       1.13509293E-29
   568.000000       7.99324272E-30
   568.500000       5.62565340E-30
   569.000000       3.95714619E-30
   569.500000       2.78196029E-30
   570.000000       1.95469984E-30
   570.500000       1.37268296E-30
   571.000000       9.63434135E-31
   571.500000       6.75827860E-31
   572.000000       4.73819674E-31
   572.500000       3.32011891E-31
   573.000000       2.32518989E-31
   573.500000       1.62752647E-31
   574.000000       1.13857924E-31
   574.500000       7.96094439E-32
   575.000000       5.56330326E-32
   575.500000       3.88569209E-32
   576.000000       2.71251493E-32
   576.500000       1.89253856E-32
   577.000000       1.31973485E-32
   577.500000       9.19811252E-33
   578.000000       6.40739416E-33
   578.500000       4.46103375E-33
   579.000000       3.10428515E-33
   579.500000       2.15903819E-33
   580.000000       1.50083280E-33
   580.500000       1.04274522E-33
   581.000000       7.24100020E-34
   581.500000       5.02567181E-34
   582.000000       3.48630594E-34
   582.500000       2.41720347E-34
   583.000000       1.67508944E-34
   583.500000       1.16022027E-34
   584.000000       8.03195258E-35
   584.500000       5.55751574E-35
   585.000000       3.84343720E-35
   585.500000       2.65667836E-35
   586.000000       1.83543456E-35
   586.500000       1.26741853E-35
   587.000000       8.74748455E-36
   587.500000       6.03432678E-36
   588.000000       4.16061505E-36
   588.500000       2.86727889E-36
   589.000000       1.97499804E-36
   589.500000       1.35971636E-36
   590.000000       9.35654294E-37
   590.500000       6.43529616E-37
   591.000000       4.42393019E-37
   591.500000       3.03973161E-37
   592.000000       2.08761297E-37
   592.500000       1.43302285E-37
   593.000000       9.83207279E-38
   593.500000       6.74258746E-38
   594.000000       4.62166170E-38
   594.500000       3.16636084E-38
   595.000000       2.16827185E-38
   595.500000       1.48408494E-38
   596.000000       1.01530394E-38
   596.500000       6.94266458E-39
   597.000000       4.74514272E-39
   597.500000       3.24165316E-39
   598.000000       2.21349526E-39
   598.500000       1.51072306E-39
   599.000000       1.03058916E-39
   599.500000       7.02724555E-40
   600.000000       4.78928783E-40
   600.500000       3.26260118E-40
   601.000000       2.22153451E-40
   601.500000       1.51195900E-40
   602.000000       1.02849702E-40
   602.500000       6.99346025E-41
   603.000000       4.75306426E-41
   603.500000       3.22831140E-41
   604.000000       2.19191106E-41
   604.500000       1.48775858E-41
   605.000000       1.00921515E-41
   605.500000       6.84674430E-42
   606.000000       4.63549532E-42
   606.500000       3.13610596E-42
   607.000000       2.12997367E-42
   607.500000       1.43773222E-42
   608.000000       9.68297239E-43
   608.500000       6.53005084E-43
   609.000000       4.41409016E-43
   609.500000       2.94272678E-43
   610.000000       1.94780487E-43
   610.500000       1.31722056E-43
   611.000000       8.26766094E-44
   611.500000       5.60519386E-44
   612.000000       3.50324616E-44
   612.500000       2.10194770E-44
   613.000000       1.26116862E-44
   613.500000       7.00649232E-45
   614.000000       1.40129846E-45
   614.500000       0.00000000    
   615.000000       0.00000000    
   615.500000       0.00000000    
   616.000000       0.00000000    
   616.500000       0.00000000    
   617.000000       0.00000000    
   617.500000       0.00000000    
   618.000000       0.00000000    
   618.500000       0.00000000    
   619.000000       0.00000000    
   619.500000       0.00000000    
   620.000000       0.00000000    
   620.500000       0.00000000    
   621.000000       0.00000000    
   621.500000       0.00000000    
   622.000000       0.00000000    
   622.500000       0.00000000    
   623.000000       0.00000000    
   623.500000       0.00000000    
   624.000000       0.00000000    
   624.500000       0.00000000    
   625.000000       0.00000000    
   625.500000       0.00000000    
   626.000000       0.00000000    
   626.500000       0.00000000    
   627.000000       0.00000000    
   627.500000       0.00000000    
   628.000000       0.00000000    
   628.500000       0.00000000    
   629.000000       0.00000000    
   629.500000       0.00000000    
   630.000000       0.00000000    
   630.500000       0.00000000    
   631.000000       0.00000000    
   631.500000       0.00000000    
   632.000000       0.00000000    
   632.500000       0.00000000    
   633.000000       0.00000000    
   633.500000       0.00000000    
   634.000000       0.00000000    
   634.500000       0.00000000    
   635.000000       0.00000000    
   635.500000       0.00000000    
   636.000000       0.00000000    
   636.500000       0.00000000    
   637.000000       0.00000000    
   637.500000       0.00000000    
   638.000000       0.00000000    
   638.500000       0.00000000    
   639.000000       0.00000000    
   639.500000       0.00000000    
   640.000000       0.00000000    
   640.500000       0.00000000    
   641.000000       0.00000000    
   641.500000       0.00000000    
   642.000000       0.00000000    
   642.500000       0.00000000    
   643.000000       0.00000000    
   643.500000       0.00000000    
   644.000000       0.00000000    
   644.500000       0.00000000    
   645.000000       0.00000000    
   645.500000       0.00000000    
   646.000000       0.00000000    
   646.500000       0.00000000    
   647.000000       0.00000000    
   647.500000       0.00000000    
   648.000000       0.00000000    
   648.500000       0.00000000    
   649.000000       0.00000000    
   649.500000       0.00000000    
   650.000000       0.00000000    
   650.500000       0.00000000    
   651.000000       0.00000000    
   651.500000       0.00000000    
   652.000000       0.00000000    
   652.500000       0.00000000    
   653.000000       0.00000000    
   653.500000       0.00000000    
   654.000000       0.00000000    
   654.500000       0.00000000    
   655.000000       0.00000000    
   655.500000       0.00000000    
   656.000000       0.00000000    
   656.500000       0.00000000    
   657.000000       0.00000000    
   657.500000       0.00000000    
   658.000000       0.00000000    
   658.500000       0.00000000    
   659.000000       0.00000000    
   659.500000       0.00000000    
   660.000000       0.00000000    
   660.500000       0.00000000    
   661.000000       0.00000000    
   661.500000       0.00000000    
   662.000000       0.00000000    
   662.500000       0.00000000    
   663.000000       0.00000000    
   663.500000       0.00000000    
   664.000000       0.00000000    
   664.500000       0.00000000    
   665.000000       0.00000000    
   665.500000       0.00000000    
   666.000000       0.00000000    
   666.500000       0.00000000    
   667.000000       0.00000000    
   667.500000       0.00000000    
   668.000000       0.00000000    
   668.500000       0.00000000    
   669.000000       0.00000000    
   669.500000       0.00000000    
   670.000000       0.00000000    
   670.500000       0.00000000    
   671.000000       0.00000000    
   671.500000       0.00000000    
   672.000000       0.00000000    
   672.500000       0.00000000    
   673.000000       0.00000000    
   673.500000       0.00000000    
   674.000000       0.00000000    
   674.500000       0.00000000    
   675.000000       0.00000000    
   675.500000       0.00000000    
   676.000000       0.00000000    
   676.500000       0.00000000    
   677.000000       0.00000000    
   677.500000       0.00000000    
   678.000000       0.00000000    
   678.500000       0.00000000    
   679.000000       0.00000000    
   679.500000       0.00000000    
   680.000000       0.00000000    
   680.500000       0.00000000    
   681.000000       0.00000000    
   681.500000       0.00000000    
   682.000000       0.00000000    
   682.500000       0.00000000    
   683.000000       0.00000000    
   683.500000       0.00000000    
   684.000000       0.00000000    
   684.500000       0.00000000    
   685.000000       0.00000000    
   685.500000       0.00000000    
   686.000000       0.00000000    
   686.500000       0.00000000    
   687.000000       0.00000000    
   687.500000       0.00000000    
   688.000000       0.00000000    
   688.500000       0.00000000    
   689.000000       0.00000000    
   689.500000       0.00000000    
   690.000000       0.00000000    
   690.500000       0.00000000    
   691.000000       0.00000000    
   691.500000       0.00000000    
   692.000000       0.00000000    
   692.500000       0.00000000    
   693.000000       0.00000000    
   693.500000       0.00000000    
   694.000000       0.00000000    
   694.500000       0.00000000    
   695.000000       0.00000000    
   695.500000       0.00000000    
   696.000000       0.00000000    
   696.500000       0.00000000    
   697.000000       0.00000000    
   697.500000       0.00000000    
   698.000000       0.00000000    
   698.500000       0.00000000    
   699.000000       0.00000000    
   699.500000       0.00000000    
   700.000000       0.00000000    
   700.500000       0.00000000    
   701.000000       0.00000000    
   701.500000       0.00000000    
   702.000000       0.00000000    
   702.500000       0.00000000    
   703.000000       0.00000000    
   703.500000       0.00000000    
   704.000000       0.00000000    
   704.500000       0.00000000    
   705.000000       0.00000000    
   705.500000       0.00000000    
   706.000000       0.00000000    
   706.500000       0.00000000    
   707.000000       0.00000000    
   707.500000       0.00000000    
   708.000000       0.00000000    
   708.500000       0.00000000    
   709.000000       0.00000000    
   709.500000       0.00000000    
   710.000000       0.00000000    
   710.500000       0.00000000    
   711.000000       0.00000000    
   711.500000       0.00000000    
   712.000000       0.00000000    
   712.500000       0.00000000    
   713.000000       0.00000000    
   713.500000       0.00000000    
   714.000000       0.00000000    
   714.500000       0.00000000    
   715.000000       0.00000000    
   715.500000       0.00000000    
   716.000000       0.00000000    
   716.500000       0.00000000    
   717.000000       0.00000000    
   717.500000       0.00000000    
   718.000000       0.00000000    
   718.500000       0.00000000    
   719.000000       0.00000000    
   719.500000       0.00000000    
   720.000000       0.00000000    
   720.500000       0.00000000    
   721.000000       0.00000000    
   721.500000       0.00000000    
   722.000000       0.00000000    
   722.500000       0.00000000    
   723.000000       0.00000000    
   723.500000       0.00000000    
   724.000000       0.00000000    
   724.500000       0.00000000    
   725.000000       0.00000000    
   725.500000       0.00000000    
   726.000000       0.00000000    
   726.500000       0.00000000    
   727.000000       0.00000000    
   727.500000       0.00000000    
   728.000000       0.00000000    
   728.500000       0.00000000    
   729.000000       0.00000000    
   729.500000       0.00000000    
   730.000000       0.00000000    
   730.500000       0.00000000    
   731.000000       0.00000000    
   731.500000       0.00000000    
   732.000000       0.00000000    
   732.500000       0.00000000    
   733.000000       0.00000000    
   733.500000       0.00000000    
   734.000000       0.00000000    
   734.500000       0.00000000    
   735.000000       0.00000000    
   735.500000       0.00000000    
   736.000000       0.00000000    
   736.500000       0.00000000    
   737.000000       0.00000000    
   737.500000       0.00000000    
   738.000000       0.00000000    
   738.500000       0.00000000    
   739.000000       0.00000000    
   739.500000       0.00000000    
   740.000000       0.00000000    
   740.500000       0.00000000    
   741.000000       0.00000000    
   741.500000       0.00000000    
   742.000000       0.00000000    
   742.500000       0.00000000    
   743.000000       0.00000000    
   743.500000       0.00000000    
   744.000000       0.00000000    
   744.500000       0.00000000    
   745.000000       0.00000000    
   745.500000       0.00000000    
   746.000000       0.00000000    
   746.500000       0.00000000    
   747.000000       0.00000000    
   747.500000       0.00000000    
   748.000000       0.00000000    
   748.500000       0.00000000    
   749.000000       0.00000000    
   749.500000       0.00000000    
   750.000000       0.00000000    
   750.500000       0.00000000    
   751.000000       0.00000000    
   751.500000       0.00000000    
   752.000000       0.00000000    
   752.500000       0.00000000    
   753.000000       0.00000000    
   753.500000       0.00000000    
   754.000000       0.00000000    
   754.500000       0.00000000    
   755.000000       0.00000000    
   755.500000       0.00000000    
   756.000000       0.00000000    
   756.500000       0.00000000    
   757.000000       0.00000000    
   757.500000       0.00000000    
   758.000000       0.00000000    
   758.500000       0.00000000    
   759.000000       0.00000000    
   759.500000       0.00000000    
   760.000000       0.00000000    
   760.500000       0.00000000    
   761.000000       0.00000000    
   761.500000       0.00000000    
   762.000000       0.00000000    
   762.500000       0.00000000    
   763.000000       0.00000000    
   763.500000       0.00000000    
   764.000000       0.00000000    
   764.500000       0.00000000    
   765.000000       0.00000000    
   765.500000       0.00000000    
   766.000000       0.00000000    
   766.500000       0.00000000    
   767.000000       0.00000000    
   767.500000       0.00000000    
   768.000000       0.00000000    
   768.500000       0.00000000    
   769.000000       0.00000000    
   769.500000       0.00000000    
   770.000000       0.00000000    
   770.500000       0.00000000    
   771.000000       0.00000000    
   771.500000       0.00000000    
   772.000000       0.00000000    
   772.500000       0.00000000    
   773.000000       0.00000000    
   773.500000       0.00000000    
   774.000000       0.00000000    
   774.500000       0.00000000    
   775.000000       0.00000000    
   775.500000       0.00000000    
   776.000000       0.00000000    
   776.500000       0.00000000    
   777.000000       0.00000000    
   777.500000       0.00000000    
   778.000000       0.00000000    
   778.500000       0.00000000    
   779.000000       0.00000000    
   779.500000       0.00000000    
   780.000000       0.00000000    
   780.500000       0.00000000    
   781.000000       0.00000000    
   781.500000       0.00000000    
   782.000000       0.00000000    
   782.500000       0.00000000    
   783.000000       0.00000000    
   783.500000       0.00000000    
   784.000000       0.00000000    
   784.500000       0.00000000    
   785.000000       0.00000000    
   785.500000       0.00000000    
   786.000000       0.00000000    
   786.500000       0.00000000    
   787.000000       0.00000000    
   787.500000       0.00000000    
   788.000000       0.00000000    
   788.500000       0.00000000    
   789.000000       0.00000000    
   789.500000       0.00000000    
   790.000000       0.00000000    
   790.500000       0.00000000    
   791.000000       0.00000000    
   791.500000       0.00000000    
   792.000000       0.00000000    
   792.500000       0.00000000    
   793.000000       0.00000000    
   793.500000       0.00000000    
   794.000000       0.00000000    
   794.500000       0.00000000    
   795.000000       0.00000000    
   795.500000       0.00000000    
   796.000000       0.00000000    
   796.500000       0.00000000    
   797.000000       0.00000000    
   797.500000       0.00000000    
   798.000000       0.00000000    
   798.500000       0.00000000    
   799.000000       0.00000000    
   799.500000       0.00000000    
   800.000000       0.00000000    
   800.500000       0.00000000    
   801.000000       0.00000000    
   801.500000       0.00000000    
   802.000000       0.00000000    
   802.500000       0.00000000    
   803.000000       0.00000000    
   803.500000       0.00000000    
   804.000000       0.00000000    
   804.500000       0.00000000    
   805.000000       0.00000000    
   805.500000       0.00000000    
   806.000000       0.00000000    
   806.500000       0.00000000    
   807.000000       0.00000000    
   807.500000       0.00000000    
   808.000000       0.00000000    
   808.500000       0.00000000    
   809.000000       0.00000000    
   809.500000       0.00000000    
   810.000000       0.00000000    
   810.500000       0.00000000    
   811.000000       0.00000000    
   811.500000       0.00000000    
   812.000000       0.00000000    
   812.500000       0.00000000    
   813.000000       0.00000000    
   813.500000       0.00000000    
   814.000000       0.00000000    
   814.500000       0.00000000    
   815.000000       0.00000000    
   815.500000       0.00000000    
   816.000000       0.00000000    
   816.500000       0.00000000    
   817.000000       0.00000000    
   817.500000       0.00000000    
   818.000000       0.00000000    
   818.500000       0.00000000    
   819.000000       0.00000000    
   819.500000       0.00000000    
   820.000000       0.00000000    
   820.500000       0.00000000    
   821.000000       0.00000000    
   821.500000       0.00000000    
   822.000000       0.00000000    
   822.500000       0.00000000    
   823.000000       0.00000000    
   823.500000       0.00000000    
   824.000000       0.00000000    
   824.500000       0.00000000    
   825.000000       0.00000000    
   825.500000       0.00000000    
   826.000000       0.00000000    
   826.500000       0.00000000    
   827.000000       0.00000000    
   827.500000       0.00000000    
   828.000000       0.00000000    
   828.500000       0.00000000    
   829.000000       0.00000000    
   829.500000       0.00000000    
   830.000000       0.00000000    
   830.500000       0.00000000    
   831.000000       0.00000000    
   831.500000       0.00000000    
   832.000000       0.00000000    
   832.500000       0.00000000    
   833.000000       0.00000000    
   833.500000       0.00000000    
   834.000000       0.00000000    
   834.500000       0.00000000    
   835.000000       0.00000000    
   835.500000       0.00000000    
   836.000000       0.00000000    
   836.500000       0.00000000    
   837.000000       0.00000000    
   837.500000       0.00000000    
   838.000000       0.00000000    
   838.500000       0.00000000    
   839.000000       0.00000000    
   839.500000       0.00000000    
   840.000000       0.00000000    
   840.500000       0.00000000    
   841.000000       0.00000000    
   841.500000       0.00000000    
   842.000000       0.00000000    
   842.500000       0.00000000    
   843.000000       0.00000000    
   843.500000       0.00000000    
   844.000000       0.00000000    
   844.500000       0.00000000    
   845.000000       0.00000000    
   845.500000       0.00000000    
   846.000000       0.00000000    
   846.500000       0.00000000    
   847.000000       0.00000000    
   847.500000       0.00000000    
   848.000000       0.00000000    
   848.500000       0.00000000    
   849.000000       0.00000000    
   849.500000       0.00000000    
   850.000000       0.00000000    
   850.500000       0.00000000    
   851.000000       0.00000000    
   851.500000       0.00000000    
   852.000000       0.00000000    
   852.500000       0.00000000    
   853.000000       0.00000000    
   853.500000       0.00000000    
   854.000000       0.00000000    
   854.500000       0.00000000    
   855.000000       0.00000000    
   855.500000       0.00000000    
   856.000000       0.00000000    
   856.500000       0.00000000    
   857.000000       0.00000000    
   857.500000       0.00000000    
   858.000000       0.00000000    
   858.500000       0.00000000    
   859.000000       0.00000000    
   859.500000       0.00000000    
   860.000000       0.00000000    
   860.500000       0.00000000    
   861.000000       0.00000000    
   861.500000       0.00000000    
   862.000000       0.00000000    
   862.500000       0.00000000    
   863.000000       0.00000000    
   863.500000       0.00000000    
   864.000000       0.00000000    
   864.500000       0.00000000    
   865.000000       0.00000000    
   865.500000       0.00000000    
   866.000000       0.00000000    
   866.500000       0.00000000    
   867.000000       0.00000000    
   867.500000       0.00000000    
   868.000000       0.00000000    
   868.500000       0.00000000    
   869.000000       0.00000000    
   869.500000       0.00000000    
   870.000000       0.00000000    
   870.500000       0.00000000    
   871.000000       0.00000000    
   871.500000       0.00000000    
   872.000000       0.00000000    
   872.500000       0.00000000    
   873.000000       0.00000000    
   873.500000       0.00000000    
   874.000000       0.00000000    
   874.500000       0.00000000    
   875.000000       0.00000000    
   875.500000       0.00000000    
   876.000000       0.00000000    
   876.500000       0.00000000    
   877.000000       0.00000000    
   877.500000       0.00000000    
   878.000000       0.00000000    
   878.500000       0.00000000    
   879.000000       0.00000000    
   879.500000       0.00000000    
   880.000000       0.00000000    
   880.500000       0.00000000    
   881.000000       0.00000000    
   881.500000       0.00000000    
   882.000000       0.00000000    
   882.500000       0.00000000    
   883.000000       0.00000000    
   883.500000       0.00000000    
   884.000000       0.00000000    
   884.500000       0.00000000    
   885.000000       0.00000000    
   885.500000       0.00000000    
   886.000000       0.00000000    
   886.500000       0.00000000    
   887.000000       0.00000000    
   887.500000       0.00000000    
   888.000000       0.00000000    
   888.500000       0.00000000    
   889.000000       0.00000000    
   889.500000       0.00000000    
   890.000000       0.00000000    
   890.500000       0.00000000    
   891.000000       0.00000000    
   891.500000       0.00000000    
   892.000000       0.00000000    
   892.500000       0.00000000    
   893.000000       0.00000000    
   893.500000       0.00000000    
   894.000000       0.00000000    
   894.500000       0.00000000    
   895.000000       0.00000000    
   895.500000       0.00000000    
   896.000000       0.00000000    
   896.500000       0.00000000    
   897.000000       0.00000000    
   897.500000       0.00000000    
   898.000000       0.00000000    
   898.500000       0.00000000    
   899.000000       0.00000000    
   899.500000       0.00000000    
   900.000000       0.00000000    
   900.500000       0.00000000    
   901.000000       0.00000000    
   901.500000       0.00000000    
   902.000000       0.00000000    
   902.500000       0.00000000    
   903.000000       0.00000000    
   903.500000       0.00000000    
   904.000000       0.00000000    
   904.500000       0.00000000    
   905.000000       0.00000000    
   905.500000       0.00000000    
   906.000000       0.00000000    
   906.500000       0.00000000    
   907.000000       0.00000000    
   907.500000       0.00000000    
   908.000000       0.00000000    
   908.500000       0.00000000    
   909.000000       0.00000000    
   909.500000       0.00000000    
   910.000000       0.00000000    
   910.500000       0.00000000    
   911.000000       0.00000000    
   911.500000       0.00000000    
   912.000000       0.00000000    
   912.500000       0.00000000    
   913.000000       0.00000000    
   913.500000       0.00000000    
   914.000000       0.00000000    
   914.500000       0.00000000    
   915.000000       0.00000000    
   915.500000       0.00000000    
   916.000000       0.00000000    
   916.500000       0.00000000    
   917.000000       0.00000000    
   917.500000       0.00000000    
   918.000000       0.00000000    
   918.500000       0.00000000    
   919.000000       0.00000000    
   919.500000       0.00000000    
   920.000000       0.00000000    
   920.500000       0.00000000    
   921.000000       0.00000000    
   921.500000       0.00000000    
   922.000000       0.00000000    
   922.500000       0.00000000    
   923.000000       0.00000000    
   923.500000       0.00000000    
   924.000000       0.00000000    
   924.500000       0.00000000    
   925.000000       0.00000000    
   925.500000       0.00000000    
   926.000000       0.00000000    
   926.500000       0.00000000    
   927.000000       0.00000000    
   927.500000       0.00000000    
   928.000000       0.00000000    
   928.500000       0.00000000    
   929.000000       0.00000000    
   929.500000       0.00000000    
   930.000000       0.00000000    
   930.500000       0.00000000    
   931.000000       0.00000000    
   931.500000       0.00000000    
   932.000000       0.00000000    
   932.500000       0.00000000    
   933.000000       0.00000000    
   933.500000       0.00000000    
   934.000000       0.00000000    
   934.500000       0.00000000    
   935.000000       0.00000000    
   935.500000       0.00000000    
   936.000000       0.00000000    
   936.500000       0.00000000    
   937.000000       0.00000000    
   937.500000       0.00000000    
   938.000000       0.00000000    
   938.500000       0.00000000    
   939.000000       0.00000000    
   939.500000       0.00000000    
   940.000000       0.00000000    
   940.500000       0.00000000    
   941.000000       0.00000000    
   941.500000       0.00000000    
   942.000000       0.00000000    
   942.500000       0.00000000    
   943.000000       0.00000000    
   943.500000       0.00000000    
   944.000000       0.00000000    
   944.500000       0.00000000    
   945.000000       0.00000000    
   945.500000       0.00000000    
   946.000000       0.00000000    
   946.500000       0.00000000    
   947.000000       0.00000000    
   947.500000       0.00000000    
   948.000000       0.00000000    
   948.500000       0.00000000    
   949.000000       0.00000000    
   949.500000       0.00000000    
   950.000000       0.00000000    
   950.500000       0.00000000    
   951.000000       0.00000000    
   951.500000       0.00000000    
   952.000000       0.00000000    
   952.500000       0.00000000    
   953.000000       0.00000000    
   953.500000       0.00000000    
   954.000000       0.00000000    
   954.500000       0.00000000    
   955.000000       0.00000000    
   955.500000       0.00000000    
   956.000000       0.00000000    
   956.500000       0.00000000    
   957.000000       0.00000000    
   957.500000       0.00000000    
   958.000000       0.00000000    
   958.500000       0.00000000    
   959.000000       0.00000000    
   959.500000       0.00000000    
   960.000000       0.00000000    
   960.500000       0.00000000    
   961.000000       0.00000000    
   961.500000       0.00000000    
   962.000000       0.00000000    
   962.500000       0.00000000    
   963.000000       0.00000000    
   963.500000       0.00000000    
   964.000000       0.00000000    
   964.500000       0.00000000    
   965.000000       0.00000000    
   965.500000       0.00000000    
   966.000000       0.00000000    
   966.500000       0.00000000    
   967.000000       0.00000000    
   967.500000       0.00000000    
   968.000000       0.00000000    
   968.500000       0.00000000    
   969.000000       0.00000000    
   969.500000       0.00000000    
   970.000000       0.00000000    
   970.500000       0.00000000    
   971.000000       0.00000000    
   971.500000       0.00000000    
   972.000000       0.00000000    
   972.500000       0.00000000    
   973.000000       0.00000000    
   973.500000       0.00000000    
   974.000000       0.00000000    
   974.500000       0.00000000    
   975.000000       0.00000000    
   975.500000       0.00000000    
   976.000000       0.00000000    
   976.500000       0.00000000    
   977.000000       0.00000000    
   977.500000       0.00000000    
   978.000000       0.00000000    
   978.500000       0.00000000    
   979.000000       0.00000000    
   979.500000       0.00000000    
   980.000000       0.00000000    
   980.500000       0.00000000    
   981.000000       0.00000000    
   981.500000       0.00000000    
   982.000000       0.00000000    
   982.500000       0.00000000    
   983.000000       0.00000000    
   983.500000       0.00000000    
   984.000000       0.00000000    
   984.500000       0.00000000    
   985.000000       0.00000000    
   985.500000       0.00000000    
   986.000000       0.00000000    
   986.500000       0.00000000    
   987.000000       0.00000000    
   987.500000       0.00000000    
   988.000000       0.00000000    
   988.500000       0.00000000    
   989.000000       0.00000000    
   989.500000       0.00000000    
   990.000000       0.00000000    
   990.500000       0.00000000    
   991.000000       0.00000000    
   991.500000       0.00000000    
   992.000000       0.00000000    
   992.500000       0.00000000    
   993.000000       0.00000000    
   993.500000       0.00000000    
   994.000000       0.00000000    
   994.500000       0.00000000    
   995.000000       0.00000000    
   995.500000       0.00000000    
   996.000000       0.00000000    
   996.500000       0.00000000    
   997.000000       0.00000000    
   997.500000       0.00000000    
   998.000000       0.00000000    
   998.500000       0.00000000    
   999.000000       0.00000000    
   999.500000       0.00000000    
   1000.00000       0.00000000    
