 -0.250000000      -7.40196992E-06
  0.250000000      -7.40196992E-06
  0.750000000      -1.38788128E-05
   1.25000000      -1.74566298E-06
   1.75000000      -1.88213817E-05
   2.25000000       1.56344220E-06
   2.75000000      -2.09225109E-05
   3.25000000       1.10557153E-06
   3.75000000      -1.92683619E-05
   4.25000000      -3.49119068E-06
   4.75000000      -1.38912856E-05
   5.25000000      -1.13071928E-05
   5.75000000      -6.93372613E-06
   6.25000000      -1.95687644E-05
   6.75000000      -1.85171757E-06
   7.25000000      -2.39404289E-05
   7.75000000      -2.78530183E-06
   8.25000000      -2.13456970E-05
   8.75000000      -1.13608066E-05
   9.25000000      -1.23595437E-05
   9.75000000      -2.43887080E-05
   10.2500000      -3.28811007E-06
   10.7500000      -3.28465576E-05
   11.2500000      -3.79699941E-06
   11.7500000      -2.82087367E-05
   12.2500000      -1.94944168E-05
   12.7500000      -1.05552463E-05
   13.2500000      -4.27084560E-05
   13.7500000       5.66429480E-06
   14.2500000      -5.49739161E-05
   14.7500000       2.29878992E-06
   15.2500000      -4.44289471E-05
   15.7500000      -2.10313956E-05
   16.2500000      -2.43928898E-05
   16.7500000      -3.90605055E-05
   17.2500000      -2.39492365E-05
   17.7500000      -3.04572804E-05
   18.2500000      -4.56002454E-05
   18.7500000      -1.67063463E-05
   19.2500000      -4.95427375E-05
   19.7500000      -3.88224980E-05
   20.2500000      -1.58191669E-05
   20.7500000      -7.81138806E-05
   21.2500000      -9.91037382E-07
   21.7500000      -6.47870256E-05
   22.2500000      -4.86183962E-05
   22.7500000      -1.49490252E-05
   23.2500000      -8.01884526E-05
   23.7500000      -2.77100880E-05
   24.2500000      -4.25182807E-05
   24.7500000      -6.52385934E-05
   25.2500000      -4.58697214E-05
   25.7500000      -2.95047703E-05
   26.2500000      -8.17821856E-05
   26.7500000      -4.84242519E-05
   27.2500000      -1.14896584E-05
   27.7500000      -1.16003757E-04
   28.2500000      -2.90132484E-05
   28.7500000      -1.45263139E-05
   29.2500000      -1.25496794E-04
   29.7500000      -3.36502999E-05
   30.2500000      -1.50955639E-05
   30.7500000      -9.41212347E-05
   31.2500000      -9.22336985E-05
   31.7500000      -1.33497260E-05
   32.2500000      -3.75896798E-06
   32.7500000      -1.64755518E-04
   33.2500000      -9.69910034E-05
   33.7500000       1.28134998E-04
   34.2500000       9.38305675E-06
   34.7500000      -6.73372124E-05
   35.2500000       4.65323683E-04
   35.7500000       1.82054762E-03
   36.2500000       4.18682396E-03
   36.7500000       7.21857324E-03
   37.2500000       1.05545633E-02
   37.7500000       1.43452743E-02
   38.2500000       1.83392502E-02
   38.7500000       2.23636422E-02
   39.2500000       2.67307088E-02
   39.7500000       3.11348867E-02
   40.2500000       3.55530120E-02
   40.7500000       4.02777679E-02
   41.2500000       4.48035263E-02
   41.7500000       4.96353246E-02
   42.2500000       5.45974597E-02
   42.7500000       5.87997958E-02
   43.2500000       6.44820035E-02
   43.7500000       6.95983768E-02
   44.2500000       7.23831803E-02
   44.7500000       8.02092329E-02
   45.2500000       8.57196227E-02
   45.7500000       8.41905475E-02
   46.2500000       9.67838615E-02
   46.7500000      0.104739442    
   47.2500000       9.21548307E-02
   47.7500000      0.112412862    
   48.2500000      0.130801693    
   48.7500000       9.54643935E-02
   49.2500000      0.120178804    
   49.7500000      0.168953016    
   50.2500000      0.100332737    
   50.7500000      0.107446790    
   51.2500000      0.215777263    
   51.7500000      0.124632172    
   52.2500000       7.02342838E-02
   52.7500000      0.243180931    
   53.2500000      0.189203784    
   53.7500000       3.53572406E-02
   54.2500000      0.207300261    
   54.7500000      0.287660927    
   55.2500000       4.66787666E-02
   55.7500000      0.122083858    
   56.2500000      0.348047137    
   56.7500000      0.115458943    
   57.2500000      -9.69287567E-03
   57.7500000      -8.14074418E-04
   58.2500000       4.03321406E-04
   58.7500000      -5.01971990E-05
   59.2500000      -1.85852389E-06
   59.7500000       1.64733888E-06
   60.2500000      -2.40069369E-07
   60.7500000      -8.11718331E-11
   61.2500000       6.51479271E-09
   61.7500000      -1.21805299E-09
   62.2500000       1.97479810E-11
   62.7500000       3.32969971E-11
   63.2500000      -4.77895848E-12
   63.7500000      -2.98013648E-13
   64.2500000       9.08647615E-14
   64.7500000       4.51449926E-15
   65.2500000       1.25440582E-15
   65.7500000      -9.33967750E-16
   66.2500000      -8.95314686E-17
   66.7500000       7.13790363E-17
   67.2500000       1.66172313E-19
   67.7500000      -3.69972824E-18
   68.2500000       2.15599405E-19
   68.7500000       1.62523956E-19
   69.2500000      -1.98115508E-20
   69.7500000      -6.26362849E-21
   70.2500000       1.33500256E-21
   70.7500000       1.86894704E-22
   71.2500000      -7.48422949E-23
   71.7500000      -1.97464940E-24
   72.2500000       3.45757301E-24
   72.7500000      -2.41726654E-25
   73.2500000      -1.23413283E-25
   73.7500000       2.29251669E-26
   74.2500000       2.65707497E-27
   74.7500000      -1.23473978E-27
   75.2500000       3.45087465E-29
   75.7500000       4.52555440E-29
   76.2500000      -6.88170278E-30
   76.7500000      -9.05453582E-31
   77.2500000       3.82003126E-31
   77.7500000      -1.56190036E-32
   78.2500000      -1.23404572E-32
   78.7500000       2.27755924E-33
   79.2500000       1.38271426E-34
   79.7500000      -1.03235289E-34
   80.2500000       9.96303926E-36
   80.7500000       2.24326279E-36
   81.2500000      -6.91650878E-37
   81.7500000       2.61126616E-38
   82.2500000       2.01806653E-38
   82.7500000      -4.06926144E-39
   83.2500000      -4.82425022E-41
   83.7500000       1.46652891E-40
   84.2500000      -2.22428105E-41
   84.7500000      -1.25976732E-42
   85.2500000       9.51481657E-43
   85.7500000      -1.14906474E-43
   86.2500000      -1.12103877E-44
   86.7500000       7.00649232E-45
   87.2500000       0.00000000    
   87.7500000       0.00000000    
   88.2500000       0.00000000    
   88.7500000       0.00000000    
   89.2500000       0.00000000    
   89.7500000       0.00000000    
   90.2500000       0.00000000    
   90.7500000       0.00000000    
   91.2500000       0.00000000    
   91.7500000       0.00000000    
   92.2500000       0.00000000    
   92.7500000       0.00000000    
   93.2500000       0.00000000    
   93.7500000       0.00000000    
   94.2500000       0.00000000    
   94.7500000       0.00000000    
   95.2500000       0.00000000    
   95.7500000       0.00000000    
   96.2500000       0.00000000    
   96.7500000       0.00000000    
   97.2500000       0.00000000    
   97.7500000       0.00000000    
   98.2500000       0.00000000    
   98.7500000       0.00000000    
   99.2500000       0.00000000    
   99.7500000       0.00000000    
   100.250000       0.00000000    
