   0.00000000       0.00000000    
  0.500000000       6.03359877E-06
   1.00000000      -9.83675909E-06
   1.50000000       1.72815198E-05
   2.00000000      -1.83325974E-05
   2.50000000       2.67332580E-05
   3.00000000      -2.42101105E-05
   3.50000000       3.28564565E-05
   4.00000000      -2.58099099E-05
   4.50000000       3.40121005E-05
   5.00000000      -2.16617318E-05
   5.50000000       2.94653855E-05
   6.00000000      -1.18553544E-05
   6.50000000       2.00679242E-05
   7.00000000       1.12093858E-06
   7.50000000       1.03903913E-05
   8.00000000       1.17200743E-05
   8.50000000       6.49416279E-06
   9.00000000       1.38824516E-05
   9.50000000       1.30708904E-05
   10.0000000       5.39091434E-06
   10.5000000       2.88174633E-05
   11.0000000      -7.78795948E-06
   11.5000000       4.34458925E-05
   12.0000000      -1.22107522E-05
   12.5000000       4.28527455E-05
   13.0000000       2.88880437E-06
   13.5000000       2.30667647E-05
   14.0000000       3.22868145E-05
   14.5000000      -5.36678272E-07
   15.0000000       5.26258555E-05
   15.5000000      -2.97868064E-06
   16.0000000       4.55130466E-05
   16.5000000       1.98995585E-05
   17.0000000       2.53704529E-05
   17.5000000       3.73562871E-05
   18.0000000       2.86319701E-05
   18.5000000       2.25532385E-05
   19.0000000       5.75092636E-05
   19.5000000       5.13027953E-06
   20.0000000       5.88742405E-05
   20.5000000       3.68901528E-05
   21.0000000       1.24310682E-05
   21.5000000       8.63549212E-05
   22.0000000      -4.33001514E-06
   22.5000000       6.65083135E-05
   23.0000000       5.17441295E-05
   23.5000000       1.49112020E-05
   24.0000000       7.45987272E-05
   24.5000000       4.07727639E-05
   25.0000000       3.34058714E-05
   25.5000000       6.16439138E-05
   26.0000000       6.60692313E-05
   26.5000000       8.45468639E-06
   27.0000000       8.54005339E-05
   27.5000000       7.07265863E-05
   28.0000000      -1.50448795E-05
   28.5000000       1.17788215E-04
   29.0000000       5.96716091E-05
   29.5000000      -1.16921728E-05
   30.0000000       1.08565553E-04
   30.5000000       7.87769677E-05
   31.0000000       1.02857284E-05
   31.5000000       3.55386255E-05
   32.0000000       1.28729371E-04
   32.5000000       8.41339279E-05
   33.0000000      -7.83654832E-05
   33.5000000       9.07791982E-05
   34.0000000       2.64514849E-04
   34.5000000       6.77030621E-05
   35.0000000       9.87308740E-05
   35.5000000       8.08722747E-04
   36.0000000       2.40427791E-03
   36.5000000       5.00113517E-03
   37.0000000       8.10580421E-03
   37.5000000       1.15140844E-02
   38.0000000       1.53832529E-02
   38.5000000       1.93237551E-02
   39.0000000       2.33578049E-02
   39.5000000       2.77362224E-02
   40.0000000       3.20198089E-02
   40.5000000       3.64396237E-02
   41.0000000       4.10744064E-02
   41.5000000       4.54445183E-02
   42.0000000       5.03423922E-02
   42.5000000       5.49592674E-02
   43.0000000       5.90697676E-02
   43.5000000       6.50680512E-02
   44.0000000       6.91393986E-02
   44.5000000       7.21408054E-02
   45.0000000       8.10610950E-02
   45.5000000       8.37385952E-02
   46.0000000       8.30757171E-02
   46.5000000       9.90400985E-02
   47.0000000      0.100192793    
   47.5000000       8.88904929E-02
   48.0000000      0.118497096    
   48.5000000      0.122980699    
   49.0000000       8.65553692E-02
   49.5000000      0.133356288    
   50.0000000      0.159689844    
   50.5000000       7.96309114E-02
   51.0000000      0.127806097    
   51.5000000      0.213178203    
   52.0000000       8.64960253E-02
   52.5000000       8.75447690E-02
   53.0000000      0.262517363    
   53.5000000      0.134410113    
   54.0000000       3.18137929E-02
   54.5000000      0.255598158    
   55.0000000      0.232156605    
   55.5000000       1.29900984E-02
   56.0000000      0.176646754    
   56.5000000      0.322723716    
   57.0000000       5.46855628E-02
   57.5000000      -1.21489652E-02
   58.0000000       7.04174046E-04
   58.5000000       1.97844245E-04
   59.0000000      -5.39855755E-05
   59.5000000       4.28627527E-06
   60.0000000       6.66407345E-07
   60.5000000      -2.28860557E-07
   61.0000000       2.35434783E-08
   61.5000000       1.92075400E-09
   62.0000000      -1.03273468E-09
   62.5000000       1.22065358E-10
   63.0000000       1.10790127E-11
   63.5000000      -4.52809751E-12
   64.0000000       1.98869268E-13
   64.5000000       4.97102359E-14
   65.0000000       1.20786517E-15
   65.5000000       2.96576940E-16
   66.0000000      -8.23729589E-16
   66.5000000       4.67025314E-17
   67.0000000       5.11982481E-17
   67.5000000      -6.48802794E-18
   68.0000000      -2.16279358E-18
   68.5000000       4.47516912E-19
   69.0000000       7.49643675E-20
   69.5000000      -2.54148109E-20
   70.0000000      -1.83304274E-21
   70.5000000       1.29625139E-21
   71.0000000      -1.35611374E-23
   71.5000000      -5.73985166E-23
   72.0000000       5.55330507E-24
   72.5000000       2.01506827E-24
   73.0000000      -4.34449662E-25
   73.5000000      -4.23744031E-26
   74.0000000       2.27546605E-26
   74.5000000      -7.14316920E-28
   75.0000000      -8.53844670E-28
   75.5000000       1.28254223E-28
   76.0000000       1.88487002E-29
   76.5000000      -7.39997655E-30
   77.0000000       1.97253148E-31
   77.5000000       2.60985583E-31
   78.0000000      -4.21411639E-32
   78.5000000      -4.18481719E-33
   79.0000000       2.15931810E-33
   79.5000000      -1.48924929E-34
   80.0000000      -5.80249840E-35
   80.5000000       1.39005335E-35
   81.0000000       2.87998448E-38
   81.5000000      -5.01251949E-37
   82.0000000       7.57632530E-38
   82.5000000       5.82749444E-39
   83.0000000      -3.55550338E-39
   83.5000000       3.66390503E-40
   84.0000000       6.24895037E-41
   84.5000000      -2.26617988E-41
   85.0000000       1.64652570E-42
   85.5000000       4.84849269E-43
   86.0000000      -1.33123354E-43
   86.5000000       7.00649232E-45
   87.0000000       4.20389539E-45
   87.5000000       0.00000000    
   88.0000000       0.00000000    
   88.5000000       0.00000000    
   89.0000000       0.00000000    
   89.5000000       0.00000000    
   90.0000000       0.00000000    
   90.5000000       0.00000000    
   91.0000000       0.00000000    
   91.5000000       0.00000000    
   92.0000000       0.00000000    
   92.5000000       0.00000000    
   93.0000000       0.00000000    
   93.5000000       0.00000000    
   94.0000000       0.00000000    
   94.5000000       0.00000000    
   95.0000000       0.00000000    
   95.5000000       0.00000000    
   96.0000000       0.00000000    
   96.5000000       0.00000000    
   97.0000000       0.00000000    
   97.5000000       0.00000000    
   98.0000000       0.00000000    
   98.5000000       0.00000000    
   99.0000000       0.00000000    
   99.5000000       0.00000000    
   100.000000       0.00000000    
